0.00117923634585
0.0104957213643
0.019785108144
0.0290589326005
0.0384779057494
0.0479220966117
0.0573426259636
0.0668199547512
0.0762912393638
0.085699878806
0.0951558532216
0.104660438982
0.114187729947
0.123728805272
0.133304538929
0.143403060917
0.153368146358
0.163534358116
0.173471013604
0.183855375761
0.194228173158
0.204872341336
0.215484861877
0.226139373352
0.236802316315
0.247622004476
0.258643431364
0.269762520305
0.280767158734
0.292130979745
0.30342914687
0.314544090919
0.325489997171
0.33649173723
0.347609764483
0.359074930425
0.370379470237
0.381836655288
0.393404746518
0.405199935005
0.416840704633
0.428704541795
0.440564863824
0.45249937146
0.464805908949
0.47714717134
0.489622762798
0.502251692015
0.514822031695
0.527667387467
0.540468901788
0.552871794715
0.565811341062
0.578828072382
0.591697361101
0.604846177039
0.618045649382
0.631541312609
0.644959113826
0.658598621335
0.672574085993
0.686435072734
0.700419996406
0.714355841411
0.728517901268
0.743378634062
0.758530655814
0.773540494968
0.78843826908
0.803848878181
0.819408787055
0.83485671033
0.850743542117
0.867049991047
0.883356860491
0.899870191741
0.916285325809
0.933098173668
0.950377782743
0.967750281782
0.985387584038
1.00294952816
1.02062937634
1.03805626576
1.05609323173
1.07487933743
1.09361026568
1.11225222714
1.1306617158
1.14977307033
1.17020349099
1.19151908577
1.21279385137
1.23408225237
1.2562540076
1.27855100581
1.30104895457
1.32343463948
1.34666365289
1.37081570088
1.39555215788
1.42021430673
1.44595763578
1.47246982954
1.49913692478
1.53222248224
1.58937943667
1.65085475416
1.71743531313
1.78556875793
1.8593358491
1.94356410898
2.03045151828
2.11840569867
2.20851963159
2.31534345781
2.44401146525
2.59120432763
2.7584316361
2.94484668859
3.16435215738
3.41944750505
3.71419185435
4.13579506185
49.9999981951
