# HaloID(1) HaloID(2)
           0            0
           1            1
           2            2
           3            0
           4            4
           5            5
           6            7
           7            8
           8            9
           9           11
          10           10
          11           12
          12           89
          13           25
          14           14
          15           13
          16           16
          17          521
          18           19
          19           18
          20           21
          21           20
          22            6
          23           22
          24          958
          25           23
          26           26
          27           28
          28           29
          29           81
          30          142
          31            6
          32           32
          33           33
          34          705
          35           35
          36          124
          37          717
          38           41
          39         1306
          40           40
          41         2650
          42           43
          43           46
          44           45
          45           75
          46           47
          47         1985
          48           50
          49          490
          50           53
          51           52
          52          772
          53          514
          54           57
          55           56
          56           87
          57           59
          58         3362
          59         2634
          60           63
          61           65
          62         2085
          63           67
          64         3535
          65          668
          66          329
          67           70
          68         1009
          69          366
          70         1046
          71           73
          72         4662
          73         6287
          74         1772
          75           78
          76           42
          77           14
          78          139
          79          383
          80         2101
          81           17
          82           86
          83           83
          84         1630
          85           85
          86           60
          87          637
          88         1282
          89           91
          90           90
          91         5636
          92          487
          93           94
          94           92
          95           96
          96          262
          97         1607
          98          630
          99           99
         100          100
         101          105
         102         7101
         103          108
         104         3342
         105         3957
         106         5739
         107          107
         108         1841
         109          179
         110          141
         111          119
         112           68
         113          114
         114         7498
         115          479
         116          117
         117          118
         118          113
         119         1664
         120         2250
         121          125
         122          120
         123         4225
         124         1699
         125          413
         126          322
         127         1533
         128          130
         129           19
         130         3747
         131          133
         132          136
         133            8
         134          135
         135          196
         136          131
         137          481
         138          144
         139          288
         140          138
         141         2159
         142          684
         143          145
         144          392
         145          252
         146          151
         147         6090
         148          200
         149         2552
         150          149
         151           18
         152          359
         153         1101
         154          160
         155         1743
         156         1675
         157          671
         158          900
         159          404
         160           82
         161         1090
         162           74
         163          567
         164          167
         165         2904
         166         3952
         167          481
         168         5903
         169          528
         170          156
         171           50
         172         3904
         173         3177
         174          179
         175         1077
         176          177
         177         3156
         178         6474
         179         2192
         180          138
         181         5691
         182         4379
         183         1480
         184          529
         185          187
         186           89
         187         4486
         188         4567
         189          122
         190          191
         191         2679
         192          190
         193           59
         194           89
         195           88
         196          625
         197         4133
         198          195
         199          153
         200           31
         201           15
         202          426
         203           22
         204          359
         205         2376
         206         1422
         207         3372
         208           89
         209          151
         210         2740
         211          130
         212          103
         213          192
         214          210
         215          400
         216           89
         217          213
         218         2434
         219           51
         220          185
         221          223
         222         3327
         223         3266
         224          643
         225         4512
         226         2489
         227         3254
         228           42
         229          228
         230          203
         231         2088
         232            2
         233         2552
         234          534
         235          511
         236         3009
         237         2738
         238          871
         239         3270
         240          237
         241          245
         242          244
         243          246
         244         3761
         245            3
         246           88
         247           99
         248          102
         249          250
         250          253
         251          257
         252         2522
         253            6
         254          235
         255           42
         256          432
         257         2372
         258         7142
         259         2260
         260          689
         261           66
         262          264
         264          266
         265         3265
         266          259
         267          119
         268         7468
         269            2
         270         3280
         271          285
         272         3959
         273         1936
         274           30
         275         4337
         276         2307
         277           49
         278          439
         279          496
         280         1672
         281          337
         282          286
         283           89
         284         3023
         285          628
         286          291
         287          245
         288         6526
         289          293
         290          298
         291          551
         292          300
         293         7527
         294          112
         295         6227
         296            9
         297          517
         298         7731
         299           23
         300           78
         301         7642
         302          306
         303          207
         304          425
         305         2174
         306         3619
         307         3454
         308           68
         309         7779
         310         6296
         311         3413
         312            6
         313          821
         314           87
         315         6266
         316           39
         317          186
         318         1333
         319         2612
         320         2921
         321         6028
         322          132
         323          330
         324          206
         325          532
         326          115
         327         2149
         328         1596
         329          208
         330          713
         331           44
         332           40
         333          238
         334         6059
         335         1710
         336         2783
         337          339
         338          296
         339           18
         341         5485
         342           66
         343          344
         344          524
         345         1474
         346         1647
         347         4622
         348         1022
         349           19
         350         3593
         351           16
         352          547
         353         7646
         354          296
         355          345
         356         6483
         357          351
         358         5342
         359           31
         360           80
         361           95
         362          407
         363         5179
         364          103
         365          578
         366          356
         367         3601
         368          282
         369          888
         370         6189
         371         2127
         372         2047
         373           56
         374         2536
         375         5823
         376          175
         377          326
         378           35
         379         7236
         380          375
         381         4909
         382          803
         383         1348
         384         1382
         385           51
         386          203
         387         7536
         388          408
         389          314
         390          101
         391         3760
         392          402
         393            6
         395          404
         396          388
         397           11
         398           75
         399          242
         400          134
         401          204
         402           44
         403          414
         404         2163
         405         3487
         406          394
         407          516
         408           36
         409          438
         410         2795
         411         4026
         412          203
         413         2143
         414         7265
         415          498
         416          217
         417           59
         419          421
         420          419
         421         2833
         422           38
         423         5845
         424         4218
         425         2401
         426          142
         427          208
         429          193
         430         3465
         431         1683
         432          891
         433         3001
         434            6
         435         3877
         436          660
         437           86
         438         2149
         439         2216
         440          716
         441         4113
         442         6557
         443           46
         444         7007
         445          893
         446          391
         447           88
         448           15
         449           42
         450          668
         451         5136
         452          595
         453           70
         454         1299
         455         3799
         457          607
         458          555
         459          326
         460         3382
         461          385
         462         2103
         463         1370
         464          456
         465          237
         466         2837
         467          467
         468         6500
         469         3043
         471         1233
         472         1652
         473           68
         474          497
         475         1199
         476          152
         477         1447
         478          144
         479           31
         481          758
         482          486
         483           10
         484          483
         485         7057
         486           82
         487         6026
         488          750
         489         4756
         490           38
         491          476
         492          585
         493           31
         494          141
         495          720
         496           68
         497          514
         498          598
         499          493
         500         1218
         501          139
         502          946
         503           93
         504          407
         505         3484
         506         1316
         507         2149
         508          611
         509          748
         510          230
         512          106
         513          509
         514          358
         515          614
         516          131
         517         1120
         518         1101
         519          491
         520          163
         522         6110
         523         4750
         524         1079
         525           99
         526         5190
         527          958
         528          535
         529          391
         530          384
         531         4879
         532          538
         533            6
         534          358
         535         3276
         536         3159
         537          124
         538          108
         539         4524
         540          481
         541          127
         542          302
         543         1533
         544           75
         545          374
         546         4362
         547            4
         548         2382
         549         1554
         550          220
         551           41
         552          161
         553          564
         554          415
         555          549
         556         3107
         557         2343
         558         3012
         559         7412
         560          264
         561          562
         562         5499
         564          680
         565          554
         567           42
         568          113
         570          753
         571          220
         572         3043
         573          123
         574         3162
         575         3067
         576         1807
         577            1
         578         3689
         579          514
         580          464
         581           42
         582          270
         583          109
         584          585
         585         1852
         586          578
         587         1248
         588         3552
         589           42
         590         4898
         591           56
         592         3077
         593         4115
         594          588
         595          155
         596         2670
         597          477
         598          597
         599          841
         600         2884
         602          586
         603         2904
         604         1341
         605          606
         606          841
         607         2173
         608          570
         609         1992
         610          615
         611         2702
         612           42
         613           38
         614            6
         615          437
         616         3103
         617          618
         618          937
         621           15
         622          592
         623         5661
         625           68
         627          656
         628          500
         629           28
         631           11
         632          929
         633          948
         634          139
         636            3
         638         2781
         640          700
         641          488
         642         6435
         643          949
         644         4529
         645           23
         646         1458
         647         2162
         648         1750
         649          802
         650         4086
         652          652
         653         2167
         654         2746
         655          548
         656         6078
         657           78
         658          197
         659          279
         660          483
         661           87
         662         3827
         663           89
         664          673
         665          680
         666          111
         667         1655
         668         1603
         669          161
         671          343
         672          177
         673          166
         674         2290
         675          139
         676         1092
         677          156
         679         7338
         680         1799
         681         3407
         682          261
         683         1263
         684           26
         685         2622
         686          352
         687          690
         688         5564
         689          168
         690           65
         692           21
         693          628
         694         6137
         695          336
         697         5092
         699          710
         700         3654
         702         2847
         703          740
         705         3295
         706          701
         707          165
         708         4551
         709           38
         710           72
         711          659
         712         2594
         713          713
         714          269
         715         5471
         716         7049
         717          126
         718          190
         719           23
         720         5961
         721          716
         722          725
         724          719
         725         3705
         726          111
         729         5943
         730           36
         731          197
         732           15
         733           82
         734          924
         735         1895
         736          694
         737          752
         738          206
         739         3007
         740         1456
         741          442
         742           68
         743          119
         745           39
         746          578
         747         2698
         748          444
         749          489
         750           64
         751          836
         752          632
         753          150
         754          858
         756         5306
         757         5502
         758         7492
         759            7
         760          771
         761          579
         762         2551
         763          127
         764          473
         765          146
         766           18
         768         6308
         770         1046
         771         4089
         772         6653
         773          976
         774           44
         775           17
         776         1571
         777         5927
         778           15
         780          190
         781          136
         782           13
         783         1253
         784         1691
         785         2072
         786          753
         787         6085
         788         1232
         789          827
         790          835
         791         1298
         792         3486
         793          608
         794          793
         795         1011
         796         1406
         797           88
         798         4102
         799          323
         800           49
         801          802
         803           89
         804          788
         805          528
         806          881
         807         4149
         808          836
         809          286
         810         5579
         811          362
         812         5235
         813          945
         815          818
         816          854
         817         4269
         818          747
         819          239
         820         7341
         822         2036
         823           31
         824          828
         825          831
         826          185
         827           27
         828         1238
         829          823
         831           17
         832          820
         833          102
         834          102
         836          419
         837         5068
         838          918
         839          284
         840           30
         841            6
         842          855
         843          231
         844         1901
         845         1567
         846          142
         848          253
         851         2029
         852           31
         853          240
         855           45
         857         2892
         859         4913
         860          886
         861          237
         862           38
         864          206
         865          885
         866         5661
         868          579
         869         2385
         870          792
         871         5235
         875         1131
         876           38
         877          108
         879           17
         880         4676
         881            1
         882          874
         883           15
         884         1880
         885          242
         889         1402
         890          628
         891          597
         892         2769
         893           42
         894          348
         895          892
         896          891
         897          220
         898           31
         899         4474
         900         5636
         901         2395
         902           54
         903          937
         904          917
         905         1453
         907           77
         908          547
         910         1221
         911          250
         912         2511
         913         1350
         917          314
         918         3669
         919           97
         920          922
         921           32
         922         1981
         923           38
         924          200
         925           31
         926           16
         927          137
         928         6377
         929          427
         931          590
         932          294
         934           39
         935         3217
         936          948
         938          613
         939         5640
         941          265
         942         5199
         944          283
         945         2760
         946         2392
         947         2882
         948          122
         949          671
         950         2670
         951          808
         952          107
         953          370
         954          255
         955          119
         956         5473
         958         3721
         959           68
         960           31
         961          966
         962         2895
         963          923
         964         4585
         965         1341
         966          964
         968         4819
         970         3512
         971           84
         972         1833
         975         1529
         976         1587
         977         2180
         978         3179
         979         2465
         980           31
         982          699
         984          952
         985          370
         986          997
         987           15
         988          942
         989           26
         990          235
         991         1233
         994          224
         995         3510
         997          379
         998         1426
         999          530
        1000         5641
        1001           84
        1002            4
        1003         2935
        1004          696
        1005          337
        1006          732
        1007            8
        1008          500
        1009            5
        1010         3957
        1011           38
        1012          768
        1013         3971
        1014         4532
        1015         7553
        1016         1486
        1017         2441
        1018           20
        1020         7657
        1021         1020
        1022         5417
        1023            9
        1024         1802
        1025          851
        1026         3962
        1027         1285
        1028          642
        1029           28
        1032         2688
        1034           21
        1035          855
        1038         2768
        1039         1003
        1040         2453
        1042           89
        1043           38
        1044          104
        1045         1191
        1048         3903
        1049           65
        1051            0
        1052          244
        1053         4411
        1054          187
        1058         4232
        1060          514
        1061          156
        1062         3391
        1063         4438
        1065          153
        1066          654
        1067           51
        1068          924
        1070          135
        1071         3493
        1072         1075
        1073         1385
        1076          548
        1078           14
        1079          530
        1080         6895
        1082           68
        1083          150
        1085         5698
        1086         7254
        1087          249
        1090         5747
        1091          325
        1092         4305
        1093           12
        1095         2166
        1097         1135
        1098         1465
        1100         4581
        1101         2306
        1102          503
        1103           54
        1104          155
        1106         2488
        1107         1100
        1109           39
        1110          161
        1111          122
        1112           68
        1113          763
        1114          449
        1115         1610
        1116         2538
        1117           14
        1118          461
        1120         1096
        1121           69
        1122          572
        1123         2147
        1125         1107
        1126          227
        1127          220
        1128          501
        1129         1118
        1131         2075
        1132         1667
        1133          225
        1134          768
        1135         3027
        1136          743
        1137          577
        1138           64
        1139          780
        1140         1142
        1141           80
        1142          128
        1143          367
        1144         3626
        1145         3818
        1146         5453
        1148         1379
        1149          108
        1151         1858
        1153           49
        1154          119
        1155            3
        1156          205
        1157         1233
        1158           17
        1159         2282
        1160          242
        1164         5992
        1165          298
        1167         1190
        1168          265
        1169         1806
        1170          150
        1172         2373
        1173         1186
        1174          895
        1175         1175
        1179           94
        1180         1786
        1181          527
        1183          293
        1185          212
        1186         1557
        1187         5360
        1188           46
        1189         1577
        1190         1204
        1191          444
        1192         7083
        1193           64
        1194         1182
        1195           42
        1198          825
        1200          331
        1201         1574
        1202         3159
        1206           39
        1207          950
        1208           91
        1209           66
        1210         4063
        1213          133
        1214          175
        1215         1220
        1216         1064
        1218         2472
        1220         2995
        1221           28
        1222          477
        1224            0
        1227         1214
        1228         1083
        1230         3093
        1231           50
        1232          891
        1233         2749
        1234         6957
        1235           80
        1236          486
        1237           37
        1239         1235
        1240         1420
        1241         1268
        1242          156
        1243           15
        1244         1262
        1245          141
        1249         5097
        1250          468
        1251         1201
        1253          565
        1254         7538
        1255         4694
        1257           42
        1258          261
        1259         1044
        1260           32
        1261          112
        1262           24
        1264         5596
        1265          146
        1266          175
        1267           78
        1268           85
        1271         6128
        1272         4337
        1273         4071
        1274          637
        1275          499
        1276         1084
        1277         4791
        1278          504
        1279         4846
        1281         4045
        1282         2571
        1283         3434
        1284         5356
        1285         1598
        1286         1057
        1287          589
        1289         7092
        1290           42
        1291            3
        1292          174
        1293           84
        1294          136
        1295         1383
        1296         2540
        1297         4442
        1298         1256
        1299         1284
        1301         1066
        1302         1198
        1303         4675
        1304         5928
        1305            5
        1306          266
        1308         1598
        1309         1879
        1311         2737
        1312           50
        1313          187
        1314          535
        1315          590
        1316          237
        1317         3228
        1318         1293
        1322          708
        1323          410
        1324          438
        1326           48
        1327         1382
        1328         4191
        1329          119
        1330          141
        1331            1
        1332         3158
        1333         4637
        1335            0
        1337           43
        1339          476
        1340            0
        1342         1346
        1343         7031
        1344         1015
        1345          274
        1347           79
        1348           31
        1349         1279
        1350         1375
        1351         1882
        1353          109
        1354           12
        1356         5075
        1358            5
        1359           15
        1360         3077
        1362         2171
        1364         7291
        1365          185
        1368           21
        1369          758
        1370         2777
        1372         7720
        1373         4264
        1374          538
        1376          115
        1378         2720
        1379           66
        1380          240
        1382         6622
        1383         3627
        1386          524
        1387         1345
        1390          161
        1391          560
        1392          634
        1393         5633
        1394         1397
        1398         1010
        1399         1076
        1400         4858
        1401         4486
        1402         5358
        1403          304
        1406         1349
        1407          359
        1409         1379
        1410            1
        1411           38
        1412          290
        1414            1
        1419           50
        1420         5477
        1421          743
        1422           12
        1423           37
        1425         4095
        1428          727
        1430         6545
        1431           73
        1432         7638
        1435          177
        1436          106
        1437         1421
        1439          442
        1440         3826
        1442         2612
        1445          910
        1446          966
        1447           39
        1448         1872
        1451         2153
        1453         1473
        1454           77
        1457         7483
        1458         7263
        1460         1898
        1462            8
        1464         1382
        1465           53
        1468           61
        1469          798
        1472          135
        1473           98
        1474          143
        1475            7
        1476         1574
        1477           69
        1478         1526
        1479         3506
        1483         1842
        1484         6335
        1485          783
        1487          826
        1489         3483
        1490         1773
        1491          255
        1492            0
        1493         7704
        1494         5555
        1495         1500
        1496         1053
        1498          127
        1500         5293
        1501         1570
        1502           24
        1503            6
        1504          575
        1505          488
        1506          915
        1507          386
        1510          616
        1511          773
        1512         7267
        1513         2379
        1515          763
        1516           67
        1518          206
        1519         7114
        1523          223
        1524           84
        1525          146
        1527          750
        1530            6
        1532          527
        1533         3675
        1536           39
        1539         5410
        1540         1548
        1541         1730
        1543         3738
        1547           65
        1548          529
        1551            0
        1552          512
        1553           20
        1554          703
        1555         3399
        1556         2461
        1558           37
        1559          386
        1561         1212
        1564         2746
        1565          268
        1566           39
        1567         1532
        1568           10
        1570         2436
        1572         2790
        1574           39
        1575          856
        1576          119
        1577          690
        1578         5418
        1581          553
        1583         1580
        1584          208
        1587         4409
        1589         2651
        1591          429
        1592         2527
        1593         1715
        1595         1175
        1596         1133
        1598          801
        1599           17
        1600         1633
        1601           54
        1605         1621
        1607         5246
        1609          240
        1611          207
        1612          274
        1613         4725
        1614           51
        1615          179
        1616          118
        1618         1408
        1619         1278
        1620           50
        1623          862
        1625          755
        1626          308
        1627          486
        1629         1674
        1630         5926
        1631         1371
        1632         5579
        1633           29
        1634          198
        1635         5160
        1636         3050
        1637         6152
        1638          642
        1639         2745
        1643         3142
        1644          372
        1645          549
        1648          239
        1649         7563
        1651          225
        1655          187
        1656          306
        1662         2789
        1665         3984
        1668          366
        1669           76
        1676         3251
        1679           17
        1680          189
        1681           30
        1684            4
        1686         1659
        1690         2856
        1691         3013
        1692           15
        1693          602
        1697         1333
        1698         1029
        1699         2675
        1700         1964
        1701          830
        1704            5
        1705         1448
        1706         3529
        1708           48
        1710          785
        1712            6
        1713         3024
        1714         1668
        1715          914
        1716         1634
        1719         4048
        1721           24
        1722          698
        1723          221
        1724         4518
        1725         2715
        1726          325
        1730          375
        1732          207
        1733         3111
        1740           17
        1744         1796
        1747          249
        1749          113
        1750         2306
        1751           50
        1752         2964
        1753           37
        1755           55
        1756            3
        1757          315
        1760          686
        1762          221
        1763         1751
        1764          422
        1766          256
        1767         1428
        1768         1764
        1771         6165
        1775            0
        1776         4024
        1778           11
        1779            0
        1782         7590
        1784           43
        1786         1045
        1790          179
        1791           85
        1792         7256
        1793         1718
        1795          816
        1796           43
        1797          602
        1798           10
        1799           56
        1800          138
        1806         6305
        1807         2818
        1808           29
        1811            6
        1816           20
        1817           86
        1818         3042
        1819         4315
        1821         1799
        1822          365
        1824         4211
        1825          927
        1827         4354
        1829         2594
        1834         2552
        1836          136
        1838          878
        1839         4569
        1840         3383
        1841          332
        1842           51
        1843          283
        1845           49
        1847         1926
        1848         6667
        1849           25
        1850         1919
        1852           73
        1853            0
        1854         5533
        1855         1700
        1856          888
        1857           92
        1858           86
        1859           11
        1860         1649
        1861         1901
        1863         5265
        1865         5725
        1866         1446
        1869         7835
        1872         6130
        1876         7164
        1877         3538
        1878         3275
        1884         1873
        1885           25
        1891          111
        1892          185
        1894          384
        1895            7
        1896          749
        1898         2778
        1899         3451
        1901         1022
        1904         1099
        1905         1027
        1906          102
        1908          187
        1909         3974
        1910         1993
        1911         1503
        1912          657
        1913          971
        1915          137
        1916           68
        1917          717
        1918         1744
        1919           13
        1920         6345
        1921          768
        1923          962
        1924          274
        1925          371
        1926         2763
        1928         1917
        1929          786
        1930         6037
        1931         1796
        1933         3125
        1935          726
        1936         2043
        1938         1596
        1939         3415
        1940         1695
        1944         2283
        1945         5397
        1946           89
        1947          113
        1948           64
        1949         2388
        1954         2596
        1956          177
        1958           38
        1961          714
        1962         6111
        1964         6959
        1965          502
        1966         3831
        1968            6
        1970         7665
        1972         3425
        1975           54
        1976          506
        1979           43
        1981          360
        1983         5658
        1985         3783
        1986          437
        1988         5082
        1989          712
        1990           72
        1991         3285
        1992          438
        1995            6
        1996         4721
        1997         1349
        2001          433
        2002          112
        2003          382
        2004          587
        2006         3568
        2008         1699
        2009          150
        2010         1990
        2011         5397
        2012         1021
        2013         1953
        2014         5613
        2015          282
        2016          111
        2017          113
        2019         2856
        2020         5885
        2021            9
        2023           13
        2024          283
        2027         1991
        2028          288
        2030            0
        2031           89
        2032          114
        2034         1662
        2038         3164
        2039          906
        2041          910
        2043         6985
        2044           59
        2045            0
        2046          113
        2048           55
        2049         2605
        2050         4872
        2051          204
        2053         2019
        2055         6318
        2061          536
        2062          601
        2063         2065
        2064          813
        2066           27
        2067           15
        2068         1900
        2070           15
        2072         6941
        2075         1480
        2076           72
        2079          569
        2081         2194
        2082         4225
        2084         1797
        2094         2164
        2097           13
        2098         1073
        2100          366
        2102         4024
        2105         1530
        2106          788
        2108           86
        2111         1470
        2112          133
        2119         2523
        2121          688
        2122          546
        2125          781
        2126          414
        2127         3306
        2129         2206
        2132         2089
        2133           96
        2135          221
        2136          165
        2139         2846
        2140           80
        2142            0
        2143         1374
        2145          640
        2146         7229
        2147         5783
        2148         2170
        2149          832
        2150         3515
        2152         2145
        2157         1445
        2158         5222
        2159         1730
        2160         7364
        2161          206
        2162          169
        2163          134
        2165         1898
        2166          575
        2167         1530
        2168          103
        2169           53
        2172         3193
        2176         2732
        2180         2219
        2181         2232
        2182         2594
        2185          150
        2186           52
        2189         4980
        2191          917
        2195          605
        2196          375
        2200           29
        2202         2488
        2203            0
        2204         4394
        2205          198
        2208         2191
        2209         2771
        2212          243
        2213         1715
        2218         2063
        2219         3992
        2220            0
        2221           11
        2222         2403
        2231          145
        2234         1418
        2235          423
        2240          360
        2241           10
        2253         4600
        2254            0
        2255           54
        2256         1377
        2257          313
        2258           83
        2260         6164
        2262          291
        2263         4361
        2264          425
        2265           51
        2268         2154
        2273         4734
        2276         6094
        2277          665
        2282           49
        2283          974
        2288           26
        2289           10
        2291          366
        2293          297
        2294         1007
        2295          970
        2298         3777
        2299            0
        2300           73
        2301          170
        2304          137
        2306         1485
        2307          685
        2311          773
        2312          139
        2316          121
        2318           49
        2320          937
        2321         2318
        2324          257
        2325         2164
        2326         3253
        2332          468
        2334         2320
        2335          249
        2336         2312
        2339          888
        2340           64
        2344          223
        2347         1039
        2348           99
        2349           37
        2351           17
        2352         2076
        2353          857
        2355         4183
        2357           56
        2358           31
        2360          371
        2361           84
        2363           14
        2367           66
        2370          629
        2372          875
        2374         2785
        2377         2350
        2382         2342
        2383         7169
        2384          348
        2386          244
        2388          351
        2389           11
        2391         3276
        2395         4548
        2396          200
        2398         1867
        2399           59
        2401          291
        2404         2387
        2406         3845
        2407          119
        2409          520
        2410         2233
        2412         2381
        2413          592
        2414         1092
        2415         1567
        2416          176
        2417         2304
        2418          218
        2419         3883
        2422         2598
        2423         2534
        2427          139
        2429         3803
        2432          177
        2437         1318
        2439         2370
        2440          307
        2442         4978
        2444         4103
        2448         5351
        2449         2354
        2450         1222
        2454           15
        2458         1412
        2459         2924
        2460         1086
        2461         2564
        2463           20
        2467         2952
        2468          100
        2469         2842
        2470         1133
        2477         2344
        2478         4137
        2480          398
        2481          284
        2483          400
        2486           29
        2487           55
        2489         2519
        2490          889
        2492          125
        2494            1
        2495            9
        2496          366
        2497           30
        2498          154
        2499         2559
        2500         2585
        2501          169
        2506           39
        2507           31
        2508         5784
        2509          180
        2510         1322
        2512         3939
        2513         1023
        2514         5438
        2516          592
        2517           50
        2519          375
        2521           21
        2522         2350
        2524         1750
        2526            0
        2528           39
        2530         7014
        2533         2487
        2536           17
        2538           76
        2543          937
        2547         2514
        2548            1
        2550         2558
        2552         7057
        2556          166
        2558            4
        2559         2529
        2560         4980
        2563          723
        2565          331
        2566          321
        2567           15
        2572          282
        2574          418
        2578         1609
        2585         2084
        2591         1830
        2598          743
        2599          107
        2601           26
        2602         3839
        2603          927
        2604         1322
        2607         6791
        2612           46
        2613           45
        2616          358
        2619          249
        2622          257
        2623          122
        2624         4103
        2625         1531
        2628         4546
        2629         1739
        2632         1760
        2634           20
        2636           15
        2639         3622
        2642          425
        2643         2609
        2645          627
        2647         2210
        2648         5640
        2650          511
        2651          448
        2652          148
        2654           11
        2656          225
        2657            0
        2659            6
        2662         3808
        2664         6002
        2666          474
        2667           81
        2674           38
        2675         3261
        2677         1075
        2679         3479
        2681         3042
        2682          106
        2684           14
        2686         2720
        2687          461
        2688         1263
        2689          153
        2690            4
        2691          133
        2692           58
        2693         1185
        2695          156
        2696         1456
        2698           80
        2703          183
        2704         2627
        2705         2654
        2706          130
        2708            6
        2713          493
        2714         1171
        2715          119
        2720         3316
        2724            6
        2725           67
        2727           56
        2730          815
        2731          577
        2733         1512
        2735          886
        2737          448
        2739         4534
        2740         3721
        2745         1614
        2749          617
        2752          903
        2753         1442
        2754          169
        2755          103
        2756           98
        2759         2312
        2760          641
        2762           53
        2763         4566
        2767         4003
        2768         3633
        2770         5994
        2771          839
        2772          189
        2773         6172
        2776          958
        2780          473
        2782          319
        2783         2460
        2784         1158
        2785            4
        2786          324
        2787           53
        2788          102
        2789         1073
        2791          742
        2793          338
        2794         2874
        2795          432
        2796         2469
        2799          157
        2800         2768
        2801           25
        2803         1485
        2805         2682
        2809          134
        2813          555
        2814          916
        2815         5901
        2816           15
        2817          532
        2818          403
        2821         3069
        2823         2606
        2825         1470
        2826         1045
        2827           79
        2829          816
        2831         2559
        2833         2822
        2834         4004
        2835          537
        2838         2852
        2839          266
        2840          210
        2843          266
        2844         1533
        2845         1586
        2846          184
        2849          200
        2853            2
        2854          502
        2857          375
        2859          220
        2867          870
        2870           85
        2874          375
        2878          239
        2879         4352
        2884           96
        2885         1805
        2886            0
        2888           91
        2890         1989
        2891          157
        2893          164
        2894          977
        2896         5582
        2898         2648
        2902          128
        2903          967
        2905         6932
        2906            0
        2908           66
        2911         1124
        2913          885
        2914          113
        2915          216
        2916         2896
        2920          818
        2925         2929
        2927         3703
        2928         1671
        2930          299
        2931         1406
        2932         1810
        2934            7
        2938         1966
        2941          143
        2942         2246
        2945         2817
        2947            1
        2950          128
        2953         2861
        2954         2627
        2958          549
        2962         7442
        2965         3042
        2967           36
        2968          993
        2973          264
        2977         7163
        2979           11
        2983         3078
        2984           31
        2986         1672
        2996         3228
        3004            0
        3007            8
        3010         4590
        3013          331
        3014         5463
        3015            0
        3018         1071
        3019           14
        3022          585
        3026         1995
        3029         3057
        3031          185
        3033           51
        3034          235
        3035          195
        3038         3029
        3039          414
        3040          701
        3042          659
        3045         4000
        3046           30
        3048          208
        3050          103
        3052         2783
        3057          732
        3060            0
        3061           66
        3063         3099
        3067           64
        3072         1369
        3073          193
        3074          572
        3075         6220
        3078         3118
        3086         3982
        3088           45
        3089            6
        3090         1931
        3091          688
        3093          104
        3094         3364
        3096            0
        3097          597
        3098            1
        3099          926
        3104          105
        3105           80
        3106         3131
        3107         3199
        3108         3598
        3109          925
        3110          231
        3111          400
        3112           75
        3113            8
        3114         6051
        3115          376
        3118          385
        3119         1719
        3121          314
        3122         1683
        3123         1654
        3124         4180
        3126          730
        3127          757
        3128         1217
        3129         1266
        3130          210
        3136         1350
        3138          369
        3141         1074
        3142         3055
        3143          538
        3151           23
        3153          918
        3156         4120
        3157            4
        3158          192
        3159         2018
        3160           38
        3162          473
        3164         1885
        3165          270
        3168         4450
        3170          307
        3175           76
        3176          699
        3177           86
        3178          594
        3180          178
        3183          143
        3184          105
        3185         2953
        3187          376
        3188         5944
        3189          718
        3192         2265
        3193           23
        3195           53
        3197         6044
        3198           69
        3200         2799
        3201          181
        3204         4977
        3209          699
        3214         5748
        3218          429
        3222         1535
        3223           62
        3224         1805
        3230         2843
        3231         1079
        3233         1991
        3234         1421
        3236            2
        3239         7089
        3240         1598
        3241           87
        3243          908
        3246         3188
        3248           75
        3250          195
        3251         1025
        3252           72
        3254         1235
        3255         2884
        3256          144
        3260          186
        3268         6193
        3270          524
        3271         7272
        3272         1049
        3273          132
        3275          721
        3276          353
        3278         1367
        3279          352
        3280         4159
        3282            5
        3283          646
        3285         2922
        3286          541
        3289          996
        3290          295
        3293         2124
        3299         1021
        3300          395
        3303          151
        3304          356
        3306          549
        3308          916
        3309          120
        3312         4404
        3313           34
        3314          816
        3316         5598
        3317          242
        3318          182
        3323          133
        3327         1739
        3330          437
        3331         3667
        3333          974
        3334          259
        3335            0
        3338         3803
        3339          577
        3341         4713
        3348         1872
        3349            6
        3351           42
        3354          518
        3358          537
        3362            9
        3363           30
        3365          125
        3368           94
        3370          505
        3373         3490
        3376         1494
        3377            0
        3381          257
        3383           21
        3385         1763
        3389          374
        3393         3111
        3395         1931
        3397          148
        3400          389
        3401          290
        3402          153
        3403         2802
        3406         1270
        3409           79
        3410          147
        3413           54
        3414         3181
        3416          317
        3417          256
        3418          247
        3424          423
        3425         3478
        3426          551
        3427         2489
        3428          182
        3429         1061
        3431          553
        3436          157
        3437          130
        3438         6166
        3439            0
        3440          324
        3442          868
        3446         4211
        3454           33
        3458          243
        3464          577
        3465         1765
        3468          859
        3469         3549
        3470         1057
        3473          677
        3474          188
        3476          412
        3483         3756
        3484         1768
        3485          175
        3486          199
        3488         1331
        3490         1318
        3491         3480
        3492         6258
        3493         2952
        3501           53
        3506          798
        3510         3569
        3511         1299
        3513         1458
        3515          570
        3517         6577
        3519           21
        3521         1244
        3522          307
        3523           20
        3524         3764
        3525         3467
        3526          634
        3527          443
        3532         4944
        3536           12
        3538          262
        3539          208
        3542         5110
        3543          317
        3548          548
        3555          216
        3557           40
        3559            6
        3561         4120
        3562           20
        3568            5
        3570         3697
        3573         1723
        3576         4432
        3580          125
        3582         1738
        3583           80
        3584          376
        3586           27
        3592          239
        3593            7
        3594         4067
        3596            3
        3597           49
        3601         1303
        3604         4256
        3608         7275
        3611         3563
        3614         1598
        3621         4431
        3623            1
        3629         2361
        3630         3818
        3635         3465
        3640          861
        3642           43
        3644         1934
        3647          703
        3650            8
        3652         1087
        3653         4492
        3654          248
        3656            1
        3657            1
        3662          305
        3664           50
        3665         2206
        3667         1647
        3671          301
        3672          188
        3676          145
        3677          113
        3678         7007
        3680          183
        3684          933
        3688         5371
        3692          138
        3694            8
        3695          209
        3697         1079
        3698          132
        3699           23
        3704          596
        3705          547
        3706           15
        3707           30
        3708         2019
        3709         1299
        3714         3612
        3718         5019
        3723           76
        3724         6263
        3727           63
        3729          148
        3731          146
        3733         1126
        3735          237
        3738           61
        3740         1310
        3744           12
        3747         6659
        3748         2577
        3752            0
        3753         3660
        3754         1355
        3756          398
        3757         1652
        3760          143
        3761          291
        3762          429
        3766          962
        3767           55
        3768          502
        3769         6172
        3770           98
        3775         3403
        3777          280
        3779         1367
        3782         2363
        3785         1022
        3789         1540
        3791         1537
        3793           52
        3794          457
        3796         1639
        3797           98
        3800          816
        3802          977
        3803         1090
        3804          933
        3809            9
        3810          237
        3811         3766
        3812           11
        3817          582
        3819          210
        3823           93
        3827            5
        3830          528
        3832          637
        3835           11
        3837         3277
        3838          400
        3844         4442
        3846         1980
        3847         2665
        3852            3
        3853          249
        3865         1645
        3872         2417
        3877         3977
        3880           39
        3881         3385
        3882         7338
        3886         2319
        3888           88
        3890         6332
        3897          902
        3899         1134
        3903         1696
        3905            2
        3917            1
        3929           20
        3930         4042
        3932           92
        3933         1011
        3936          643
        3943           24
        3946            1
        3955         2949
        3958            8
        3960         3635
        3961         5098
        3964          310
        3970         4319
        3972           94
        3979          181
        3980          575
        3983          182
        3984          339
        3986         4230
        3987         3983
        3988         2670
        3992         2537
        3993         1906
        3996          136
        3997           63
        3999          505
        4001          117
        4002         1965
        4003          300
        4007          193
        4009         1502
        4010           10
        4011         2982
        4012         1206
        4014         1562
        4016          200
        4023          933
        4028           20
        4032          120
        4033          585
        4034          106
        4040          308
        4041         2052
        4042         3012
        4049         6015
        4051         6652
        4052         4164
        4055           10
        4061           33
        4062           49
        4065          127
        4066           83
        4067         1004
        4068         2512
        4069         2873
        4070         1411
        4072           79
        4074         1663
        4077          395
        4078         4964
        4081          122
        4084           65
        4086          888
        4087         2749
        4090           12
        4092          277
        4096          166
        4099          236
        4103          599
        4105         3211
        4110          724
        4113           21
        4118            0
        4120          395
        4122           38
        4127         1322
        4132         5872
        4135          119
        4136         1278
        4141           14
        4147         3699
        4148         5610
        4150           45
        4156         1355
        4159            1
        4160         7640
        4161         2565
        4162          240
        4164           72
        4167         4350
        4168         1023
        4169           48
        4170          142
        4172           12
        4173          570
        4176          687
        4178          132
        4179         1671
        4183         4510
        4184         1235
        4188          243
        4189          451
        4191          418
        4194          535
        4201          275
        4203          131
        4204         1920
        4206         1510
        4209         1012
        4217            8
        4220          601
        4225          273
        4226           65
        4229          599
        4230           32
        4231           86
        4233           23
        4235         4821
        4238         3511
        4240         1790
        4244           74
        4247         5641
        4253           79
        4257         2156
        4261         3907
        4262          132
        4263           97
        4264         4262
        4265         3501
        4266         1235
        4270         4241
        4271          105
        4282         7396
        4283          548
        4285           20
        4287            0
        4288          312
        4290          271
        4292         4272
        4294           84
        4299            4
        4304           72
        4309         4205
        4310         1898
        4318          141
        4321         1197
        4324         1007
        4325          591
        4327           35
        4328         1137
        4331            3
        4333          997
        4336          105
        4337          182
        4338         6699
        4339         1822
        4342          132
        4344          925
        4357            4
        4360         2129
        4361         4186
        4362         3312
        4363          399
        4368         4124
        4369          783
        4370         3635
        4372          524
        4378          987
        4381         1072
        4382          470
        4384          252
        4385         1392
        4386         4392
        4389         7199
        4394          902
        4397         4058
        4398           21
        4402          137
        4408           40
        4409           26
        4410           53
        4412            8
        4416          680
        4417         2032
        4421         2380
        4422            6
        4423            0
        4428          828
        4431         5484
        4434         6858
        4436         1349
        4437          152
        4438         4376
        4439         3481
        4440          748
        4444          246
        4446         2839
        4447            0
        4450          840
        4454         1586
        4456         1828
        4469         6902
        4470         5661
        4471         1620
        4474            3
        4477          404
        4478          381
        4480            0
        4481         4506
        4485         3133
        4486         2302
        4490          709
        4495         4182
        4496           10
        4497          308
        4499          478
        4501            0
        4508          262
        4509         1189
        4511          995
        4517          334
        4518            0
        4521          694
        4524           29
        4527           84
        4529         3467
        4530         2516
        4532            4
        4535          250
        4546          142
        4547           56
        4552           10
        4556          266
        4559            0
        4562         6263
        4565           20
        4570         1045
        4572          309
        4574         1233
        4575          881
        4576         3112
        4588         5873
        4589            4
        4591         1466
        4595          469
        4597           34
        4599         1022
        4603          686
        4605         3704
        4608         2577
        4616         2872
        4617         1206
        4624          692
        4626         5947
        4633           53
        4638          816
        4639           37
        4643         1049
        4649          240
        4650            0
        4652          468
        4653         3027
        4656         4720
        4660         4532
        4663          354
        4664         1004
        4665           84
        4671         2310
        4672            0
        4678          902
        4679          128
        4680           49
        4685         3111
        4690         6221
        4693         1362
        4695           65
        4700          468
        4705          254
        4706          137
        4708          292
        4712         2586
        4713         1308
        4715         1012
        4721           52
        4723          245
        4726          138
        4732         4619
        4735           16
        4737         3015
        4743         1183
        4744         2522
        4746          120
        4747           71
        4755         1822
        4757          248
        4759         2096
        4763           98
        4764            4
        4769            4
        4774            0
        4776          139
        4779          268
        4791            0
        4793         2009
        4795           56
        4796           88
        4798            0
        4799         2141
        4800         3979
        4804          177
        4805           94
        4806            8
        4809          985
        4810           43
        4811          166
        4815         1184
        4821         1224
        4826          196
        4837         2046
        4840           14
        4844            0
        4846          357
        4851           54
        4852          895
        4853          169
        4862          673
        4865           54
        4868          294
        4875          226
        4885         2766
        4886         7014
        4888         1654
        4891           43
        4894         1026
        4895         5681
        4897          109
        4902          369
        4906           46
        4910           88
        4914            3
        4916            0
        4917         4267
        4918           36
        4920         2995
        4922          758
        4924          188
        4925          300
        4926         4249
        4932            4
        4933           36
        4934         1389
        4935          151
        4941          659
        4943           47
        4945           98
        4946         4385
        4947         1590
        4948           40
        4951          143
        4953            8
        4954         3926
        4956            0
        4963           11
        4965         6424
        4966         4958
        4968         2969
        4969          613
        4970          313
        4977         2689
        4981           70
        4983         2662
        4987         1750
        4988         4914
        4992          293
        4994           29
        4996         1945
        5009         1293
        5010            0
        5012          141
        5013           79
        5018         1700
        5019           97
        5023           21
        5029         6681
        5030            1
        5033         2633
        5035          388
        5038          144
        5041          291
        5042         1967
        5043            0
        5044           15
        5046           32
        5047          978
        5051          530
        5056         2299
        5057          831
        5065            0
        5066          949
        5067            0
        5076          213
        5077         3797
        5079         4498
        5080           52
        5083           54
        5084         2084
        5085          275
        5097         1655
        5101         1123
        5104          116
        5107         1709
        5111          582
        5113         2714
        5123           46
        5128          560
        5131           86
        5133          448
        5134         4704
        5135          121
        5138         3991
        5144         3260
        5146         1364
        5147            0
        5150         1614
        5151          862
        5152         1078
        5156         1485
        5158          339
        5159         3879
        5164           21
        5189         2633
        5192           87
        5196         3480
        5199           56
        5207           93
        5208         3969
        5209          564
        5211         3486
        5212         5274
        5216            4
        5217          145
        5226          364
        5229         1062
        5232           30
        5233         5032
        5236          148
        5237          949
        5238            0
        5242          147
        5248            4
        5249          745
        5251           71
        5253          374
        5254         1352
        5256         2339
        5270         5243
        5275          256
        5278          288
        5288         4061
        5291           56
        5295         3112
        5296           48
        5297          429
        5299          218
        5303           47
        5304         7691
        5307           44
        5311          106
        5312          928
        5314          130
        5315           99
        5321         1213
        5324         1853
        5326           87
        5327         5604
        5328         5144
        5333           18
        5335          125
        5340            0
        5343            3
        5345           45
        5346          159
        5347          969
        5353         4750
        5354            0
        5355         2930
        5359         1945
        5360         2837
        5361          138
        5365          309
        5366          537
        5370           50
        5371         2338
        5374          254
        5375         3960
        5380          186
        5387         5397
        5390           76
        5394          199
        5397         1702
        5398         1071
        5406          738
        5408         5364
        5410          229
        5415          165
        5416          902
        5420          181
        5422          375
        5423           29
        5425           18
        5439         5628
        5443           60
        5444         1330
        5445            4
        5452         2712
        5454         6022
        5455         5893
        5466          288
        5469          993
        5470          459
        5471         2156
        5472           46
        5482          788
        5488           20
        5490         5961
        5491           63
        5492          102
        5493            1
        5498           12
        5501         3767
        5509          107
        5512         2108
        5513         2070
        5517            0
        5518          395
        5521            0
        5522          185
        5527         3045
        5528         2386
        5530          179
        5531           59
        5538         3012
        5552         1253
        5562          522
        5569          375
        5572           49
        5575          782
        5579            8
        5583         3433
        5584          522
        5589          179
        5592          371
        5594         3851
        5600           95
        5601          522
        5602          382
        5605          134
        5612         1098
        5617         1278
        5618         4978
        5630           43
        5632         1487
        5633         3482
        5635         1405
        5637         7437
        5639         1852
        5649           48
        5657         1966
        5660            0
        5661          249
        5667          244
        5682          232
        5686          493
        5687         1907
        5689         1593
        5690         2120
        5696         4411
        5697          218
        5700           21
        5701          277
        5705          618
        5707          907
        5710          903
        5711         3440
        5712          116
        5715          169
        5718         7269
        5723          728
        5724          957
        5729          562
        5731          530
        5733         5663
        5736          182
        5739         2653
        5742           13
        5744          619
        5748         1607
        5750         2872
        5753          199
        5755          634
        5757         2902
        5759           50
        5770         1367
        5772         5605
        5781            6
        5790            8
        5791         1904
        5796          141
        5800         5682
        5801         2027
        5805          414
        5810         5225
        5816            0
        5829          814
        5831           18
        5836           14
        5837         2432
        5842          688
        5844          189
        5846         5771
        5847          263
        5850         2784
        5855          348
        5856          710
        5862           43
        5864            3
        5865          462
        5870         1340
        5874           63
        5877          224
        5878          619
        5885         7256
        5890            3
        5893          105
        5894            0
        5896         1078
        5898         1499
        5900           91
        5901          195
        5911            3
        5917         3237
        5920          467
        5922         2197
        5925          154
        5932          178
        5935          119
        5941          576
        5942            0
        5944          573
        5945         4969
        5946         5075
        5951         4468
        5958          552
        5959          780
        5964         5605
        5969         1587
        5974          364
        5975          963
        5989         3805
        5994          258
        5997          282
        6003            1
        6009           30
        6018          195
        6019          663
        6023           78
        6026         1092
        6027           18
        6031         4251
        6032           12
        6035         7180
        6036           71
        6040          541
        6048          935
        6051         4456
        6058         4247
        6060         3438
        6061           56
        6064          142
        6070           37
        6071          105
        6072           95
        6077            4
        6079           72
        6080         1103
        6084         5073
        6087         3843
        6093         1260
        6094          264
        6095          321
        6097         5274
        6100         1443
        6105         1171
        6106          425
        6109         1510
        6111          104
        6117            4
        6118           87
        6123          400
        6124          266
        6129           27
        6136           15
        6139         3985
        6147         1244
        6148         4648
        6150         2141
        6154         5923
        6155          264
        6156         1102
        6157          582
        6159          320
        6163         2023
        6170          118
        6175         1201
        6182          492
        6183           35
        6186          123
        6191            0
        6196          105
        6199            0
        6205           97
        6214           72
        6216          422
        6220         6158
        6232           43
        6235           63
        6243          365
        6252            0
        6253          138
        6258          133
        6264         2735
        6272         1340
        6279          916
        6282         1097
        6289         1766
        6290         1651
        6295         5037
        6296          147
        6300          308
        6301          709
        6303          228
        6305          482
        6315          707
        6319         2281
        6322         1544
        6323         5355
        6326         1150
        6328          249
        6330          552
        6333          144
        6335         1995
        6345          280
        6348         2332
        6349          699
        6352          113
        6356         1948
        6357          208
        6361           34
        6364          437
        6369          162
        6381          657
        6398           63
        6411            0
        6415          116
        6420          392
        6429         6733
        6432           33
        6437         1165
        6438          763
        6446         1389
        6450            0
        6453          266
        6462           32
        6475         1109
        6478          831
        6481          604
        6485          100
        6488          209
        6490          611
        6491           44
        6496         7695
        6506          304
        6509         2969
        6513           83
        6515          113
        6519            0
        6524           61
        6528          116
        6530          217
        6534         1533
        6535            1
        6536           10
        6537          157
        6538          245
        6539          263
        6540          144
        6542         2502
        6547         4903
        6550          300
        6552         7440
        6553          122
        6557           37
        6558          786
        6559          134
        6561            0
        6565           87
        6566            4
        6568         3159
        6569          932
        6573           21
        6574            0
        6590            8
        6592         4241
        6594           61
        6595         1369
        6601           27
        6607          469
        6608         1385
        6618          705
        6620          470
        6622            6
        6625          204
        6628           12
        6631          659
        6634           71
        6638         3686
        6639          524
        6642         2045
        6649         2125
        6655          422
        6663         3991
        6665          177
        6667          189
        6670            0
        6684          121
        6686            4
        6703          292
        6707         6912
        6708           72
        6712          188
        6713          240
        6720         1987
        6722           95
        6723         1023
        6727          932
        6730         6740
        6735          121
        6736           97
        6737           33
        6739           52
        6747          217
        6748          250
        6751           54
        6760         4617
        6763          928
        6769          723
        6770            0
        6777            0
        6784           63
        6787         3539
        6793           65
        6795          304
        6796         3000
        6797           12
        6801         1214
        6806         5158
        6808          210
        6818         4104
        6820           22
        6830         2197
        6838         6208
        6843           36
        6847            1
        6852          912
        6853         5992
        6854          334
        6862           18
        6871           23
        6872          313
        6876          243
        6879          250
        6885         6175
        6886         2713
        6889         1369
        6891          122
        6904          969
        6907         5515
        6914           91
        6917         3475
        6918          736
        6928         3633
        6930           47
        6948         7242
        6949          262
        6950            0
        6958         1399
        6966         1056
        6968            0
        6969         1071
        6971           26
        6977         5918
        6987          251
        6990           10
        6997         1350
        6998          856
        7000           13
        7003           92
        7005         4698
        7009           73
        7011           18
        7013         1956
        7015          325
        7017         1358
        7019          198
        7024         6283
        7025          145
        7030          224
        7031         5226
        7035         1358
        7037         1565
        7039           78
        7041         2147
        7048          324
        7049            0
        7050          159
        7056         2064
        7059          554
        7060            4
        7067          661
        7068            9
        7072            3
        7075           88
        7082           55
        7085         1616
        7089           29
        7091           21
        7095          150
        7103          382
        7109          147
        7110           65
        7112            0
        7113          217
        7116          144
        7120          129
        7122          815
        7123           36
        7124          593
        7128         4446
        7130            0
        7135          788
        7138          433
        7141          235
        7142         1812
        7143          105
        7146         7243
        7151           45
        7153           12
        7163         6454
        7167            0
        7169           81
        7170            8
        7172          246
        7173          137
        7174           71
        7176            0
        7179           71
        7180           63
        7188         7210
        7193         4291
        7194          440
        7208         3375
        7210            0
        7211         5806
        7217            5
        7221          740
        7230            0
        7231          279
        7238           88
        7243           18
        7262            3
        7276            0
        7277           13
        7278         3080
        7279          251
        7282          975
        7283          104
        7286            9
        7293         2241
        7298          294
        7300         7486
        7313          332
        7314          258
        7324            1
        7327           22
        7335          183
        7339          805
        7340            0
        7341            0
        7346            8
        7350         2388
        7353           18
        7371         2086
        7372           93
        7378            1
        7392         6491
        7393           23
        7394         3878
        7396            5
        7408           71
        7414         5923
        7420         1695
        7423          271
        7425           55
        7428         1652
        7429         2053
        7446         2873
        7447         7144
        7452          282
        7454         2529
        7459         1489
        7460          238
        7463            8
        7467         3521
        7468         1531
        7469          305
        7475          305
        7491           71
        7494         5042
        7502            3
        7504          144
        7509          489
        7511         1438
        7541         5891
        7542           36
        7544            0
        7556           83
        7566          145
        7589         2027
        7593          866
        7597         3955
        7600           37
        7601         4936
        7607            9
        7608           43
        7622          186
        7623          180
        7624           84
        7628          440
        7631           36
        7636         1869
        7637         2137
        7643          307
        7644         2199
        7648            0
        7657            2
        7659         1043
        7661         7752
        7664          255
        7667           22
        7673          437
        7678          989
        7679          240
        7687          952
        7697         2077
        7702           60
        7711         1443
        7714          565
        7715         2570
        7718           71
        7719          435
        7725            0
        7728           95
        7731          975
        7734           83
        7737          190
        7745            0
        7747         3676
        7749          117
        7753         7713
        7754          398
        7755           76
        7759           18
        7765           85
        7770          228
        7771           47
        7775         1309
        7781          334
        7787           11
        7793          989
        7794          134
        7807         2019
        7809           34
        7814            2
        7819          935
        7824         1594
        7825          501
        7830            2
        7833          448
        7840         1548
        7852            0
        7861            2
        7862          116
        7864            1
        7869          187
        7871          288
        7873         1129
        7874          638
        7875          730
        7884           10
        7885            0
        7890         5112
        7892            0
        7895            0
        7897          382
