# HaloID(1) HaloID(2)
           0            0
           1            1
           2            2
           3           87
           4            4
           5            5
           6         2387
           7          596
           8          539
           9            8
          10            9
          11           11
          12           10
          13           88
          14           14
          15          404
          16         1510
          17           18
          18           19
          19           20
          20           21
          21           13
          22          294
          23           23
          24          345
          25           17
          26           28
          27           29
          28           32
          29         1878
          30           63
          31          501
          32          714
          33          844
          34           34
          35          502
          36         2479
          37          181
          38         1277
          39          206
          40           17
          41           23
          42           42
          43           43
          44           44
          45            7
          46         3767
          47          302
          48           48
          49           50
          50           49
          51           54
          52         4686
          53         1726
          54           55
          55           51
          56         2204
          57           68
          58           57
          59          491
          60         1355
          61           61
          62           60
          63           26
          64          112
          65          526
          66         3076
          67         2902
          68          517
          69          370
          70           71
          71           72
          72           73
          73         5566
          74          163
          75           17
          76         4129
          77         1305
          78          274
          79           80
          80          960
          81           17
          82          811
          83           84
          84           85
          85          246
          86           86
          87         1692
          88         2606
          89           91
          90           90
          91           92
          92           93
          93          253
          94           94
          95         1971
          96           97
          97           95
          98          102
          99          919
         100          100
         101          795
         102          155
         103           99
         104         1626
         105         4070
         106         7283
         107         1282
         108          107
         109            1
         110           36
         111         2297
         112         1968
         113         4783
         114           16
         115          685
         116         1969
         117          138
         118          118
         119         1916
         120         1576
         121          931
         122          139
         123         1318
         124          183
         125          121
         126          122
         127         2451
         128          128
         129          130
         130          129
         131          131
         132         3537
         133         1227
         134         1516
         135         4377
         136          138
         137          153
         138         2246
         139          141
         140           78
         141          336
         142          516
         143         3914
         144         2393
         145          127
         146          722
         147           14
         148         1232
         149          175
         150          170
         151           54
         152          154
         153         1055
         154          151
         155          495
         156         5313
         157          145
         158         2189
         159          157
         160         3945
         161           31
         162         4254
         163          850
         164         2130
         165          477
         166          262
         167          292
         168          106
         169          383
         170          673
         171          112
         172         1947
         173          376
         174           48
         175          197
         176         6354
         177          173
         178           36
         179          176
         180          206
         181          576
         182         2509
         183          335
         184          110
         185         6762
         186          182
         187         3833
         188           28
         189          224
         190           23
         191         2566
         192          142
         193          177
         194          192
         195          190
         196         1649
         197         2175
         198           81
         199         1940
         200          108
         201          193
         202          198
         203          676
         204         2144
         205         3472
         206         6108
         207         4166
         208         2430
         209          209
         210          200
         211          205
         212          128
         213         7092
         214           49
         215          212
         216          270
         217          215
         218          778
         219          217
         220         1692
         221         3543
         222         6841
         223         1343
         224         3203
         225         1504
         226           17
         227         6177
         228         1690
         229          229
         230            2
         231         4328
         232          231
         233         1411
         234         4099
         235          118
         236          241
         237          434
         238          239
         239          117
         240          238
         241          242
         242            8
         243         1931
         244         1087
         245          294
         246          249
         247          907
         248          145
         249          105
         251          222
         252         1894
         253           42
         254         1866
         255         3417
         256          259
         257          941
         258           54
         259         1258
         260           80
         261         1897
         262            6
         263         4123
         264          263
         265         1423
         266          272
         267          268
         268         2212
         269          269
         270          156
         271          297
         272           29
         273          361
         274         4092
         275          275
         276          393
         277         1937
         278           12
         279           17
         280          280
         281          282
         282          362
         283          285
         284          200
         285          286
         286          210
         287          287
         288         3408
         289         1267
         290           24
         291          290
         292           12
         293         1386
         294          485
         295         3970
         296          625
         297            8
         298         1539
         299           15
         300          525
         301           63
         302          301
         303          310
         304          212
         305         3570
         306          139
         308          657
         309         2939
         310           80
         311          234
         312          446
         313          314
         314          104
         315          309
         316           76
         317          588
         318          220
         319         2911
         320          507
         321         1687
         322          330
         323         7639
         324          210
         325         1014
         326           59
         327         4306
         328           40
         329         2223
         330           49
         331          384
         332          325
         333          329
         334           18
         335          363
         336         1324
         337          594
         338         5677
         339         2959
         340          590
         341          147
         342         4691
         343         4902
         344         6266
         345          343
         346           78
         347          556
         348         4595
         349          199
         350            8
         351           62
         352         1516
         353         1861
         354          353
         355           62
         356           92
         357           13
         358          600
         359         4981
         360          355
         361          358
         362         5291
         363           84
         364          710
         365          957
         366         2011
         367         2572
         368          781
         369         4599
         370          891
         371           17
         372          371
         373          172
         374          459
         376         1884
         377          367
         378           17
         379         7248
         380           22
         381         1447
         382         3110
         383         3133
         384           32
         385           53
         386          380
         387          366
         388          400
         389           22
         390          382
         391          157
         392         3943
         393           79
         394         1824
         395         4507
         396          517
         397          481
         398         1185
         399          215
         400         1493
         401         2221
         402           59
         403         6245
         404            0
         405         1318
         406          403
         407         3866
         408          396
         409          152
         410         7373
         411           14
         412         4673
         413          281
         414         3194
         415          406
         416          693
         417          409
         418         4180
         419         1017
         420          836
         421         1496
         422          413
         423         1670
         424          419
         425          433
         426         1198
         427           39
         428          158
         429          417
         430         1282
         431          210
         432          747
         433           43
         434           77
         435         1974
         436         2698
         437         1163
         438          621
         440          763
         441         1317
         442         2741
         443         4134
         444         4214
         445         2283
         446           76
         447         1358
         448         3424
         449          132
         450          253
         451          279
         452         4019
         453          418
         454         3199
         455         1723
         456           38
         457          539
         459           41
         460           14
         461         3511
         462          467
         463         4944
         465          464
         466         5360
         467          247
         468           10
         469           65
         470         1080
         471          374
         472          209
         476          474
         477           21
         478          478
         479         1398
         480            1
         482         1819
         484           62
         485          119
         486          482
         487           10
         488         3358
         489          499
         490          152
         491         2023
         492         5975
         493          230
         494          185
         495          162
         496          305
         497         2119
         498         3359
         499          554
         500           41
         501           85
         502          500
         503         1919
         504          296
         505         4871
         506          452
         507         1272
         508          235
         509         1303
         511          189
         512         1726
         513          379
         514          102
         515         1630
         516          294
         517         1490
         518           17
         519          327
         520         1825
         521         1845
         522          629
         523          517
         525          522
         526          434
         527          513
         528          249
         530          532
         531         5404
         533          519
         534         1548
         535           36
         536           75
         537          137
         539         1390
         540         1473
         541          553
         542         4091
         543            4
         544         2148
         545            3
         547         3145
         548            0
         549          112
         550         5434
         551          480
         552         4073
         553          418
         554         7073
         555          771
         556         2955
         557            7
         558           41
         560           49
         561          865
         562          559
         563         3811
         564           23
         565            0
         566         1489
         567          133
         568         1801
         569          458
         570           39
         571         3045
         572          280
         573         2035
         575         2611
         576         4072
         577          569
         578         5675
         579          687
         580         1945
         581          258
         582         3150
         583          876
         584         1067
         585          786
         586          584
         587          388
         588          165
         589         6186
         590          136
         591           74
         592          551
         593         3128
         594         5146
         595         1641
         596          590
         597          575
         598         3162
         599          610
         600           17
         601          509
         602         6816
         603          126
         604          605
         605          608
         606          468
         607          591
         609          897
         610          655
         611          554
         612          258
         613          162
         614          617
         615         7443
         616          304
         617         2292
         619           17
         620          615
         621          176
         622         5696
         623          158
         624          602
         625          850
         626         1881
         627           41
         628          200
         629           30
         630          917
         631          752
         632          520
         633          929
         634          397
         635          264
         636          640
         638         1226
         640         6994
         641            3
         642          656
         643          635
         645          372
         646          394
         647          701
         648         1220
         649          111
         650          210
         651          102
         653         2466
         654          694
         655          654
         656         2304
         657           88
         658           53
         659         6154
         660           14
         661         7272
         662          664
         663          658
         664         1305
         665          264
         666          251
         667          751
         668         2287
         669          889
         670         4416
         671          652
         672          515
         673         3073
         674          455
         675         2384
         677         3352
         678         2944
         679          674
         680          861
         681         1086
         682          680
         683         3849
         684          170
         685         2377
         686          903
         687          692
         688          654
         689         1608
         690         7484
         692         1277
         693         7226
         694          451
         695          699
         696         6605
         697          688
         698         3042
         699         5349
         700           65
         701         3598
         702          538
         703          702
         704          687
         705          760
         706          653
         707           64
         708         5738
         709          706
         710          705
         711          698
         712          736
         713           63
         714         2867
         716          686
         717         1233
         718         2624
         719          713
         720          156
         721          132
         722          461
         723          712
         724         4960
         725           29
         726           45
         727           65
         728           34
         729          737
         730           26
         731          975
         732         2115
         733           15
         734         1791
         735          724
         736         6679
         738         1323
         739          132
         740         1068
         741          729
         743         3141
         744          656
         745         1226
         746          188
         747          388
         748          735
         751         2480
         752           82
         753           31
         754         5029
         755           61
         756         1439
         758           33
         759          365
         761          975
         763          867
         764          756
         765          786
         766          147
         767          335
         768           70
         769          757
         770            0
         771          112
         773           16
         774           25
         775          789
         776           88
         777           53
         778          265
         779          790
         780           30
         781         7243
         782          718
         783          839
         784           21
         785         7113
         786         5054
         787          140
         788           35
         789         1753
         790          145
         791          207
         792          404
         793           17
         794           80
         796           34
         797          262
         798          703
         799          777
         800          788
         801          804
         803         1812
         804           48
         805          796
         806          829
         807          105
         808           40
         809           40
         810          957
         811         2349
         812          328
         813         1892
         814          148
         815          871
         816           83
         817          815
         818         7139
         820          808
         822          377
         823          711
         824           14
         825           81
         826         2590
         827          890
         829          865
         830          105
         831           76
         832          509
         833          828
         834          135
         837         1185
         838         4791
         839           88
         841         1638
         843          420
         844         7660
         845          509
         846          845
         848         4574
         849            1
         850          825
         851         2771
         852         7503
         853         2394
         854          880
         855          838
         856         2131
         857           37
         858           61
         859         1609
         860         4240
         861          391
         862           21
         863         3759
         865           12
         866         1621
         867         1388
         869           65
         870          393
         872         1998
         873          859
         874         2064
         875         6800
         876          354
         877         7687
         878           13
         879          312
         880           12
         882           62
         883          870
         884          556
         885           17
         886         3461
         887          875
         889          885
         890          892
         891           17
         892         2106
         893          899
         894          201
         896          364
         897          958
         898          948
         899         2402
         901           49
         902          904
         903           66
         904          155
         905          969
         906          158
         907          740
         908         5746
         909          475
         911         4969
         912           32
         913          910
         914          901
         915          860
         916          335
         917          158
         918         1349
         919         3099
         920         3891
         922         1550
         923          922
         924           80
         925           62
         926           64
         927         5960
         929         2774
         931           81
         932         2236
         933           10
         934          304
         935         5656
         936         3588
         937          871
         938         2956
         939          963
         940         1443
         941          133
         942          940
         943          266
         944         2849
         947         6852
         948         1029
         949          304
         951          254
         952         2556
         953           12
         955          982
         956           17
         957         3414
         958         3270
         959          945
         960          542
         961          966
         962          559
         963         2635
         964           15
         965         6073
         966           76
         967         3543
         968         2733
         969          949
         970          206
         972         7844
         974          973
         976          171
         977           28
         978           89
         979         6007
         980           64
         981           17
         982         7882
         985          951
         986         1510
         987         1869
         988         2986
         989          392
         990           28
         991          996
         992         2534
         993         2075
         995          538
         996          882
         998         1079
         999         2603
        1000          200
        1001         2288
        1002         5138
        1003         1226
        1004         5177
        1005          594
        1007         4801
        1008          986
        1009           61
        1010           35
        1012          542
        1013         1002
        1014           26
        1015         3804
        1017           22
        1018         1025
        1020          458
        1021         2544
        1022         1012
        1023         2174
        1026          111
        1027         1021
        1028          229
        1030          306
        1031           19
        1033         4709
        1035         2758
        1036          953
        1037         1034
        1038          300
        1039          594
        1040          707
        1041         1365
        1043          296
        1045         1335
        1046           80
        1047         5272
        1048         1468
        1050         4599
        1051         1766
        1054         3715
        1055         1045
        1056           65
        1057         1365
        1058           84
        1059          526
        1060           28
        1061          108
        1062         1338
        1063         1039
        1064         1064
        1066          219
        1068         1378
        1070          371
        1073         1026
        1076          216
        1078         1072
        1079          673
        1080          913
        1081         1084
        1082          195
        1085           62
        1091         1071
        1092         6374
        1094         1259
        1095          885
        1097         3721
        1098         2607
        1101          112
        1103          189
        1104          179
        1105         1107
        1106         2945
        1107         6969
        1108         3020
        1110          999
        1112          664
        1114           65
        1115         1098
        1116         4200
        1118          337
        1119          495
        1120         1422
        1121         3313
        1122           59
        1123          456
        1124         1095
        1125          109
        1126           49
        1129          233
        1130         1750
        1131         1212
        1132         5171
        1133         1140
        1136         1128
        1137         1521
        1139          231
        1140         6390
        1141         3733
        1143         2133
        1144          918
        1145         3103
        1146          534
        1147          593
        1148          989
        1149          141
        1150          112
        1151         1097
        1152         1758
        1153           67
        1154          191
        1155         5432
        1156           23
        1157         6438
        1158          230
        1159         3690
        1161           62
        1162          376
        1165          345
        1166         2933
        1167         1167
        1174         1816
        1176           17
        1178         1725
        1179          346
        1180         5295
        1181          296
        1182         1190
        1184           25
        1185           17
        1187           49
        1188         1200
        1189         4368
        1190          266
        1191         1202
        1192         4070
        1193         1175
        1194          875
        1195         3828
        1196           52
        1197           72
        1199         2962
        1200         1179
        1202         1768
        1203          707
        1204         7211
        1206           43
        1207          190
        1208          199
        1209          740
        1210           41
        1213           11
        1215         1652
        1216         3125
        1218          574
        1220          556
        1221         7030
        1222         1194
        1223         1940
        1224         4787
        1225          210
        1226          650
        1227         2956
        1228         1228
        1231         1476
        1232           89
        1233         3765
        1234          252
        1235         1503
        1236         2266
        1237           82
        1238           33
        1239         1239
        1240         6689
        1241          668
        1243         2166
        1244         4641
        1245         4087
        1247            0
        1248          444
        1249          334
        1250         1719
        1251         2257
        1253           31
        1256         1244
        1259         1627
        1260          362
        1261         1121
        1263         2247
        1264          382
        1265           88
        1266         1675
        1267          136
        1268          697
        1271         1430
        1272         1084
        1273          147
        1274          201
        1275         2936
        1276           17
        1277         1241
        1278          345
        1279           14
        1280         1302
        1281           75
        1282           30
        1286         1378
        1287         5321
        1288          168
        1289         5299
        1290         1434
        1291           38
        1293          170
        1294          450
        1295           43
        1296         6989
        1297          152
        1298         2255
        1299            0
        1301         5331
        1302         2236
        1303         1495
        1304          541
        1305          291
        1306         4746
        1307         3154
        1308          275
        1310          132
        1311         1285
        1312         1108
        1313          363
        1314           17
        1315         3672
        1317         1285
        1318          322
        1319          545
        1321         1868
        1322          480
        1326           30
        1327            5
        1328           70
        1329         1271
        1330         1437
        1331         4945
        1332          111
        1334         1374
        1336           30
        1338          454
        1339         1210
        1340         2512
        1341           36
        1342           47
        1344         1622
        1345           32
        1346         4118
        1347         2947
        1349           49
        1350          391
        1351          615
        1352            0
        1353         1464
        1354          596
        1355         2604
        1356         7320
        1358         1387
        1359           85
        1360           67
        1361          756
        1362          254
        1363         1350
        1364         1372
        1365            6
        1366            8
        1367          111
        1368          177
        1369         1296
        1370           41
        1371         6193
        1372           39
        1373         5039
        1374         3470
        1375           36
        1378          859
        1379            5
        1381         6800
        1382         1518
        1384           20
        1386         1394
        1389           17
        1390         1784
        1391         1354
        1393          135
        1394         5811
        1396          238
        1397          490
        1398         1356
        1399           71
        1400         1351
        1401            1
        1402          522
        1404         5549
        1405         1362
        1407           48
        1408           15
        1410          301
        1412         7838
        1413         5732
        1414           37
        1415          134
        1417         1555
        1419           16
        1421          319
        1422          128
        1423         1093
        1424         1928
        1425         1956
        1426           12
        1428          466
        1429         1029
        1430           32
        1431         6479
        1432         3923
        1433          275
        1435         3791
        1436          934
        1437            9
        1438           12
        1439           42
        1440         1455
        1441           20
        1442           80
        1444          932
        1446         1420
        1447         4590
        1449          741
        1450           64
        1451           35
        1453         1442
        1455          929
        1456           71
        1458           73
        1463         2437
        1464          914
        1465         4168
        1468         1453
        1469         6580
        1470          227
        1471         1003
        1472            5
        1475         2645
        1476           50
        1478         5929
        1479         3999
        1481         2698
        1482         1436
        1483         5025
        1484         1533
        1485           63
        1487         1613
        1488          587
        1489         5235
        1491         1487
        1492         5770
        1494          271
        1495         6024
        1496          179
        1497         5358
        1499         1474
        1500         2959
        1501          221
        1502         2166
        1507         6513
        1509         2534
        1511            0
        1512         1500
        1514         1271
        1515           12
        1516          142
        1517         7235
        1518          714
        1521         1698
        1522         1003
        1523          676
        1525          371
        1526          642
        1531           16
        1534         1476
        1535         1691
        1536         1478
        1537         4387
        1538         6098
        1539          609
        1541         2827
        1542         4109
        1543          338
        1544         1583
        1546         1567
        1547            9
        1548         1001
        1550          541
        1552         3647
        1553         3299
        1555          306
        1557         6790
        1559           13
        1560           97
        1561          382
        1562         3090
        1563         1115
        1564           30
        1566         1487
        1567         3993
        1570          213
        1574         7548
        1575         5517
        1576           62
        1577         1175
        1578           49
        1579           76
        1580         1342
        1581          323
        1583         7280
        1584           35
        1585           39
        1586         4038
        1587         1281
        1588          568
        1592         1218
        1593         1678
        1594          981
        1595         4119
        1596         4131
        1598          118
        1599         2415
        1600          117
        1601          776
        1602          329
        1604           76
        1605          704
        1606         2741
        1608         1100
        1609         6823
        1610         6476
        1611         7412
        1612         4527
        1613         4703
        1614          654
        1615         2181
        1617           62
        1621         1578
        1622          682
        1623          668
        1624          751
        1626            4
        1627         2763
        1628          380
        1629         1122
        1631          234
        1632          182
        1633          139
        1634          191
        1636          853
        1639           22
        1640          220
        1643         1887
        1644           62
        1645          560
        1648          185
        1650          350
        1656          421
        1657         4040
        1658         1635
        1659          181
        1660         2007
        1661           80
        1665         4777
        1670          153
        1672         7136
        1674         1619
        1675         1236
        1676          451
        1678           64
        1679         3711
        1680           28
        1681          964
        1682         4591
        1683         4625
        1684         3788
        1686         4286
        1690         1647
        1692         1665
        1693         1657
        1695            4
        1696         3603
        1698          431
        1701          106
        1703         1961
        1704          251
        1705         4516
        1706          118
        1708            5
        1709          132
        1710          147
        1712           12
        1714         1287
        1715         1686
        1716         4321
        1718           88
        1721          321
        1723          418
        1725          318
        1727          808
        1732          165
        1733          528
        1734         1706
        1736           30
        1737         7177
        1738           17
        1739         1732
        1740         1724
        1741          587
        1742          876
        1743           22
        1746          250
        1748         1311
        1749          162
        1750         1742
        1751         1805
        1752         2540
        1753         1492
        1754         1723
        1757         7493
        1759         2041
        1760         1769
        1762         1021
        1764           80
        1765         1639
        1769            0
        1770          572
        1772         2838
        1773          633
        1776          227
        1777          472
        1779         1587
        1780         1690
        1782         3779
        1784         1757
        1785         1101
        1786         4065
        1791          489
        1792          408
        1793           18
        1794          402
        1795         3460
        1796         2383
        1800           49
        1802           72
        1803          737
        1806         1424
        1807         1763
        1809         6289
        1810         1090
        1811         1365
        1812          387
        1815           27
        1817         1785
        1820         1465
        1821         2063
        1822           80
        1823          679
        1824         2217
        1826         1178
        1829         1820
        1831          909
        1832         6253
        1833           17
        1835           82
        1836         4691
        1837         2001
        1839         6999
        1840          258
        1841         4339
        1842          146
        1846          262
        1847         2681
        1850           10
        1851           24
        1853           82
        1854          118
        1856         1216
        1859         2831
        1861          680
        1862         6545
        1863         1536
        1864           31
        1865           28
        1867         7848
        1869            9
        1870         1850
        1872           28
        1874         1208
        1875         2294
        1877         2118
        1878          316
        1879           55
        1882          376
        1883          105
        1884         2585
        1885          643
        1886         2971
        1887         1910
        1888         1008
        1889         1847
        1892           71
        1895          914
        1897          712
        1898         1827
        1901           74
        1902         3483
        1904         2942
        1905           18
        1906          891
        1908          400
        1909          683
        1910          321
        1913           70
        1914          652
        1918           18
        1919         1034
        1920         1863
        1921           34
        1925           64
        1926          146
        1927         3146
        1928         1932
        1929          257
        1931         5671
        1933           80
        1934         1964
        1935         2158
        1937          948
        1939         5290
        1943         4917
        1944         3014
        1945         1333
        1946          127
        1948          264
        1950         7349
        1952            2
        1955            0
        1956         6263
        1957            4
        1960          375
        1961           14
        1963          927
        1964          218
        1965         1700
        1967          214
        1972          365
        1974         7350
        1976         1233
        1977          782
        1980           15
        1984          992
        1986         2838
        1987            9
        1993          360
        1994         3762
        1996           40
        1998           54
        2002         1992
        2005          199
        2006         4798
        2007           47
        2009           31
        2010         3768
        2011         1986
        2013         5231
        2015            0
        2016          165
        2017          132
        2020         2010
        2021         5662
        2024         6151
        2025          132
        2026         3899
        2028          176
        2029         1662
        2030          723
        2031          894
        2032         2528
        2034          365
        2035         2321
        2036         1816
        2037          809
        2038          134
        2039          451
        2040           15
        2041          119
        2042          451
        2043          294
        2044           31
        2045         5861
        2046         6380
        2047           53
        2048          665
        2050         5486
        2051          188
        2053          175
        2054          120
        2055         4436
        2057         2053
        2058           61
        2059         2124
        2060         1982
        2062           69
        2063          719
        2064         3337
        2065            7
        2066          124
        2068         1633
        2069         2218
        2070          144
        2071         2799
        2074           46
        2076            0
        2077          102
        2078         3205
        2079          183
        2081           16
        2082         2293
        2084           58
        2085           41
        2086          281
        2088          200
        2089          314
        2090          895
        2092         6002
        2093         1997
        2095         1510
        2096          837
        2099          703
        2100         2132
        2101         2325
        2102          401
        2104          132
        2106          895
        2107            1
        2110         2743
        2112            8
        2117          227
        2118          647
        2119           71
        2124          108
        2125          224
        2129          822
        2131         1307
        2133         1947
        2137         2688
        2139          175
        2140          140
        2141         3955
        2144          242
        2147         1045
        2148          111
        2149         2787
        2150         1688
        2151         2126
        2154          191
        2156            0
        2158          387
        2160         4337
        2162         2158
        2163           36
        2164         4447
        2165           62
        2166         3923
        2168          912
        2169          734
        2171           65
        2175         7596
        2176          818
        2179          135
        2182           17
        2183          946
        2186           64
        2187         1181
        2188          888
        2192         2160
        2193          461
        2195         4863
        2196          480
        2201         6080
        2202         2149
        2206         2749
        2207          179
        2208         2081
        2209          131
        2210            5
        2211         1400
        2213           22
        2214         1123
        2216          361
        2217           50
        2218         3324
        2220         1029
        2222          622
        2223         2410
        2225          110
        2227         3683
        2230          485
        2231          452
        2234          223
        2236         2186
        2238          181
        2240          396
        2241         7283
        2242         2780
        2243          439
        2244         1131
        2246          115
        2251         5518
        2252         2206
        2253         3230
        2254         2941
        2257           25
        2262          119
        2267         1668
        2269          973
        2271         2200
        2272           93
        2274           18
        2275         1214
        2276         1252
        2277          562
        2278           17
        2280         2314
        2281          534
        2283          802
        2284         5063
        2285         7091
        2286         2393
        2288         1658
        2290         1555
        2291          289
        2293           12
        2294           92
        2296          307
        2299         3761
        2300           11
        2302         2044
        2313            3
        2315           74
        2317           83
        2320            0
        2321         3280
        2322           88
        2323          379
        2324         1431
        2325         3541
        2327         2040
        2329           74
        2330           84
        2331          463
        2334         2334
        2335         6670
        2337         1337
        2338         2519
        2341           10
        2342          489
        2344           94
        2346         2691
        2349         1596
        2350           11
        2351          576
        2352          800
        2354         4658
        2356          477
        2361         2268
        2364          358
        2366          344
        2367         7550
        2368           14
        2369           88
        2374          590
        2375         2731
        2376          492
        2377          891
        2379         5190
        2382         2327
        2386          202
        2387         1353
        2390         2332
        2396         2108
        2397         2962
        2398           21
        2400          131
        2401         7516
        2402          323
        2403          206
        2405         4258
        2407          195
        2411         5636
        2412          590
        2413         1700
        2415         3205
        2417          341
        2418         2290
        2420         3577
        2421         5695
        2422         5021
        2423            9
        2429         2278
        2433         2382
        2434         2036
        2435         2412
        2437          121
        2438         2343
        2439         4605
        2441           80
        2442           37
        2444          309
        2445         2111
        2447           80
        2448         4252
        2450         2648
        2455            2
        2459          780
        2461          274
        2464          151
        2465         3532
        2467         2422
        2470          159
        2472         1995
        2475          124
        2477            5
        2480         1956
        2482          845
        2483         6478
        2484          995
        2486          180
        2488         1090
        2490         6216
        2491         2449
        2493         3785
        2494         3609
        2495           38
        2496         2460
        2500         1406
        2505         3821
        2510         5161
        2511         5628
        2512         7109
        2514           41
        2517          293
        2519         1189
        2520          381
        2521         1709
        2523         4836
        2528         4994
        2529         1026
        2530         2587
        2531          127
        2536          719
        2538         2597
        2541          509
        2542          187
        2543            0
        2546         4987
        2547           12
        2548         3621
        2550          720
        2551           62
        2555         5300
        2556         6460
        2558         1900
        2559            9
        2560          511
        2561          183
        2564          252
        2566          766
        2574         6172
        2575         2235
        2576         3230
        2577         1497
        2579          226
        2582          252
        2584         4524
        2586           61
        2588          938
        2589         2565
        2590            8
        2592          908
        2593         2555
        2597           33
        2599          684
        2602           68
        2603            4
        2607          371
        2608          107
        2610          251
        2612         2638
        2613           88
        2614         4673
        2621         4417
        2624         2533
        2627           43
        2629         2795
        2631         2877
        2634           13
        2639          199
        2640         2794
        2643          206
        2645         2532
        2646         1513
        2650         3088
        2652          644
        2654         4840
        2656         2845
        2659         5761
        2660         6818
        2663          549
        2664          356
        2668          152
        2670            0
        2672           25
        2674          257
        2681         2703
        2682          289
        2683           58
        2685            1
        2688          330
        2690         1120
        2691         3785
        2692         2723
        2698         1072
        2699          233
        2705          122
        2706          104
        2714         3327
        2715          958
        2716         2690
        2719         2720
        2720           18
        2721          151
        2722         1230
        2723          555
        2726          975
        2729            6
        2735         6395
        2736           22
        2737         7646
        2739         3439
        2740         2014
        2741           55
        2744         3841
        2747         3962
        2750           50
        2751          489
        2752         7260
        2754          743
        2756           55
        2757           77
        2758          447
        2759          855
        2761           52
        2763          409
        2764         1824
        2765         2705
        2766         1036
        2767          897
        2768         2707
        2769         1500
        2770          202
        2771         1122
        2775          313
        2776         5223
        2778          171
        2781           12
        2784         2953
        2785         2695
        2787          105
        2788            0
        2789         3822
        2794         2857
        2795          383
        2798          586
        2799          897
        2800         5399
        2803         2716
        2804          792
        2809         2760
        2810         7231
        2811         2744
        2813          128
        2816          457
        2817          734
        2819         3800
        2820         1895
        2823          485
        2824          100
        2825         4036
        2826         2323
        2828            0
        2829          950
        2830         1277
        2831         4703
        2833           44
        2834         2833
        2835          546
        2836          975
        2837         2139
        2838         6119
        2841            9
        2842         2519
        2847         1325
        2848            4
        2849         3052
        2852         3484
        2853         3357
        2857         3512
        2858          466
        2859           64
        2861           65
        2862         2853
        2864          725
        2865          824
        2866          461
        2867          270
        2869          168
        2870         6224
        2874          355
        2875         3147
        2877         2681
        2880           27
        2882         4790
        2887          440
        2892          609
        2893          641
        2895         2611
        2896          175
        2897         2868
        2902           37
        2903          878
        2908         2821
        2910           20
        2913         3050
        2914          101
        2915         7146
        2916         2894
        2917         1809
        2919           91
        2920          620
        2922           29
        2925         1189
        2928          413
        2929           94
        2933         1115
        2935         1962
        2937         4361
        2938         7476
        2940         1570
        2941         1611
        2942          442
        2944         2511
        2945         1292
        2947          173
        2948          325
        2950           52
        2951           53
        2953         2916
        2956         2792
        2957         1313
        2958         2673
        2960         2028
        2963          565
        2964            6
        2967          138
        2974         2925
        2977         2989
        2978         7527
        2985         7799
        2987         4049
        2988         3998
        2989          684
        2990         3096
        2992         3222
        2993            6
        2994         6585
        2995         3209
        2997           12
        2998          189
        2999         2928
        3001          962
        3003            0
        3006           47
        3009         1121
        3013          551
        3020          429
        3023         5609
        3026          134
        3028         2122
        3029          323
        3030         1776
        3032          267
        3034         2084
        3036            9
        3037          697
        3039         2972
        3040         1736
        3041         1318
        3046            0
        3047          141
        3050         1636
        3051          220
        3052         1986
        3055          577
        3056         4618
        3057         1461
        3059         2767
        3061         2932
        3063         5801
        3064         3078
        3065          158
        3067         3890
        3069         4303
        3072         7020
        3074          198
        3075         4830
        3076         4159
        3079          575
        3080         3063
        3081         1239
        3082         6868
        3083         3153
        3085          367
        3086          250
        3087           14
        3089           30
        3091         2432
        3093         3000
        3094           26
        3097          191
        3104          444
        3106          366
        3108         1103
        3109         3498
        3111          472
        3112           32
        3113            1
        3114            6
        3115           45
        3117          112
        3118           44
        3119         6900
        3121         3147
        3122         1847
        3126          116
        3128           15
        3133          708
        3134          317
        3137          688
        3138          110
        3141          385
        3145          899
        3147          175
        3148         1911
        3150         3106
        3151           38
        3153          556
        3158           70
        3162           13
        3163         4329
        3164         1004
        3166          403
        3167         2784
        3170          101
        3171          654
        3174          442
        3176         3838
        3182           66
        3183          381
        3184           62
        3185           53
        3187         3101
        3188         6603
        3189          679
        3192           95
        3193           49
        3195         6139
        3197         2444
        3199         2238
        3200         2443
        3202          865
        3204          168
        3205          213
        3208          982
        3209           97
        3213         1403
        3215         6322
        3219         3094
        3224         3541
        3225          339
        3228          418
        3230          665
        3238         2304
        3241            1
        3243         1349
        3244         3210
        3246          328
        3248         1507
        3251          268
        3254         3783
        3255          469
        3258          979
        3260          506
        3261         3164
        3262            0
        3263          309
        3265         3352
        3267         1285
        3268         4633
        3269           95
        3273          204
        3274         3352
        3275          674
        3276          703
        3277         4450
        3279         4724
        3282           55
        3290            4
        3292          553
        3294            3
        3299         3516
        3300         2824
        3302          981
        3304          322
        3305         1012
        3306         2437
        3307         3311
        3308         2164
        3309         2070
        3312         3225
        3314         5099
        3315          170
        3320         1447
        3321          152
        3322           32
        3324          198
        3327         3883
        3328           48
        3329         3450
        3330         3241
        3332         6416
        3334          441
        3336         2737
        3338          119
        3340          353
        3341         7883
        3342           55
        3344          152
        3347          403
        3348          989
        3349         6033
        3353          555
        3354          847
        3357         3517
        3361          436
        3363          122
        3367           61
        3369          366
        3370         1570
        3373         5084
        3374          431
        3375         2255
        3379         3293
        3381         3428
        3382         3318
        3384         7090
        3386          885
        3390          461
        3391          928
        3396          270
        3403         2323
        3407         2522
        3408         3383
        3409         2500
        3411          146
        3415         6157
        3416          136
        3418         1250
        3420          394
        3421         1702
        3423          480
        3424          296
        3427          535
        3429          588
        3430         1425
        3431          826
        3432         7509
        3433          984
        3438          508
        3443          682
        3444         1281
        3447         6023
        3453          746
        3454         3373
        3457         3469
        3458         4285
        3460          121
        3461           10
        3467         5002
        3468           36
        3471           24
        3472         4974
        3473           64
        3476          761
        3478          242
        3484          183
        3485           21
        3489           30
        3494         5488
        3498         6854
        3501           21
        3502           71
        3503          162
        3504         4529
        3510          461
        3514         7636
        3515         1071
        3516         3203
        3517          321
        3519         1137
        3522         2856
        3523         1285
        3524           26
        3529         4344
        3531         4379
        3532            1
        3535           45
        3536         3502
        3539          720
        3548          171
        3549          585
        3552         2803
        3554         3905
        3556            0
        3559          139
        3560         1339
        3561         4389
        3563         1988
        3566         1554
        3567         2994
        3568          542
        3573          763
        3574          282
        3576         2291
        3579         1190
        3582         6032
        3583          639
        3584          250
        3589          443
        3590          120
        3596          665
        3600           11
        3603         3524
        3606         1497
        3607          332
        3610         4295
        3611          397
        3614         3022
        3616          653
        3617           14
        3623         4136
        3624         1752
        3626         2188
        3627          537
        3630          212
        3631          169
        3632           39
        3633         3953
        3636         1827
        3639         3711
        3640         4874
        3644         3499
        3649          231
        3650         2748
        3653          209
        3654           74
        3657          318
        3660         1164
        3661          969
        3662         1255
        3663           63
        3667          211
        3668         1918
        3671         6017
        3672          368
        3673         3573
        3679           42
        3686          556
        3687         3534
        3688           54
        3690         1301
        3692         3680
        3693           97
        3699         1940
        3701          387
        3704          205
        3705         5609
        3706         2884
        3708         3754
        3711           10
        3712         1045
        3713           12
        3715         5250
        3717           51
        3718          544
        3723          719
        3724         3418
        3725         2767
        3729         1144
        3730         3700
        3732           11
        3737            4
        3738           36
        3741         5849
        3744           70
        3745          143
        3746            8
        3747          635
        3748           20
        3749         1331
        3752         3806
        3753         1646
        3754          918
        3759         3727
        3761          374
        3763         4338
        3764          174
        3765         6856
        3768          159
        3771         3714
        3777           32
        3788          394
        3790          148
        3793          130
        3796         4164
        3797         4354
        3799         3133
        3800          660
        3801           51
        3804          129
        3806          266
        3809         1670
        3811         2053
        3815          323
        3818          586
        3821          381
        3824          120
        3825          329
        3826          585
        3827         3773
        3830         4400
        3831          241
        3836          363
        3841          334
        3844         3928
        3846         3515
        3847         1008
        3851          717
        3857          728
        3859          689
        3863          510
        3864            9
        3865         2927
        3866         3886
        3867            9
        3870          176
        3874         5489
        3876         3331
        3877          178
        3878         1966
        3880          180
        3881         5470
        3885         6178
        3886         1151
        3892          259
        3896         1719
        3897           39
        3901          145
        3902          129
        3906          294
        3907         3930
        3911         2041
        3912           11
        3914          859
        3915            3
        3917          499
        3918           25
        3923          711
        3925           77
        3928           67
        3930         6222
        3933          880
        3934         6428
        3935         1152
        3936          471
        3937          122
        3938         1239
        3942         1496
        3943         4036
        3948           32
        3952         3698
        3953         3629
        3954          230
        3957         5560
        3958           52
        3963          368
        3967          264
        3970         5679
        3974         1323
        3975           33
        3976            6
        3978          251
        3983         3630
        3986         3877
        3992           88
        3993            1
        3994           35
        3998          994
        3999          133
        4000          510
        4008           80
        4009         1286
        4011         6209
        4012         4045
        4017         1235
        4018         3490
        4021         1688
        4022           15
        4028          465
        4030          414
        4031         1878
        4032           42
        4033          224
        4039          344
        4042           30
        4043          573
        4048         6407
        4057         4805
        4058         1601
        4060         1115
        4061         4009
        4070          189
        4074         3949
        4077         3997
        4080          276
        4081         1972
        4085         4173
        4086         2940
        4088         1417
        4090         2129
        4091         1224
        4092            0
        4093         4726
        4094         4830
        4100           75
        4101          891
        4103           61
        4106          105
        4107          791
        4108          725
        4111            6
        4113         4058
        4114         1748
        4121            1
        4122         4185
        4123          376
        4126           48
        4127          152
        4128           18
        4129         3770
        4135         2652
        4139          578
        4140          136
        4141          811
        4143          542
        4144           69
        4150         7440
        4152         2922
        4153         1217
        4154         6104
        4157         4116
        4158         1566
        4159         2547
        4163           14
        4164         6877
        4166         4337
        4180          679
        4181           92
        4182         5504
        4187          408
        4188          413
        4192            1
        4193         6048
        4196         1609
        4197         4179
        4202          243
        4206         2541
        4208            1
        4210          101
        4215         4151
        4216          107
        4222         2335
        4224           11
        4227          235
        4228           44
        4229         3383
        4230         4191
        4232           23
        4233         1972
        4234         4921
        4235           67
        4240         4242
        4245            3
        4246            6
        4248            7
        4253         1018
        4256          141
        4257          118
        4258         3783
        4261         3183
        4265         4935
        4267          212
        4270           35
        4271         5739
        4275         6446
        4278         4243
        4283          185
        4290         4309
        4295         1328
        4296           24
        4299         1043
        4300         3510
        4304            0
        4305         4209
        4307           84
        4317          817
        4318         1513
        4320           36
        4327          195
        4328          249
        4329          687
        4330         1071
        4333         3750
        4337          114
        4339         1101
        4341           46
        4343         4363
        4345          193
        4350         1173
        4351          868
        4353           74
        4356          102
        4358         4264
        4361          110
        4365          147
        4368         1865
        4370         1063
        4371           18
        4373            1
        4376          210
        4377           89
        4380         4041
        4387         1541
        4392          808
        4393         2566
        4399          817
        4404          640
        4407            0
        4412           79
        4418          736
        4419           12
        4422          462
        4427         4357
        4428         1445
        4434          295
        4440            0
        4442           28
        4450            0
        4451         4230
        4452          401
        4456           16
        4458         1406
        4462          339
        4463          294
        4468         1151
        4469         7157
        4470          772
        4472           35
        4473          243
        4474         3136
        4476         5602
        4479         7025
        4487         2142
        4488           23
        4491           18
        4496           84
        4498         5484
        4500         3630
        4503         5223
        4504           77
        4506         3745
        4508          265
        4509          136
        4514           10
        4523           63
        4525           30
        4526         2791
        4530            0
        4534         5540
        4536         3491
        4539          537
        4541          971
        4545         1799
        4549          673
        4552         4467
        4554           35
        4555         1085
        4556         2944
        4557          144
        4563         4167
        4566         3725
        4568         1134
        4569         4531
        4572            6
        4574            0
        4575          133
        4576           50
        4579            0
        4583           36
        4584          289
        4585         2154
        4588          250
        4589          919
        4593          792
        4594         2349
        4597         4532
        4601            0
        4604           26
        4606          699
        4611          428
        4614          420
        4618         5688
        4621          802
        4622            0
        4623         5827
        4627          365
        4630         3134
        4635          189
        4637         1287
        4644            8
        4647         1936
        4650         1365
        4651          337
        4655         2469
        4660          238
        4663          211
        4666          127
        4668           67
        4669          370
        4672         4732
        4675          310
        4684         4626
        4690            4
        4691          409
        4694          197
        4695          794
        4696          880
        4701         4505
        4703          158
        4704          107
        4706         1400
        4710         6824
        4711          115
        4714           58
        4719          101
        4721          835
        4722           10
        4731            0
        4732          147
        4733            0
        4736          264
        4737         1647
        4742          400
        4746         1333
        4749         3841
        4751            0
        4753         4666
        4754          358
        4759         5304
        4762         1076
        4763         1528
        4765         1000
        4768          195
        4770         2905
        4771          109
        4772         1996
        4774           32
        4779          128
        4781         2708
        4783           45
        4784          667
        4788         2653
        4790         3201
        4791          668
        4793          148
        4798          133
        4799         3624
        4801           68
        4806           97
        4813           67
        4814         4768
        4815         4769
        4820          145
        4821         4764
        4830         4692
        4832         7179
        4835         1307
        4837           25
        4838           20
        4844          133
        4847         1956
        4859         3452
        4863         1001
        4864         4494
        4872          578
        4873          816
        4879         3819
        4880         4854
        4883           77
        4888            0
        4890          539
        4899         1230
        4902          250
        4903         4847
        4904         4524
        4911          163
        4917          122
        4920         2535
        4921          276
        4924            0
        4925          145
        4926            4
        4927          880
        4929          478
        4930         2150
        4932            3
        4938          165
        4943         2905
        4944          169
        4945            0
        4950           36
        4951          462
        4955         4476
        4958         4849
        4960         1027
        4961         2085
        4963           13
        4970          310
        4974           83
        4975            0
        4977          114
        4980          650
        4982           34
        4985         3488
        4988         5556
        4990         1229
        4993           23
        4998          396
        5000          187
        5002         3439
        5004            0
        5005         2423
        5007           43
        5010          518
        5011          120
        5014           46
        5019          807
        5021          234
        5025         4744
        5026          293
        5028         1044
        5032            7
        5041          408
        5044          298
        5045         5518
        5047            6
        5048            2
        5056          648
        5057         7495
        5061          352
        5063         1513
        5066          158
        5070          443
        5072           20
        5078         7486
        5081         2563
        5086           42
        5092          149
        5097          394
        5099         4505
        5100         2585
        5109           85
        5112           51
        5115          217
        5121           32
        5123           31
        5124         2909
        5127          184
        5128         1146
        5129          455
        5130           16
        5133          276
        5134          108
        5135           97
        5136          363
        5138           77
        5140          321
        5141         2388
        5142         4105
        5147            0
        5150          825
        5151         7703
        5153            0
        5156          139
        5157          323
        5159          209
        5160          424
        5163           57
        5173          115
        5178         1258
        5181          298
        5183          339
        5186          475
        5187          740
        5188          116
        5189         5788
        5193         5104
        5195           40
        5197          394
        5198         5132
        5200          553
        5222          656
        5223          337
        5227         4895
        5228         3814
        5229         4588
        5230         7566
        5231         5246
        5232         4261
        5235          574
        5237         5541
        5242          254
        5243          314
        5245           47
        5248          429
        5251         2677
        5253         2470
        5257         6228
        5258          264
        5274          200
        5275           52
        5276         6025
        5279           30
        5284           26
        5286          499
        5287           86
        5288          458
        5293         5216
        5295         5134
        5299          104
        5302         4847
        5312            8
        5313           92
        5314         3786
        5316         2768
        5319         7285
        5322         5907
        5325         6118
        5327            0
        5328         2160
        5329           45
        5334           52
        5335           66
        5337          337
        5339          522
        5347          368
        5356           64
        5359         2278
        5363          260
        5364          103
        5365         5287
        5368           43
        5369          952
        5370          525
        5371         2141
        5377         1736
        5378           88
        5380         2772
        5382         1090
        5391            4
        5394           21
        5398         7743
        5400         2619
        5405         2172
        5407         5617
        5410         4593
        5414           44
        5416         4261
        5418         1080
        5421          133
        5422         5750
        5424         4740
        5427          888
        5428          135
        5430            1
        5433         6004
        5435         3336
        5442          210
        5446         1800
        5447         5408
        5448          585
        5456         1346
        5457         3761
        5458            0
        5459         4258
        5460         4660
        5462         2938
        5466           13
        5469           72
        5472           11
        5473          120
        5474         2188
        5482         2510
        5485         5670
        5488            4
        5491          310
        5493            4
        5497          128
        5498         5270
        5509           68
        5512         3840
        5534            0
        5535          535
        5539            0
        5541         1117
        5542         4781
        5549            0
        5550          198
        5552           61
        5557          578
        5559          123
        5560         6129
        5561          217
        5562         3041
        5568         1570
        5576            0
        5578          380
        5579           86
        5582         5549
        5586          264
        5593         1633
        5599          313
        5603         2676
        5607         1266
        5608           62
        5611          195
        5613         1029
        5625         5480
        5626           91
        5633          166
        5635         3233
        5640          928
        5643         1299
        5649         5279
        5653          176
        5656         1520
        5657          548
        5660           92
        5662         2206
        5667         7588
        5677          402
        5683         1178
        5684         3813
        5685          505
        5688           20
        5693         1299
        5698          695
        5699          139
        5700         5694
        5701         1972
        5703          165
        5712         3385
        5720            0
        5721         1090
        5726          720
        5727           11
        5738          506
        5741          809
        5749            4
        5751         1029
        5752          708
        5760            0
        5770         2510
        5771           48
        5772           97
        5777          458
        5780          859
        5783          336
        5785          367
        5788          140
        5794            0
        5800         5531
        5801         4974
        5802         5874
        5807          259
        5812          225
        5819         1587
        5823          181
        5824         5846
        5825           23
        5828           87
        5829         4798
        5837         1453
        5839            3
        5841         5733
        5852         2126
        5853         1788
        5856          357
        5857          345
        5861         1313
        5865          315
        5871            4
        5874         6592
        5885           96
        5886            1
        5890         4065
        5895          156
        5900         1372
        5912         1164
        5914           84
        5916         5752
        5924           92
        5927           35
        5928         1187
        5936           23
        5947         1793
        5959         2230
        5965          198
        5966          922
        5967           20
        5969          617
        5971          198
        5972          247
        5981           77
        5983         1477
        5987         1403
        5989          943
        5991         1866
        5998          409
        6004           82
        6008          104
        6009          127
        6013           34
        6016           70
        6017           32
        6023          164
        6024           24
        6032          150
        6034           87
        6039         5636
        6046         1768
        6047          202
        6049         4346
        6050          231
        6051         1137
        6058          246
        6062          895
        6065          176
        6074          235
        6075         3758
        6087         1305
        6090            6
        6091          333
        6092         3170
        6098         6045
        6099           12
        6103           66
        6104         2406
        6108         5824
        6113          164
        6114         1736
        6115         7541
        6122         4004
        6126         2904
        6128           19
        6130          235
        6131            4
        6132          660
        6136         6118
        6139          795
        6142          264
        6143         6077
        6144            0
        6146         5520
        6151          773
        6157           58
        6158          395
        6166          272
        6167         5160
        6168         3416
        6173           24
        6178          842
        6179         7163
        6180         1539
        6181          179
        6183            3
        6190         2554
        6193          517
        6199         1524
        6204          819
        6207          921
        6208         3893
        6209         5353
        6210         3075
        6214          143
        6218          104
        6222           35
        6223           38
        6225         1547
        6227          654
        6228         1475
        6229          650
        6231           48
        6236          101
        6241          534
        6249           42
        6260          133
        6262          425
        6266           28
        6272         6220
        6273          438
        6275          140
        6277         2117
        6285          956
        6286           16
        6293          302
        6295         1133
        6304         1912
        6306         2191
        6308         1013
        6310            0
        6312           33
        6314          840
        6316            0
        6319            4
        6320         6362
        6322         7118
        6325         5712
        6326          723
        6328         3631
        6330          114
        6333          890
        6342         6895
        6353          562
        6360          295
        6363         1145
        6366         3501
        6370         3026
        6372            0
        6378          133
        6379         1135
        6394          206
        6409         5884
        6420          408
        6429         1135
        6432           45
        6433            0
        6435          956
        6436          476
        6438          179
        6439         6485
        6440          685
        6442            0
        6446            2
        6447         3673
        6456         1210
        6461         1064
        6463          997
        6467         6429
        6468           32
        6471          648
        6472           27
        6474           38
        6482           14
        6486            7
        6491           74
        6502            7
        6505         5847
        6506           34
        6507         1303
        6509         3769
        6510          881
        6511          380
        6514           20
        6518          759
        6530          513
        6531         7501
        6537          133
        6539          382
        6547          712
        6548         4251
        6550           14
        6554         6398
        6557         1228
        6561         1205
        6567           77
        6571            0
        6572          115
        6574         1543
        6576          178
        6578          106
        6579           48
        6582            6
        6584         2726
        6585         6487
        6586          371
        6588            0
        6591          296
        6596           83
        6598            0
        6601          918
        6603           34
        6605         6566
        6608          157
        6609         1812
        6614           10
        6619         3940
        6622         4265
        6623          251
        6624           48
        6627         6690
        6635         6710
        6644          210
        6649          840
        6653           20
        6655            1
        6656          275
        6659          940
        6662            4
        6664         6327
        6674         1432
        6679         6040
        6680           46
        6681          511
        6701          168
        6703         4084
        6704         6359
        6707           26
        6713           74
        6715         6732
        6719          853
        6728         2191
        6731         6250
        6743         2347
        6749          273
        6750          134
        6751           40
        6754          331
        6762         6894
        6763            3
        6765          401
        6773         6980
        6774          214
        6780          302
        6782         1568
        6785          826
        6790         2177
        6793          151
        6795          104
        6796            0
        6799          672
        6802          180
        6803           45
        6809           28
        6816           16
        6826          489
        6828          276
        6829         1347
        6832          387
        6835           51
        6838          510
        6845         6755
        6847            0
        6848         3737
        6849          460
        6852         4828
        6861            7
        6866           45
        6870          164
        6873            3
        6874         1303
        6876          290
        6878         6836
        6882          143
        6885            0
        6887            0
        6892          387
        6893           11
        6895         3187
        6896            2
        6902          249
        6903           36
        6905           40
        6906          252
        6908          824
        6909          370
        6911           23
        6914          747
        6921           37
        6927            0
        6930         1183
        6937         2512
        6939            4
        6942         4046
        6950          229
        6952         5900
        6967          433
        6972            0
        6977         4636
        6984         1736
        6987          136
        6989           63
        6990           32
        6991           11
        6993           35
        6994          141
        7002         5226
        7003           97
        7007            0
        7010          107
        7020         4360
        7021         2667
        7022            5
        7024          144
        7025            1
        7029          698
        7033           10
        7036          185
        7038         3483
        7040          361
        7041         1339
        7042         1349
        7044           75
        7045         2129
        7048         2526
        7051          460
        7052            0
        7055            0
        7056         1309
        7060            1
        7069         2513
        7071         1044
        7073            1
        7078           46
        7082          210
        7083           97
        7085         2997
        7088         1637
        7089         7759
        7094            5
        7095         1120
        7099          720
        7102           47
        7105          729
        7107          729
        7110          117
        7114           15
        7116            7
        7118         2080
        7121         2823
        7131          104
        7137         6634
        7140          150
        7145            0
        7146          138
        7153           24
        7157          355
        7160          248
        7162          210
        7163           12
        7172           29
        7175         4898
        7180         1633
        7192          131
        7214          622
        7216           36
        7218            0
        7219           25
        7220          110
        7223         3398
        7228          327
        7234            0
        7236           68
        7246          246
        7250         1375
        7251           66
        7252          148
        7256         2213
        7259           28
        7265         5302
        7267            6
        7269            1
        7275          145
        7277            0
        7285            0
        7290         6645
        7292          248
        7293            3
        7296         7041
        7297           19
        7298           86
        7302            8
        7306          181
        7314         4894
        7319         4210
        7322           48
        7333         3478
        7338           33
        7343         2280
        7344          324
        7346           42
        7350            0
        7364          395
        7365           93
        7369         5863
        7378          505
        7386          577
        7391          935
        7414          128
        7417            5
        7418         7679
        7427          145
        7428            0
        7430          243
        7436          225
        7444           44
        7445         1572
        7459         1403
        7462         7447
        7463         7445
        7465         1463
        7467          345
        7473         3517
        7478          107
        7484         3910
        7487           70
        7489         1934
        7492            7
        7495         7686
        7502           60
        7503         3644
        7507          921
        7511         1219
        7513         1513
        7521           85
        7523          319
        7526            0
        7533         4715
        7541          466
        7542          962
        7543         1108
        7547         5997
        7550         1202
        7553          320
        7563         7031
        7569           19
        7571          471
        7585         2102
        7588         2998
        7596         7593
        7601         3086
        7604          378
        7605           89
        7606          258
        7609         7539
        7612           22
        7618          725
        7621          315
        7625          484
        7628           58
        7630          246
        7631          475
        7636         2448
        7649           79
        7651            0
        7652          232
        7657         2552
        7663         1567
        7666            0
        7667          168
        7670         3126
        7671         1291
        7672         2053
        7674         6300
        7675         7683
        7679          664
        7680           91
        7685           15
        7689          665
        7691          143
        7694         4369
        7696         4665
        7699         7753
        7709            0
        7715          180
        7735           84
        7740          300
        7743            1
        7745          853
        7749         6080
        7756          404
        7760          257
        7761         7830
        7763           71
        7766         7768
        7767         2834
        7777         1107
        7781          984
        7783          818
        7786           14
        7794          322
        7800          151
        7811           83
        7814         7838
        7824          431
        7827         1497
        7836            1
        7843          143
        7844            0
        7854          266
        7859         3893
        7863           28
        7867         5495
        7873          951
        7874          476
        7875            9
        7877         1128
        7878          811
        7880           88
        7885         1633
        7887         4743
        7895          258
        7896          250
        7901           33
        7903            7
        7908         1102
        7915          636
        7917           46
        7924            8
        7925         3656
        7926          482
        7928            2
        7932           34
        7933          773
        7934         3546
        7938          141
        7946         3312
        7950         1699
        7955           26
        7965            4
        7967          835
        7968         1073
        7973          139
        7980          232
        7981          225
        7983         3905
        7989           75
