# HaloID(1) HaloID(2)
           0            0
           1            1
           2            2
           3           59
           4            4
           5            5
           6            6
           7         3315
           8            1
           9            9
          10          772
          11            8
          12           12
          13         1633
          14          294
          15         4318
          16          782
          17          698
          18            0
          19           19
          20           28
          21         2022
          22           22
          23           23
          24           53
          25         1161
          26           17
          27           25
          28         2504
          29           29
          30          708
          31         1049
          32         4623
          33           82
          34         5800
          35          656
          36           34
          37           38
          38          113
          39          172
          40           40
          41            9
          42          676
          43          385
          44         3446
          45           45
          46            7
          47         3035
          48         1487
          49         2046
          50         1124
          51         2120
          52           26
          53         6869
          54          677
          55          266
          56          187
          57         4735
          58           31
          59         2579
          60           60
          61           61
          62           59
          63         1038
          64           53
          65          894
          66          159
          67         1520
          68           12
          69          241
          70         3043
          71           72
          72           71
          73          204
          74           74
          75          692
          76          341
          77           77
          78          603
          79         3820
          80         1000
          81          238
          82           91
          83          784
          84          561
          85          268
          86          247
          87          252
          88           87
          89          427
          90         3522
          91          474
          92         3185
          93          642
          94           51
          95          709
          96         3514
          97          661
          98          782
          99          272
         100          714
         101          172
         102          396
         103          102
         104          373
         105         5457
         106            0
         107          106
         108          118
         109         3106
         110          540
         111         3416
         112           34
         113           55
         114          298
         115         5102
         116         2962
         117         1147
         118          117
         119          119
         120         7225
         121         2647
         122          623
         123         7330
         124          127
         125         6649
         126           67
         127          130
         128         2124
         129         6845
         130         3545
         131         3471
         132          133
         133         5691
         134         9454
         135          172
         136         1601
         137          135
         138            1
         139          186
         140           36
         141         3611
         142         1234
         143         1343
         144         4716
         145         7361
         146           28
         147           22
         148          333
         149          855
         150          460
         151           22
         152          174
         153         8798
         154         4349
         155           86
         156           36
         157         1158
         158         4457
         159          350
         160         4647
         161         6870
         162         3231
         163          371
         164         5839
         165          357
         166         1195
         167           83
         168           20
         169          237
         170          170
         171         9029
         172          182
         173         6750
         174          106
         175         2787
         176          394
         177         1867
         178          189
         179          697
         180          371
         181            0
         182         8296
         183         7619
         185           17
         186         6724
         187         1059
         188          188
         189         2405
         190         3029
         191          995
         193         2499
         194           67
         195          341
         196         2942
         197         2694
         198           24
         199          404
         200           12
         201         7316
         202         1782
         203         1136
         204         5607
         205         4635
         206           54
         207         9789
         208         5480
         209         7420
         210         4435
         211          622
         212         1253
         213          123
         214          632
         215         8641
         216            2
         218         3807
         219          222
         220         2205
         221         7151
         222          809
         223         2792
         224          427
         225          686
         226         4391
         227         3904
         228           85
         229           79
         230         4679
         231          234
         232          178
         233          798
         234         1030
         235         1232
         236         2320
         237          211
         238         2387
         239         2584
         240         1244
         241         9589
         242          244
         243            8
         244         1236
         245         4417
         246         4090
         247            2
         248           39
         249         8177
         250         1695
         251         7646
         252          524
         253         3802
         254         1530
         255         6864
         257         5886
         258          258
         259          573
         260          129
         261          305
         262           43
         263           94
         264          906
         265          590
         266           14
         267          250
         268          620
         269          123
         270          389
         271         5184
         272         1750
         273         5918
         274           66
         275         1790
         276         3452
         277           28
         278         7009
         279         2466
         280         5363
         281           11
         282         1429
         283         3418
         284         6261
         285          489
         286          568
         287           36
         289         9250
         290          231
         291         9371
         292          291
         293          191
         294          434
         295         4897
         296           22
         297         3937
         299         3340
         300         6051
         301            9
         302           12
         303          383
         304         5673
         305         2400
         306         2369
         307          425
         308         6167
         309          313
         310           52
         311           13
         312         5192
         313         6814
         314         1433
         315         3287
         316         2643
         317         1581
         320         2994
         321         1406
         322          320
         323         2135
         324         1991
         325           80
         326          546
         327           52
         328           15
         329           31
         330          605
         331          755
         332         1134
         333         1268
         334         2650
         335          856
         336           61
         337         1071
         338          145
         339          620
         340          929
         341         1090
         342         7073
         343           69
         344          275
         345          345
         346         3127
         348         7762
         349          404
         351           77
         352          260
         353         4647
         354         1540
         355         8367
         356          170
         357         4543
         358           20
         359          172
         360         6487
         361           12
         363           37
         364           82
         365         2656
         366           78
         367          825
         368          697
         369          342
         370         8687
         371         4538
         372         2827
         373         9235
         374         7479
         375         2643
         376         2377
         377         8559
         379           20
         380           22
         382         4109
         383         1084
         384         1049
         385         5442
         386           28
         387         4854
         388         4464
         389          367
         390         4890
         391           35
         392          396
         393          270
         394         2734
         395         2281
         396         1588
         397          582
         398          920
         399           16
         400          558
         401          537
         402         1660
         403         7591
         404          226
         405         5571
         406           22
         407          332
         408         2637
         410         2391
         411           67
         412           52
         414          812
         415           12
         416         7530
         417            4
         418         5347
         420         2509
         421          708
         423          699
         424          504
         425          346
         426           56
         427          448
         428          440
         429          744
         430           22
         431           88
         432          647
         433         7705
         434         2062
         436         6997
         438          107
         439         1776
         440          210
         441         2277
         442          332
         443         2520
         444           83
         445         1621
         446         3369
         447         1063
         449           85
         450         5874
         451         5245
         452         2067
         453          221
         456         8190
         457         1406
         458         1155
         459         2047
         460           16
         461          198
         462          466
         463          653
         464          598
         465          986
         466         5013
         467         4481
         468          184
         469         5477
         470         4505
         471         5628
         472          479
         474           22
         475         4578
         476         8811
         477         5504
         478          433
         479         1284
         481         4435
         482         3945
         483         9851
         484         2932
         485         1798
         486          836
         487          731
         488          120
         490         2539
         491           46
         492           16
         493         1487
         494          425
         495            1
         496         7155
         497           22
         498         1161
         499         3215
         501          479
         502         1470
         503         3310
         504          147
         505         7676
         506         6604
         507          444
         509         1940
         510          920
         511         4381
         512         1190
         513          608
         514         1633
         515          101
         516           22
         517           17
         518          519
         519         3544
         522          138
         523         4854
         524          810
         525          276
         526          496
         527           25
         528           83
         529          190
         530         6909
         531           94
         532          955
         534         1145
         535          278
         536           53
         537          365
         538         1266
         539         1636
         540          123
         542          146
         543          131
         544            2
         545           83
         547          573
         548         2051
         549          247
         550          554
         552          221
         553           54
         554          587
         555         2184
         556          873
         557         5763
         558          567
         559         1222
         561          213
         562         2431
         563          386
         565         4735
         566         1288
         567           39
         568         4716
         570          571
         571         3456
         572         2142
         574          291
         578          116
         579         4417
         580         8255
         581         5469
         582          324
         583          581
         584         9178
         585         9238
         586         4679
         587          271
         588         3546
         589            0
         590          177
         593         4414
         594          256
         595          967
         596          509
         597           47
         598           30
         599         9099
         600         3240
         601          345
         602         1948
         603         3899
         604         5755
         605           74
         606          896
         608         5754
         609          118
         610          599
         611         5416
         612           11
         614         5589
         615          300
         616          159
         617          609
         619         7324
         620         7163
         621         1001
         622         2840
         627           12
         628          712
         630         4374
         631          134
         633         3611
         634          671
         635            7
         636           27
         638         8314
         640         6277
         641         2489
         642         6923
         643         9356
         644          446
         645         2783
         646         8040
         647         4337
         648         7160
         649           28
         650         5034
         651         3179
         652         7893
         653          551
         654         5846
         657          194
         658          113
         659           61
         660         4897
         661         7074
         662          350
         663          111
         664         1357
         665         2360
         666         5761
         667          268
         668          570
         669           48
         671           80
         674         3016
         675         1972
         676           28
         677         1282
         678         1120
         680          159
         681          619
         683          652
         684         9190
         685         7062
         686         5604
         687         9491
         688          391
         689         1709
         690          315
         692         1262
         693         3001
         695         2106
         699         7677
         700           51
         701         2073
         702           83
         704          629
         705         4174
         706          493
         708         7225
         709           62
         710          323
         712          543
         713         7369
         715           47
         716           65
         719           82
         720         5448
         721          147
         722         1391
         723         1730
         724            0
         725         1392
         726         6583
         727          356
         730           36
         731         7248
         732          219
         733         9847
         734         1298
         737          685
         738          337
         739         2405
         743           27
         744          757
         745         5686
         746           34
         747         4659
         748          169
         749         5332
         750          660
         751           22
         752         7297
         753         6109
         757         5041
         758         2277
         759           34
         760          999
         761         1125
         762         4485
         763          237
         764         6805
         765          819
         766          237
         767          187
         770         4720
         771         1768
         776         2684
         777         2177
         779         1483
         781          496
         782           69
         783         1155
         784          802
         785         4742
         786           12
         787            0
         789          792
         790         4669
         792          792
         793         1211
         794         6643
         796         7543
         797          814
         798         1108
         800         2553
         801         2601
         802         5506
         803         3296
         805          802
         806          104
         808           25
         810         2546
         811          774
         812         5304
         813         2011
         814          689
         815           30
         816           95
         817          911
         818         8339
         819         1071
         820          171
         821         5360
         822         6395
         823           28
         824         2135
         825          235
         826         1395
         828          954
         830         1955
         831         1919
         832          120
         833         2516
         836         3057
         837          235
         838         1132
         839          488
         840           37
         841         7436
         842           83
         843         3210
         845         2551
         847         3706
         848          508
         850           12
         851          842
         853         6739
         854          287
         855         5012
         856          413
         857          270
         858          239
         859         1082
         862         7788
         863         1290
         864         2440
         865          666
         866         1007
         868           37
         870           12
         871         5413
         872         1871
         873         1835
         874          250
         877          120
         878         1880
         880          870
         881           63
         882          875
         885           17
         887           82
         888          313
         890          533
         891         1953
         892         3090
         893         3043
         894          418
         895         1164
         896           13
         898          808
         899         6285
         900         7223
         901          149
         902         5050
         903         3620
         904          483
         905           22
         906           99
         907         4841
         908         9282
         909         8618
         910         6710
         911         2697
         912         2290
         913          477
         915         8234
         916          441
         917         8287
         919         2426
         920          537
         921         7312
         923         6397
         925         2897
         926         2390
         927           19
         928         3006
         929          167
         931         4922
         932         3927
         934         1072
         935          324
         936         4346
         938         5520
         940         9449
         941         4357
         943         1526
         944          810
         945           86
         946          290
         947          985
         948          475
         950          179
         951         4820
         953          184
         955         8368
         956          141
         957         5260
         959          294
         960         4658
         961          568
         962         2747
         964          499
         966           49
         967         6757
         968          117
         970          227
         971          213
         972         6242
         974         1056
         975         4937
         977          208
         980          252
         981         2353
         982         1586
         984         2996
         987           87
         991         9623
         992          129
         993           78
         994           34
         995          136
         996         1949
         997         7620
         998           22
         999         1973
        1000           96
        1001           51
        1003           35
        1004         3416
        1005          360
        1006         2631
        1007         1928
        1008         2931
        1009         1932
        1010         2362
        1012          146
        1014         2437
        1015          727
        1016          343
        1017         1046
        1018         1256
        1019         4336
        1021          771
        1022          185
        1024          287
        1027         4022
        1028           33
        1029         1010
        1030         9446
        1031           85
        1032         3189
        1033         3364
        1034         1276
        1035          808
        1036         2972
        1038          465
        1039            4
        1040            0
        1042          646
        1043         1024
        1045         2864
        1046          150
        1047         7832
        1048         3942
        1049         3983
        1051         1442
        1052         7003
        1053         4370
        1054         1534
        1055          552
        1056         3979
        1057         1212
        1058          228
        1060          281
        1061          107
        1062         1360
        1063         2901
        1065         1600
        1066         1062
        1068          247
        1069         2554
        1070         6185
        1072            4
        1074         2383
        1075         7644
        1076         2078
        1077         1593
        1078           25
        1084         4104
        1085         1113
        1086         2462
        1087         6029
        1089           47
        1091         1953
        1092         3093
        1093         7597
        1094          296
        1095         1088
        1096          388
        1097           99
        1098         1460
        1099         2241
        1100           47
        1101         1713
        1102          305
        1104          328
        1105          282
        1106         1058
        1108         1480
        1109         1844
        1111         3634
        1112          512
        1113           21
        1115         3657
        1116          893
        1118          292
        1119         1122
        1120           78
        1121          802
        1123          138
        1124         1174
        1125          554
        1126         4774
        1130         4129
        1131          338
        1133          246
        1134         7436
        1135          389
        1137         2696
        1139            4
        1140            5
        1141         4004
        1142         3038
        1143          126
        1144         1558
        1145         8626
        1147          110
        1148         2571
        1149         2778
        1150         4339
        1152          821
        1156         1631
        1157          116
        1158           28
        1162          110
        1164         7883
        1165          961
        1167         1434
        1168         3815
        1169           91
        1170         9143
        1171         1525
        1172          117
        1173         1047
        1174          474
        1175         1517
        1176         1089
        1178            0
        1181           28
        1183          348
        1185         8358
        1186           63
        1188          594
        1189           36
        1190         4983
        1191         1453
        1192         3290
        1193          488
        1195           16
        1196          462
        1197         3466
        1199         3168
        1200         1357
        1201          100
        1204         2848
        1206          946
        1207         1403
        1208         1769
        1209          661
        1211         1738
        1212         1202
        1213           55
        1214          581
        1216         7863
        1217         1391
        1218           50
        1219         5717
        1220          389
        1221         3103
        1222         1201
        1223          192
        1224           22
        1225         6298
        1227           85
        1229          275
        1230           16
        1232           44
        1233         3774
        1234          796
        1235         8861
        1236          460
        1237         4651
        1238         1355
        1239         1984
        1240           94
        1242          518
        1243         5929
        1244          699
        1245         4391
        1246           61
        1249         5718
        1251         1771
        1252          585
        1253           56
        1254         1618
        1256         6021
        1257            0
        1261         2107
        1263            6
        1264         1266
        1265         2657
        1266         2465
        1267          830
        1271         5360
        1272         9527
        1274         1256
        1275          540
        1276         9189
        1277          775
        1278         7471
        1281         4706
        1282         5274
        1287          622
        1288          119
        1289         7771
        1290         1461
        1291         2064
        1292           14
        1293         3931
        1294          222
        1295          173
        1297         6952
        1298         4789
        1299         1544
        1300         7239
        1301          460
        1303         5445
        1304         8883
        1305         1611
        1306          468
        1307         1956
        1308         1393
        1309         8572
        1312          910
        1313         9516
        1314          289
        1315         8589
        1316         4405
        1319         1663
        1320         5706
        1321           36
        1323         1305
        1324         2702
        1325         2701
        1326         4349
        1328           61
        1330           36
        1331          530
        1332         8725
        1333           28
        1336         3052
        1337          372
        1340           49
        1341         1509
        1343            0
        1344          509
        1345         5122
        1346         1566
        1347         1318
        1348         2542
        1349         9501
        1350         7274
        1351         2513
        1352         2262
        1355         8662
        1356         1923
        1357          575
        1358          619
        1360           30
        1361         1036
        1363          150
        1364         3659
        1365         1351
        1367           83
        1371         5268
        1373         3014
        1377         3406
        1378         5025
        1379          325
        1380          651
        1381          920
        1384          207
        1386         3700
        1387           12
        1389            0
        1390         7029
        1391           44
        1393          235
        1394         2707
        1395         1376
        1396          459
        1398           83
        1404          189
        1405          485
        1410         1136
        1412         1306
        1414         2206
        1415         1640
        1416           28
        1418         1621
        1419         3548
        1421         3665
        1423          107
        1424         2051
        1426         1003
        1428           33
        1430           46
        1431           96
        1432         7614
        1434           63
        1436          529
        1437         5779
        1438         3978
        1440          150
        1442         3443
        1444         8033
        1445         9355
        1447          522
        1448         2962
        1450          946
        1451         2655
        1452         3025
        1453           44
        1455          159
        1456          456
        1458         1814
        1459         2369
        1460          883
        1462            4
        1464         1184
        1465           12
        1466         2375
        1467         5600
        1468          115
        1469          418
        1476         3696
        1477         1128
        1481          138
        1482          829
        1484         2067
        1485         1809
        1487         4679
        1491         9059
        1492         3020
        1494         1955
        1496         1538
        1498         2199
        1499         4270
        1502          252
        1503          990
        1507         1369
        1509           12
        1512         2513
        1513          358
        1514         1827
        1516          670
        1517         6091
        1518         6000
        1520         4585
        1522            8
        1525          876
        1526          501
        1528         1917
        1531           23
        1533         1500
        1534         1407
        1536          432
        1538          830
        1541           61
        1542         3982
        1543         8867
        1544           37
        1545          117
        1547         1413
        1549          270
        1552         7237
        1553         1664
        1554         2843
        1555          254
        1556         4859
        1558          301
        1559         7712
        1560          138
        1562         4168
        1566         1445
        1567          477
        1570         7118
        1571           85
        1575           38
        1576         6725
        1580         2911
        1581          714
        1582         3398
        1583          460
        1587         1710
        1589          780
        1590           12
        1594         5058
        1595         1591
        1597         3075
        1599          684
        1600          376
        1602         2452
        1603          170
        1606          931
        1607          710
        1608         4425
        1612         8353
        1613         4890
        1620         1029
        1621          252
        1622         9495
        1623          273
        1624          258
        1625          323
        1627          182
        1629         3198
        1630         3491
        1633         4644
        1634         1635
        1638           12
        1639         1230
        1640         7585
        1643         2008
        1644         2605
        1645          332
        1647          633
        1648         2387
        1652          985
        1654          308
        1655         1317
        1656         3714
        1658         2369
        1659         2944
        1661         2309
        1664         1566
        1665         2309
        1667         2647
        1669          246
        1671         3332
        1673         1914
        1674         9733
        1675           49
        1676            0
        1678           83
        1679          102
        1680         2438
        1681         1764
        1682         3381
        1684         5662
        1685         2697
        1686         1689
        1687         6571
        1689         2242
        1691          384
        1695         2764
        1696          231
        1697          843
        1699         9512
        1700         3057
        1701         9533
        1702         5706
        1703         3382
        1704          337
        1706           37
        1708         3389
        1709         3767
        1710         2701
        1712           12
        1713            8
        1714           12
        1715         5729
        1716         6879
        1717          107
        1721            0
        1722         3444
        1724         3168
        1725          474
        1726         1676
        1728           19
        1729            3
        1730         3690
        1731          346
        1732          189
        1736          727
        1737         1916
        1740         6122
        1741         2009
        1742          237
        1743         1274
        1744         5953
        1749         5496
        1750          355
        1751         1652
        1752           36
        1754          639
        1755         7454
        1756          315
        1757            9
        1758         1939
        1759         1271
        1761          296
        1762          130
        1764         4543
        1766            8
        1768          253
        1769         3397
        1772           40
        1773         4252
        1776           12
        1782          329
        1784         3114
        1786         4652
        1787         3587
        1788         6235
        1790          751
        1791         4982
        1792         4378
        1793         5157
        1794         7388
        1796            5
        1798           36
        1800         3322
        1801         3137
        1802           37
        1804           28
        1806         1125
        1808          617
        1812          540
        1814          273
        1815           59
        1817         3348
        1818         3908
        1819          166
        1820         1911
        1821         1194
        1824         9188
        1826         1403
        1827          925
        1830         1272
        1832         2178
        1833         1192
        1834          154
        1835         3455
        1837         2086
        1839         5988
        1842         4628
        1843         1211
        1844         6725
        1846         1080
        1847          256
        1848         1213
        1849         6496
        1850         4685
        1852          426
        1854         6642
        1855         5739
        1859           68
        1866         6776
        1867            0
        1868         1848
        1870         3017
        1872          511
        1873         1302
        1875          237
        1877         2281
        1880         1571
        1885           12
        1888          221
        1890           23
        1892           61
        1894         1142
        1895         2820
        1898         4098
        1901           93
        1904         3642
        1910         2171
        1911         4275
        1912         8259
        1914         7074
        1917          309
        1918          438
        1919          709
        1927          169
        1928         1212
        1929         4653
        1931          456
        1933         4421
        1934         1352
        1936          497
        1937         2067
        1939          263
        1945         1059
        1946         1254
        1947           52
        1950           16
        1952          143
        1953         1793
        1954          194
        1955            0
        1957         7369
        1958          367
        1960         1040
        1964         3131
        1966          678
        1968         7103
        1974          239
        1975           55
        1976          975
        1977          514
        1982          656
        1984          153
        1989          172
        1993          310
        1994          144
        1995         6065
        1996         3421
        1999          951
        2001          794
        2002           89
        2006         7316
        2009         2188
        2010         1114
        2011         2719
        2013         4395
        2015         1400
        2017         1767
        2018          129
        2019          342
        2021         2532
        2023          632
        2024          325
        2026         5547
        2028           89
        2029          145
        2032         2199
        2034           16
        2035         1343
        2037           12
        2040         1953
        2046         2349
        2047          262
        2050         3014
        2051          591
        2053         1344
        2054          660
        2055         2518
        2057          450
        2058         5198
        2060           25
        2061         1424
        2063         4459
        2066          172
        2067         5088
        2069          358
        2070         8033
        2073          119
        2075          920
        2076         1973
        2077            0
        2078         3419
        2081         7813
        2082         5664
        2083            4
        2084         5111
        2088          955
        2090          810
        2093           15
        2094         3636
        2098           16
        2099           88
        2102          619
        2103         8694
        2108         2455
        2112         1071
        2113         2346
        2114         6096
        2115         1130
        2116          540
        2118          127
        2121           83
        2123          529
        2124         4783
        2125           96
        2126         6059
        2127          447
        2128          816
        2129         9479
        2130         8052
        2131          745
        2133           37
        2134           34
        2137         2360
        2139          268
        2142         4437
        2144         6603
        2147         4651
        2148         5951
        2149         1105
        2152         2005
        2153         1164
        2155          560
        2156         4594
        2157         6940
        2159         2271
        2161          371
        2163           49
        2165          546
        2167         1720
        2168         8657
        2169         2145
        2170            3
        2173          915
        2174         1278
        2176          139
        2179         2065
        2182         1462
        2183         3414
        2187         3044
        2190         6567
        2192          371
        2196         1665
        2197         2174
        2201          287
        2203         7746
        2204         4515
        2207           36
        2209          616
        2210         7838
        2212         2390
        2214         2388
        2217         2646
        2218           58
        2223         8732
        2226            0
        2227          913
        2228         2639
        2233         6170
        2239         2692
        2240         5344
        2245         5645
        2246         5948
        2247         5596
        2248          239
        2249         7085
        2250          812
        2251         7728
        2252         3658
        2253         7008
        2255         1730
        2256         5377
        2257          231
        2258         1193
        2260         5739
        2261         6798
        2262         2114
        2263         1665
        2264         1158
        2266         2308
        2273         5101
        2275         5269
        2276          591
        2277         8407
        2281           80
        2285         6445
        2289         1119
        2291          372
        2295         5413
        2296         2506
        2299         1684
        2300           52
        2302         4530
        2304         2546
        2305         1869
        2308          174
        2317          489
        2319         1290
        2320         6750
        2322         7199
        2323          304
        2327          903
        2330           45
        2331         4218
        2334           28
        2335         4170
        2337           12
        2338         5455
        2339         6448
        2340          108
        2343          699
        2344         2281
        2347         3080
        2348           17
        2350           28
        2351         2920
        2354         2339
        2355         1223
        2365         1521
        2371         2767
        2373         1904
        2375          250
        2378         4853
        2380         5435
        2381         7228
        2382         4036
        2389          334
        2391         2350
        2392         1538
        2395         4435
        2396         1676
        2398          606
        2399          183
        2402         5133
        2407           26
        2409         5874
        2410           95
        2411          437
        2415         3382
        2420          181
        2422         2134
        2425          194
        2426         3353
        2427          337
        2428         8885
        2429         3895
        2430         3290
        2432           97
        2433          233
        2434          253
        2438          827
        2443         2412
        2444            0
        2446          876
        2449          685
        2450         1359
        2451         1025
        2454          237
        2457         1106
        2459         2558
        2460          344
        2462          994
        2465         1199
        2466         1292
        2471         1567
        2472          533
        2473          287
        2474         9238
        2476          640
        2478         8524
        2479         7086
        2485         3148
        2486          671
        2487         7797
        2490          470
        2491         6400
        2498          256
        2502          646
        2507         4644
        2511          358
        2513         2850
        2514          194
        2516         7491
        2517          363
        2519         3316
        2520          397
        2521           96
        2522          247
        2523         5385
        2524         1765
        2525           37
        2531          116
        2532          425
        2533         2467
        2534          223
        2535         3103
        2538          620
        2540         3390
        2541         1401
        2542          355
        2543          719
        2544          343
        2545         2523
        2546         8585
        2547         6809
        2549          177
        2550         7129
        2551            2
        2552            7
        2554          890
        2556         2441
        2559         1148
        2560         2273
        2563          963
        2564          435
        2567           79
        2568         5517
        2569          269
        2570         6940
        2571         5758
        2573         9568
        2574           28
        2575          116
        2577         1022
        2579         1133
        2584         5549
        2588         1576
        2590         2857
        2592          103
        2594          222
        2595         8662
        2596         1079
        2597          983
        2600          206
        2603           10
        2604         1785
        2611          129
        2615          815
        2617         2904
        2618           11
        2619         3070
        2620          101
        2622         1106
        2626            2
        2628           40
        2632          372
        2636         2833
        2637         7240
        2638          692
        2640         3558
        2643          153
        2644         4337
        2645          136
        2647         5655
        2650         4566
        2651         6351
        2656         2540
        2657          269
        2659         8157
        2660          108
        2661         3481
        2663         8537
        2664         1697
        2669         2129
        2672         1935
        2674         2186
        2675         1330
        2677         1199
        2682         7913
        2684          262
        2687          630
        2689         6732
        2690         1466
        2691         1390
        2694          875
        2697         6091
        2698         3266
        2701         1145
        2702           81
        2705         8507
        2707          518
        2708          118
        2709          331
        2710          921
        2712          901
        2714         2242
        2718           75
        2721          777
        2722         9024
        2723         1793
        2726         2717
        2728          504
        2732         7981
        2733         4026
        2734         3031
        2738          277
        2739         6735
        2740          426
        2741         1007
        2743         8393
        2745            5
        2746         2630
        2747         2384
        2753           83
        2756           90
        2757         2265
        2759         2820
        2761         8907
        2763         4998
        2764         3137
        2768         9810
        2769          194
        2771         1522
        2772          176
        2773           22
        2774         4435
        2776         3807
        2777           15
        2778         3098
        2779         4485
        2782         3556
        2785         2765
        2786            0
        2787         2745
        2788           37
        2791         2787
        2794            5
        2795          699
        2798         3837
        2804           27
        2805            9
        2810         8155
        2811           35
        2812            5
        2816         8790
        2819         2778
        2823         2841
        2830          752
        2831          547
        2837         4578
        2839         5123
        2845          140
        2846          437
        2848           87
        2855         5409
        2857            6
        2858         2731
        2860          160
        2863          110
        2865           35
        2866         9150
        2867         7008
        2868         3301
        2869         7527
        2873           83
        2875         5597
        2876           61
        2883         8015
        2885         1488
        2886          595
        2890          179
        2898          157
        2899         7301
        2903          902
        2905          197
        2909         2679
        2911          707
        2921         3018
        2925          117
        2926          102
        2928         1563
        2931           47
        2932         2171
        2933           25
        2937            5
        2942         3326
        2943          259
        2944           79
        2946         6552
        2950         1334
        2951           83
        2952         1266
        2953         7736
        2954         2018
        2955         5565
        2956           18
        2957          332
        2962         2653
        2963          385
        2968         2958
        2975         2906
        2976            4
        2978         5906
        2979         2260
        2982          691
        2983          788
        2986           99
        2987           19
        2989          384
        2993         2536
        2995         3515
        2997         1035
        3003           21
        3005         1539
        3007         2488
        3008          746
        3014         9398
        3015         6335
        3016          638
        3019           32
        3027         5415
        3028         4512
        3029          746
        3034         7799
        3035         4488
        3039         2287
        3040         1650
        3041          145
        3042          808
        3043         4000
        3044         6624
        3047          687
        3048         4676
        3049         1967
        3050         2685
        3053            0
        3055         2169
        3058         2417
        3065          786
        3066         4883
        3071         5258
        3072          217
        3077         7913
        3079         1823
        3080           88
        3081         1190
        3083         3224
        3085          153
        3086         2151
        3088          727
        3092         4998
        3093         2745
        3094         2907
        3095         4243
        3101         7671
        3104         1462
        3106         3423
        3107         1561
        3111         3819
        3113         1022
        3114         5072
        3116         1914
        3118         3535
        3121          157
        3124         3747
        3125          492
        3129          293
        3131          186
        3132         2477
        3134         3087
        3136          276
        3138         3171
        3139          456
        3140         2368
        3141          128
        3142         6298
        3144          275
        3145            5
        3146           53
        3149         3545
        3151          154
        3152           13
        3154          144
        3158         2360
        3161          759
        3164         3228
        3166          217
        3167         1266
        3169         4644
        3170           64
        3175           40
        3176           38
        3179          157
        3180         5566
        3181          358
        3182          951
        3183         6300
        3185         4323
        3188         5825
        3189          700
        3190         1351
        3194         2296
        3196          133
        3198          747
        3201          218
        3204           43
        3207         1104
        3208         2501
        3210         5111
        3212         2684
        3213         7437
        3214         1132
        3215           47
        3216           19
        3218          244
        3220         4701
        3221          947
        3222         6092
        3223            9
        3224          270
        3225          384
        3229         7818
        3230           26
        3232          492
        3233            0
        3234         5098
        3236         1608
        3239         4305
        3240         3532
        3251            0
        3252         1528
        3260          540
        3261          920
        3264          863
        3266         5252
        3267          263
        3268          332
        3270         4600
        3277         1841
        3278         3646
        3279         1941
        3280          282
        3283         1709
        3284          145
        3286         4316
        3287         1825
        3288         5910
        3289          242
        3293         1138
        3294           33
        3297         1554
        3300         5725
        3301         7122
        3303           37
        3304          374
        3305         9203
        3307         4563
        3310           51
        3311           32
        3313          990
        3317          721
        3326          275
        3327         4114
        3328         1047
        3331          182
        3333           55
        3335         4008
        3336          601
        3338         3440
        3343         9030
        3345         2346
        3348         2073
        3349         2368
        3351         5398
        3353         2682
        3355         1538
        3356         1512
        3357          723
        3361         5304
        3362         3284
        3363            0
        3364         6036
        3367         8118
        3371          392
        3377          143
        3383          794
        3385         5032
        3386          186
        3387         7684
        3389            2
        3391          604
        3393         1288
        3396         3030
        3398         1987
        3400          446
        3402         1119
        3406         4586
        3407           38
        3410          674
        3412         4222
        3414          176
        3415         2448
        3420          325
        3421         1849
        3424         3157
        3428         1302
        3429          223
        3435          367
        3436          288
        3437          249
        3439         1557
        3441          334
        3443         2454
        3447          208
        3448          121
        3453          330
        3455         6193
        3459           14
        3462         5398
        3463          277
        3466         2349
        3469         1298
        3473         4009
        3474         7103
        3478         2977
        3480         5911
        3481         1407
        3492         6619
        3494         5948
        3495         2375
        3496            9
        3497         2246
        3498         2263
        3499            2
        3503           44
        3505         4098
        3517          456
        3528          967
        3531         4516
        3537          423
        3540          290
        3541            4
        3542         5193
        3545           27
        3546          110
        3547         2009
        3551         3196
        3553          386
        3554          597
        3556          225
        3557          824
        3558          129
        3560           25
        3563         2373
        3570         7295
        3573         6132
        3575         4404
        3578         1436
        3579         3446
        3583          636
        3584           90
        3585         1256
        3589          955
        3592            3
        3593         2717
        3594          492
        3596         1536
        3597         3426
        3598          719
        3599         2951
        3600          547
        3601         6891
        3602           25
        3606         3330
        3609         5865
        3610          989
        3614           74
        3623         6397
        3625         2082
        3628         8439
        3632         2216
        3639         2479
        3640         3888
        3641          606
        3645         2711
        3646         5417
        3647          659
        3652         5898
        3654         2077
        3657         7013
        3658         5510
        3660         5186
        3663            2
        3664          604
        3669           36
        3670          577
        3672          367
        3684           91
        3686         1730
        3690         1115
        3691         3074
        3695          272
        3700         9202
        3704         3825
        3706          484
        3708          437
        3709         2841
        3711         1525
        3714          504
        3716         2715
        3719         4203
        3720         3507
        3724         7600
        3728          276
        3730         1780
        3732           58
        3733         4163
        3734          546
        3736         2545
        3737          111
        3739          156
        3746         2167
        3749          952
        3750         9687
        3760         8131
        3763          122
        3764         8781
        3769         7683
        3774         1351
        3775            8
        3778           39
        3783         1914
        3784          276
        3787            9
        3798          939
        3799         5210
        3801          423
        3802         1952
        3805         1759
        3806         1069
        3807          277
        3810         3798
        3812           14
        3813         3749
        3816         4651
        3819          393
        3820          706
        3821         5020
        3825           14
        3826         3998
        3827          582
        3831            1
        3832            4
        3838          707
        3844         2845
        3845         4557
        3855           85
        3856          806
        3857         3290
        3859           38
        3861         3164
        3863         9371
        3864          668
        3871          331
        3872         2502
        3875          224
        3876          206
        3878          128
        3880          393
        3881          849
        3882         9553
        3883          513
        3887            0
        3890          789
        3896           80
        3903           38
        3905         1359
        3910         1506
        3911          169
        3912           85
        3916           10
        3920         1707
        3921           74
        3922         3085
        3925         2669
        3928           51
        3929            0
        3934         1636
        3939          427
        3940          419
        3942         2719
        3943         9546
        3946         1076
        3947          156
        3949          900
        3950         2187
        3953         2897
        3957         3193
        3958         8175
        3959          188
        3962          108
        3964         2964
        3965         6814
        3967          998
        3971         2150
        3974           94
        3978         4485
        3979         3910
        3981         1328
        3986         5493
        3991         2342
        3994         1210
        3995         2185
        3996         4364
        3997          350
        3999         2905
        4002         1171
        4007         1259
        4008         7921
        4011         1289
        4024         7656
        4025         6918
        4031         3262
        4033         4743
        4034           56
        4036         6161
        4040          855
        4045           39
        4046          322
        4047         6659
        4050          186
        4060            0
        4067         3177
        4068          143
        4069         8624
        4070          114
        4072          298
        4075         8057
        4078         6839
        4080          113
        4081            2
        4084         3484
        4089         1002
        4090         1393
        4091         6822
        4094         6325
        4097          282
        4110          238
        4112         4061
        4113          247
        4114         6321
        4115          622
        4116         3386
        4123            1
        4127         8404
        4128          288
        4130         2697
        4131         1054
        4133         3028
        4134         2543
        4135         1827
        4137         3515
        4139         1394
        4144         6915
        4145          676
        4146         5365
        4148           12
        4156         6937
        4158          296
        4161            7
        4162         2069
        4171          478
        4173         1677
        4175           17
        4176          810
        4183          652
        4187         3564
        4188         5184
        4192         2474
        4195          121
        4196          259
        4197          564
        4200            0
        4201         3771
        4203          107
        4206          509
        4207         1985
        4211          136
        4214          112
        4218          795
        4231         5156
        4234         1785
        4235         1317
        4236         1884
        4237         5007
        4238           10
        4239          703
        4240         8186
        4242          263
        4243         3932
        4246         8008
        4248          177
        4253         4228
        4259         1395
        4265         1709
        4266         1253
        4269          517
        4270          282
        4272          127
        4276          217
        4277          231
        4278         1930
        4281           40
        4284          520
        4287         2128
        4288         4437
        4290          484
        4291         5310
        4293          525
        4297         4028
        4298          502
        4300         2702
        4301         2639
        4308         1142
        4310           17
        4312         6682
        4314          239
        4317         2312
        4318           27
        4324         6684
        4327         2288
        4328         1650
        4329         4982
        4330          504
        4337         2540
        4338          537
        4340          182
        4341         2736
        4342         7340
        4343          105
        4344          371
        4345          124
        4346         2808
        4349          707
        4351         7055
        4352         7168
        4353          131
        4359           40
        4362         5600
        4363          197
        4364          995
        4366         9176
        4369           76
        4376         1077
        4379         3356
        4381          392
        4384         8136
        4385          263
        4389         3342
        4390         4564
        4392          438
        4396         2461
        4397         3576
        4398           51
        4402         6281
        4407          270
        4410          262
        4412         6468
        4413         3021
        4414          237
        4415         8425
        4417         2859
        4419          322
        4421         1288
        4422         1419
        4424           16
        4430           47
        4431         2171
        4432         7120
        4434         5614
        4438          244
        4444            5
        4445         1476
        4446         1452
        4447          684
        4448         1678
        4451           65
        4454          538
        4455         2854
        4457         8816
        4460           94
        4462            2
        4466           80
        4467         4019
        4468            0
        4469         6886
        4476          726
        4479          746
        4485          547
        4486         2188
        4487         3394
        4488          339
        4491           65
        4492         5625
        4495           31
        4496           56
        4500           99
        4504         2539
        4505         4056
        4507          647
        4514         1934
        4515            0
        4522          232
        4523           51
        4526          365
        4531         6448
        4533         1211
        4534            0
        4537         1268
        4538           15
        4546          820
        4549         1418
        4550         4412
        4552          492
        4553         2025
        4555         3025
        4559         1401
        4560         5326
        4565            0
        4566         3614
        4568         1045
        4571         3119
        4573          387
        4575          489
        4579          240
        4582          119
        4585            4
        4587         5751
        4589         5741
        4596         2589
        4600           10
        4606         2654
        4618          639
        4625         1663
        4627         7671
        4630         1072
        4636           58
        4638          700
        4644          450
        4646         2067
        4649          630
        4651          509
        4657         2239
        4662          981
        4664         2034
        4671         1742
        4677          355
        4678         7857
        4681            2
        4682         5379
        4687           33
        4690          282
        4693           38
        4695           40
        4698         1508
        4699          470
        4701         7539
        4703           65
        4705          290
        4706         1258
        4708         4669
        4714         1039
        4716         3309
        4718          170
        4721          709
        4722          276
        4726         5614
        4728         2847
        4731         3410
        4732         7317
        4737          151
        4746         4588
        4747         1030
        4748         3491
        4753         1752
        4754          334
        4758          162
        4761         2721
        4768           33
        4775          712
        4779         2265
        4784           17
        4786           97
        4788          802
        4798           82
        4799         7442
        4801          176
        4803           50
        4808           28
        4810         3247
        4813         1431
        4815         8155
        4819          493
        4833          758
        4836          945
        4837         7260
        4842         8309
        4853         1115
        4856         1354
        4862         1488
        4864           75
        4871         2064
        4872         9446
        4875         1193
        4877         7455
        4878          180
        4890         1245
        4893          121
        4894          269
        4897           74
        4901          178
        4902           24
        4909         1063
        4910          108
        4912          769
        4913         3526
        4915         1211
        4916         8016
        4918          691
        4919         1874
        4923            2
        4924         7231
        4925          111
        4929         3165
        4931         4055
        4936          111
        4939         1967
        4944         7579
        4945          246
        4948          568
        4954          544
        4957           59
        4962         6619
        4965           15
        4969         3703
        4970         2128
        4971          334
        4972          889
        4973          343
        4975          371
        4976         3343
        4978            7
        4982         7893
        4986         1707
        4995          700
        4996         4671
        5000         6027
        5008         2471
        5009         1766
        5012          544
        5014          482
        5016          508
        5017         2811
        5018         1406
        5020            0
        5021         3408
        5024         5504
        5025         3024
        5031         5678
        5032           46
        5034         6393
        5035         8182
        5036         4668
        5043            0
        5044           17
        5045          102
        5047          855
        5049         3364
        5052          246
        5053          730
        5054           43
        5055         1900
        5060           58
        5061         4010
        5067          849
        5068          178
        5073          543
        5075         5111
        5078           19
        5079          103
        5087           60
        5089         4654
        5095            1
        5099         4698
        5101            0
        5108         1439
        5110           44
        5111          129
        5112         1497
        5114          424
        5115         1267
        5121          355
        5126         8907
        5127         3103
        5128          628
        5135          143
        5137         3753
        5138           64
        5141         6942
        5142          625
        5143          243
        5144         8156
        5146           14
        5147         4779
        5150          137
        5151         1765
        5158            9
        5160         1396
        5166           39
        5167         4575
        5169         5051
        5170         5316
        5175            0
        5183          493
        5184           43
        5187         5044
        5191           88
        5192         1259
        5201          731
        5203         8443
        5209         4040
        5219         7348
        5222         6740
        5223         2730
        5241          343
        5244          424
        5250          157
        5252         7881
        5253          145
        5255          181
        5258         2259
        5259         5178
        5261            0
        5262         5319
        5264          669
        5276          797
        5278         2740
        5279         3723
        5282          181
        5286            0
        5290         4153
        5302         6497
        5308         4092
        5311         3393
        5313         8005
        5315           14
        5317           96
        5320         6409
        5321         5252
        5331           15
        5338           55
        5345         1011
        5350          583
        5352         1413
        5353          855
        5356          390
        5359          435
        5360          604
        5361         4436
        5363         2053
        5364           79
        5369         4720
        5370           70
        5378         2001
        5381         8218
        5387         1969
        5390         9818
        5394          336
        5400         5834
        5406         2489
        5407         3635
        5411          934
        5420         2589
        5421         8755
        5423         4054
        5424          208
        5428          806
        5429         2670
        5430          424
        5433         4063
        5443         2206
        5451         1939
        5454         8146
        5456         1834
        5459            0
        5461          551
        5467         2332
        5468           14
        5470          153
        5471         1118
        5472         6870
        5475         7465
        5478          837
        5479         5522
        5487          176
        5490          120
        5493           15
        5495         2442
        5499            5
        5500         5797
        5504         8008
        5505         1904
        5515         2958
        5517         1444
        5518          475
        5519         5408
        5522         7148
        5523         2306
        5526           66
        5529         3129
        5533           35
        5534         3063
        5538         1431
        5544            0
        5546         1137
        5547         3153
        5548           56
        5550          392
        5551          263
        5553          287
        5555         1670
        5558          189
        5565          222
        5569         3909
        5572          118
        5573         2283
        5576           96
        5577           55
        5580           89
        5590         5052
        5592           43
        5599          188
        5601         8375
        5611         6342
        5618         3708
        5619         1952
        5623          784
        5625         5719
        5629          981
        5630         5653
        5632          903
        5633          267
        5634          132
        5642          901
        5643         3157
        5646         1752
        5652          127
        5654         3581
        5660         2370
        5663         7223
        5664         3119
        5665          424
        5666          160
        5672         2092
        5676          289
        5677          468
        5678         1326
        5680          323
        5681         5406
        5682         2618
        5685         1933
        5691          338
        5694         5504
        5695          554
        5697          204
        5698         5700
        5699          565
        5700          184
        5701         5523
        5706         2551
        5708          119
        5715          189
        5721          102
        5732         4513
        5735          308
        5736          118
        5740          660
        5752           15
        5753          785
        5757          955
        5760          625
        5765           62
        5767            0
        5770         6174
        5773            1
        5776         1189
        5782          437
        5785          427
        5790         2233
        5791          160
        5793            3
        5794          478
        5797         9504
        5798         1612
        5799         6683
        5802            0
        5808         5852
        5810          577
        5811         4004
        5815          925
        5817          768
        5822          332
        5824         5039
        5827         1330
        5833         2584
        5843           96
        5844         3559
        5847            1
        5852         1576
        5855          335
        5857           33
        5865         1360
        5867           94
        5875           25
        5876           19
        5877          533
        5885         1119
        5889         1002
        5894           49
        5895         1318
        5899         2088
        5905         8504
        5909         1612
        5912         7620
        5920           35
        5922          608
        5927         2014
        5928           93
        5934          222
        5938         4143
        5946         5511
        5954            6
        5955         5946
        5959          635
        5963          666
        5965         4364
        5970         6342
        5972          995
        5981         1922
        5984          198
        5985          147
        5987          332
        5991          184
        5996         5225
        5999          251
        6012         1193
        6028         1733
        6030          104
        6031           64
        6032           76
        6043         1287
        6046         4115
        6048          403
        6049           17
        6065         1145
        6067         2891
        6071          178
        6073           24
        6075           19
        6079         6644
        6080          836
        6084           61
        6089          628
        6090         7344
        6091         3442
        6094         2335
        6095         3282
        6098          537
        6101         3529
        6103          234
        6110         5847
        6120            5
        6123         2570
        6124          102
        6126         2713
        6133          468
        6136          282
        6137         2911
        6142         3843
        6149            0
        6150         3982
        6155          437
        6161         1245
        6162         3106
        6165         1555
        6167         1562
        6177         6069
        6179          298
        6182         9398
        6210          474
        6218         1834
        6227         5781
        6228          141
        6234         1045
        6235          604
        6247         9778
        6252         2293
        6254            4
        6259         1418
        6269           18
        6274          323
        6280          363
        6281         1374
        6285          127
        6289          222
        6291          129
        6294         1180
        6296         3115
        6302          244
        6307         1131
        6310          429
        6311            0
        6322          744
        6323          474
        6325            0
        6328          254
        6334         2369
        6339          361
        6342         4063
        6344           61
        6349         4089
        6350         2637
        6352         4172
        6359         5739
        6360          144
        6363         2001
        6367         1742
        6368         2215
        6370          343
        6372          429
        6378         1263
        6385         3455
        6388          104
        6389         1730
        6393          558
        6397            0
        6399         8222
        6401          426
        6404            0
        6407         2283
        6409          342
        6419         7952
        6423         6909
        6425         8046
        6426         1909
        6427          343
        6432           13
        6442           13
        6454         1138
        6455         4376
        6458          433
        6461           33
        6464            2
        6465         6567
        6469           21
        6472          138
        6473         6224
        6474         3761
        6483         1657
        6485         1932
        6490           71
        6493          630
        6494         1119
        6499         7086
        6505           97
        6506         1112
        6507         2197
        6512           21
        6515          246
        6517         1946
        6518         8433
        6519           40
        6528         5365
        6533         8637
        6535          544
        6543          620
        6552           27
        6561         1995
        6562         2314
        6570         2263
        6571           87
        6572           76
        6574          558
        6577          396
        6587         2474
        6591         3556
        6592          595
        6602          744
        6605         7060
        6607         3420
        6610          178
        6611          253
        6613            4
        6615          129
        6617         6521
        6618            4
        6619         3216
        6623         1297
        6626         2425
        6627          847
        6628          700
        6632         6151
        6635            9
        6640          227
        6645          601
        6646         1198
        6652           40
        6654         1863
        6661         1730
        6666          397
        6684         3536
        6689         1770
        6693         5200
        6697         4585
        6699          144
        6704          203
        6723          119
        6731          870
        6736          371
        6737          898
        6738         6536
        6745           16
        6750         1557
        6751           27
        6758            3
        6760         8121
        6764          878
        6766          189
        6770         7341
        6773          261
        6776            3
        6786         7920
        6795         4297
        6797         1894
        6798         4370
        6802         5300
        6803          313
        6813         1091
        6819         4783
        6820         7671
        6826         1194
        6828           27
        6829         3179
        6830         4019
        6831            7
        6836          928
        6837          446
        6838         8624
        6840          113
        6845          200
        6851          121
        6852          227
        6856           26
        6859         1733
        6862         2354
        6863          670
        6866         5399
        6872         8541
        6874           17
        6875           15
        6876         4909
        6882         2056
        6884         1262
        6885           62
        6891         1352
        6907         1991
        6908           96
        6913         5429
        6917         1316
        6919          543
        6920         1038
        6928          244
        6930           19
        6932            0
        6935            2
        6940           29
        6944          639
        6945            4
        6951          275
        6956         4251
        6969         6019
        6973          888
        6980           15
        6987          239
        6988          438
        6989         1438
        7005          492
        7006         4400
        7008           53
        7010         8212
        7012          815
        7015         3139
        7020         4036
        7025           87
        7027          374
        7029         4261
        7032          533
        7037          661
        7040           47
        7042            0
        7044          199
        7049         1904
        7050           31
        7057          160
        7067         5634
        7068         3030
        7069            0
        7070         8723
        7071          752
        7074         1155
        7075         5406
        7077         2514
        7078           50
        7079          361
        7083           49
        7084         6643
        7087         3098
        7088         6572
        7089          258
        7107         8874
        7112          509
        7114         1385
        7116           57
        7130           25
        7148         5161
        7149            3
        7151         7763
        7158         3035
        7161         1230
        7162          136
        7163           73
        7175          636
        7177         1006
        7179         2277
        7180          796
        7184         1090
        7187           82
        7188         6101
        7189          643
        7191         3166
        7192          231
        7193            3
        7197          180
        7198          533
        7199         3777
        7202         6597
        7205          121
        7206         1094
        7214         3247
        7218         2474
        7229         3534
        7230           17
        7232          421
        7234         4404
        7237          900
        7239          444
        7240         3807
        7241           17
        7244           49
        7249         4248
        7250         6472
        7251         1297
        7259          116
        7261          810
        7262          422
        7264          500
        7265          275
        7268         7340
        7273         5589
        7288         6612
        7303         4004
        7306            0
        7310         7689
        7312         1297
        7316           24
        7321          752
        7325          964
        7328         1003
        7330           25
        7345          743
        7347         1326
        7348         7564
        7350         1946
        7363         2828
        7364         1157
        7367            9
        7372         6362
        7373           26
        7374          582
        7381         1615
        7383         3201
        7389          284
        7391           27
        7392         5797
        7403           25
        7408          151
        7409          925
        7424          227
        7425         5846
        7431            2
        7439         1289
        7444           87
        7445          395
        7455          647
        7463          519
        7468         3406
        7469          501
        7499         1234
        7501          575
        7509         3153
        7513           17
        7516          188
        7520           64
        7521         2935
        7524          255
        7526           35
        7531         7945
        7533          110
        7538            0
        7542          492
        7544         4982
        7554         2572
        7556          438
        7565         4277
        7569          946
        7570            2
        7578          119
        7579          511
        7584         5122
        7585          184
        7590          116
        7591         2086
        7601          894
        7604          142
        7618           42
        7631            0
        7633         3654
        7639          849
        7640          290
        7642         3537
        7644           19
        7648         5333
        7651         2239
        7653         2695
        7657            4
        7659         8835
        7662          119
        7663         6537
        7665         9283
        7672          682
        7678          597
        7681         1267
        7686           96
        7693          464
        7698           25
        7706         1972
        7709         7007
        7711         6567
        7713         6597
        7714          177
        7715         1495
        7719          234
        7728         4874
        7736         2488
        7737          744
        7744            0
        7748         4008
        7750          403
        7754         2253
        7758          320
        7774          239
        7775         2083
        7780            2
        7785         1006
        7788          396
        7791         2629
        7802         1435
        7803          579
        7807          415
        7808           94
        7811          141
        7817         8411
        7818           15
        7823            0
        7825          153
        7829         3391
        7835            1
        7840         1400
        7841         2888
        7842         5455
        7847         9144
        7848          141
        7849         9321
        7852          970
        7859          788
        7862          435
        7867         1872
        7868         2485
        7877          145
        7878          872
        7883           14
        7884         1756
        7886         2053
        7888          669
        7890          106
        7895           44
        7901         3041
        7912         9120
        7914          467
        7918         5558
        7923         4837
        7927           96
        7937          437
        7941           45
        7945          669
        7950         2829
        7956         2694
        7961          933
        7966           27
        7975          284
        7978           79
        7981         3855
        7985           21
        7987          116
        7990          118
        7994          234
        7995         2007
        8004           88
        8006          612
        8009          101
        8015         3729
        8016         6247
        8020          374
        8029           14
        8031         7104
        8055         2085
        8056          185
        8062            0
        8066          137
        8075          371
        8076         7522
        8077           27
        8079            3
        8086         2657
        8088            8
        8091            0
        8092          554
        8095           21
        8096          244
        8097           26
        8098          225
        8107          222
        8108            8
        8111         3406
        8115         2086
        8129         7148
        8132         1225
        8138           15
        8147          615
        8152         1545
        8153         6899
        8157         8453
        8159           33
        8174         3377
        8177          554
        8178            0
        8180          605
        8182            2
        8186         9635
        8192         1248
        8202         4019
        8204          752
        8205         3397
        8208           15
        8211         1741
        8218            0
        8224          227
        8238           41
        8251         1115
        8263         6710
        8264         3076
        8266          194
        8268         1091
        8269         1823
        8273         3972
        8286           50
        8294          612
        8297         3201
        8302          160
        8305           15
        8313         8818
        8324         4288
        8327         6756
        8330            0
        8332          272
        8333          393
        8337          267
        8348           96
        8360          833
        8362         8229
        8369         1082
        8390         8152
        8391          731
        8398            0
        8402          137
        8407          180
        8411          279
        8412         4431
        8414           55
        8416         7069
        8425         1617
        8428            0
        8432         8638
        8435           99
        8439         6933
        8440           44
        8443         3925
        8447          275
        8453         1014
        8455           73
        8461         1401
        8465           86
        8466         4249
        8467          493
        8472          642
        8476           92
        8479          899
        8480          394
        8482          894
        8484          163
        8487          386
        8490         2239
        8493         1693
        8496            0
        8498         1557
        8504          153
        8542         1856
        8547         1486
        8556         1152
        8563           43
        8564           55
        8565          724
        8575           10
        8585          301
        8590          380
        8604         1029
        8605            2
        8606         4013
        8613          112
        8615           27
        8622            4
        8630          109
        8632           31
        8645         3722
        8647          424
        8652         2360
        8654          128
        8655         2907
        8660         3928
        8691          181
        8704           64
        8706          517
        8712         4069
        8720          878
        8731         2677
        8756           37
        8758         2341
        8759          808
        8764         3941
        8765          157
        8777         2339
        8783          491
        8787         1907
        8793          328
        8798          199
        8801         1670
        8802         3819
        8812           65
        8817         1968
        8826           10
        8837           14
        8841         1518
        8842         3952
        8856          757
        8858         7607
        8867            3
        8869          788
        8872            1
        8878         3857
        8880           16
        8881         1626
        8885            8
        8889            0
        8890            1
        8908         8348
        8915         1657
        8916         5233
        8933          111
        8936         1619
        8937          278
        8939          875
        8942          526
        8947         7659
        8948           27
        8953          660
        8962          298
        8985         1569
        8988           68
        8992          386
        8995           27
        8996         2225
        9005           14
        9009           10
        9010         2904
        9016         1372
        9020         1535
        9025           31
        9028         1011
        9029          775
        9043         7640
        9057          343
        9058         3118
        9065         1657
        9077          459
        9093          342
        9096            2
        9100         1599
        9105          306
        9117           59
        9122         1823
        9131          115
        9140           56
        9143           77
        9146         4200
        9152          520
        9158         3074
        9168         3246
        9172          245
        9175           17
        9177         3326
        9178          101
        9180          881
        9183            0
        9202          513
        9210            0
        9218         2259
        9225         2850
        9233          181
        9241            0
        9251          102
        9288          601
        9302         2615
        9304           73
        9305            0
        9307            1
        9313         1908
        9319         5315
        9324         1908
        9330         2513
        9333         1618
        9336         1776
        9337         7504
        9356           14
        9360           26
        9375          131
        9383         1845
        9386          676
        9397         1460
        9401         1046
        9403            2
        9406          244
        9408         6006
        9412          418
        9424          785
        9440          497
        9442         2253
        9456          285
        9462         7887
        9467          183
        9470         1713
        9475            0
        9481         1652
        9490         7536
        9496         1266
        9501         3542
        9504          355
        9530         1747
        9533          497
        9543         1260
        9546          938
        9552          988
        9553           76
        9556           47
        9568          718
        9574           13
        9595         5922
        9596         1123
        9600           80
        9606         1673
        9611            9
        9616            0
        9623           32
        9631           92
        9632          682
        9649            0
        9654         1850
        9656          180
        9660           23
        9661         2341
        9663           25
        9685         1707
        9693           84
        9706         6053
        9728          266
        9736          544
        9738            0
        9740         1528
        9748           70
        9750         1555
        9752          565
        9754         6090
        9774          489
        9778          234
        9782          240
        9788         2033
        9790         1055
        9795            6
