# HaloID(1) HaloID(2)
           0            0
           1          143
           2            2
           3            3
           4            6
           5          886
           6            2
           7           37
           8           98
           9            9
          10          162
          11           11
          12          334
          13          126
          14           14
          15          470
          16           17
          17         1153
          18           57
          19           19
          20         1418
          21          216
          22         2530
          23          451
          24           15
          25           28
          26         4603
          27           31
          28          115
          29           40
          30          114
          31           30
          32          161
          33          162
          34         2802
          35           22
          36           45
          37         1722
          38           24
          39           33
          40          727
          41           37
          42           21
          43         3497
          44           37
          45            6
          46          667
          47            4
          48         6036
          49         4810
          50         3080
          51           34
          52          558
          53          571
          54         1404
          55         3215
          56         1705
          57         1169
          58           57
          59          951
          60          486
          61         3055
          62           53
          63          626
          65          262
          66         1722
          67            2
          68           77
          69           68
          70           38
          71          156
          72           76
          73           83
          74           26
          75           47
          76          785
          77         3825
          78            4
          79          638
          80         1616
          81          298
          82          173
          83          141
          84         1214
          85         1684
          86         1686
          87          879
          88         2441
          89          152
          90          181
          91          280
          92         2363
          93         2270
          94          165
          95          581
          96          819
          97          595
          98         1164
         100         2007
         101          535
         103          179
         104         2041
         105          107
         106          247
         107         5827
         108          612
         109         1013
         110          538
         111          143
         112          398
         113         1495
         115         2314
         116         2747
         117          535
         118           30
         119         1800
         120           13
         121         1476
         122          159
         123           17
         124           24
         125           36
         126         2249
         128          182
         129          181
         130          851
         131         2342
         132           75
         133          848
         134           95
         135           98
         136          191
         138          147
         139           26
         140          372
         141            1
         142         2706
         144            3
         145           66
         146          809
         147         1434
         149         3716
         150           52
         151            9
         152         4593
         153           31
         154         2240
         155           77
         156          160
         157         1355
         158           48
         159           86
         160         2501
         161           63
         162          145
         163            2
         164          858
         165          157
         166         5288
         167          806
         168         1734
         169           29
         170         3005
         171          181
         172          898
         173          238
         175          143
         177          297
         178         3529
         179           16
         180          123
         181         2078
         182          169
         183         1747
         184           21
         185            9
         186          261
         187          484
         188         1125
         189          507
         190           87
         191          273
         192         3105
         193          185
         195            3
         196          190
         197          678
         198         3520
         199         1476
         201          306
         202          152
         203         1248
         204          264
         206          248
         207           75
         208          221
         209          683
         210          433
         211          707
         212         1663
         213          798
         214         1234
         215          343
         216           47
         217         2064
         218         3210
         219          103
         220         1817
         221         5170
         222            6
         223         1110
         224          212
         226           76
         227            2
         229         1358
         230          235
         231          820
         232          221
         233          615
         234          232
         236           81
         238         5139
         240          189
         242          755
         243          221
         245          115
         246           21
         248          247
         249         5738
         250          416
         251           46
         253          236
         254          100
         255          413
         256         4973
         258           29
         260            3
         263          167
         264          232
         266          207
         267          503
         268         1266
         270         1219
         271           78
         272         2017
         273          367
         275          768
         276          141
         277          426
         278         2564
         279         1503
         280         1494
         281         2743
         282          287
         283          119
         284          503
         285           36
         286           83
         289         2115
         290            4
         291         2314
         294         2436
         295         2223
         296         1918
         297          881
         298          143
         299           22
         300          149
         301           82
         302          296
         303          486
         304          911
         305         5000
         306          419
         307          154
         308          129
         309         1437
         310         2461
         311          282
         312          728
         313         5351
         317          172
         318          189
         319          282
         320         3573
         321         5920
         323         3351
         324          151
         325         2398
         326         2871
         327         4998
         328         1148
         329          334
         330          500
         331          384
         332           77
         333          375
         334          145
         335          252
         338          747
         339           60
         342            0
         343         3984
         344         1765
         345          276
         346          119
         348         1894
         349          688
         352          309
         353          383
         354           51
         355          181
         357         1270
         358          425
         359          150
         360          146
         361          899
         362          382
         363          397
         364          167
         365         3098
         366            4
         367           22
         368          116
         369           30
         370          747
         371         1153
         373          768
         374         1583
         375          305
         376           22
         378         5447
         379          122
         380          353
         381          394
         382          141
         384          341
         385         1016
         387          954
         389          507
         390           66
         391          527
         392         2011
         393          727
         394         4893
         397          874
         398         1649
         400         4726
         401           57
         402          169
         403          443
         404            4
         405          313
         407         5670
         408          115
         410          413
         413         4772
         414         2183
         415         1787
         416         1003
         417           77
         418          476
         419          430
         420          462
         422          115
         425          122
         427          370
         429         2284
         430           47
         431          510
         432          143
         433           93
         436           22
         437          297
         438          119
         441          479
         445         1310
         446          484
         447           83
         448         5110
         451          432
         453         5674
         455         2330
         457           26
         458          161
         459           98
         460           40
         461         1279
         462            5
         465          320
         467          303
         468          909
         469          894
         473          390
         474          416
         476          202
         478         2941
         480         2990
         483          205
         484         2049
         487          167
         488          548
         490          236
         492           76
         493         1790
         494         2782
         495           42
         497           97
         499          314
         500         2137
         501         1568
         503         1492
         504         3351
         505          950
         507           22
         508           93
         510            3
         511          299
         512          325
         513          275
         515           93
         519         2802
         520         2187
         521         2011
         522          192
         523         2069
         524           33
         525           55
         526          436
         528          372
         529          135
         530          226
         531          709
         532          238
         534          172
         535         3263
         536          389
         537         2798
         538            2
         541         2049
         542         4850
         543          233
         545          297
         546          122
         549           89
         550           87
         554          250
         555         3502
         558          353
         559          570
         560         4647
         562           15
         564          380
         565          827
         566         1498
         569           32
         570          276
         571           76
         572          206
         573           47
         574          955
         575          866
         577            0
         579         1521
         581          306
         582           24
         583          196
         584         1298
         586         1587
         587          233
         588            3
         589          135
         591         1616
         592         1005
         593          161
         594         3384
         596         3000
         600         5738
         603            1
         604           93
         606         1748
         609            1
         613         2004
         614         1509
         616         1763
         617          719
         618         1129
         621          311
         624           29
         625          918
         627          859
         628         1612
         630           65
         631         1776
         632            3
         634         1081
         635           16
         636           95
         638         1036
         641          963
         642         1635
         644         3027
         645           76
         647          619
         648           98
         650          358
         653           20
         654         3352
         655           58
         656          534
         657          609
         659           33
         660          129
         661         1252
         664          102
         666          181
         667          227
         668          747
         669          950
         670         5344
         671         2790
         672          501
         673            7
         674          682
         675           20
         676          578
         677          430
         678           50
         679          746
         680         1498
         681           19
         684          480
         685          316
         687          960
         688          108
         689          152
         693          793
         699          136
         700          178
         701          146
         703          678
         705          291
         706          331
         707          145
         708          157
         709            3
         711         3113
         712          170
         713          307
         714         2137
         715           37
         719          663
         720          500
         721          890
         723            1
         725         5184
         726           68
         727          263
         728          968
         729         1062
         731         1085
         732         3204
         735          161
         738         1061
         739          253
         740           71
         741          545
         742         1526
         743          934
         744           67
         745         1730
         746         2045
         748          722
         749           66
         751           85
         752         1998
         753         2308
         754         3557
         755           74
         756          143
         758          123
         759          798
         762         4251
         763         1921
         764            3
         767          649
         769          255
         770           95
         771            0
         772          628
         773         1175
         774         1120
         775         1023
         776           16
         777          137
         781           51
         783         2363
         787           12
         789           15
         790         3028
         793          955
         794         1569
         796          756
         798          936
         799           20
         803          882
         804         3042
         805          187
         806           12
         807         1435
         809           18
         810            3
         811         2051
         812          325
         814          370
         815         4293
         816          139
         817          625
         820          619
         821         5529
         825         1232
         826          334
         828           94
         829          167
         833           50
         835         3143
         842         2310
         845         1719
         846          652
         847         2674
         848          115
         850          119
         851         2270
         852         1355
         857         1048
         858           14
         859           27
         860          564
         862            4
         863          130
         864          204
         866           66
         869           57
         870           68
         871           79
         872         1337
         873         1000
         875         3745
         878          341
         879         1566
         880           85
         881         6115
         882          951
         883          217
         885           17
         886           99
         888         3444
         890            2
         892         3483
         894            0
         896           55
         897          151
         900         1415
         901         3583
         903           45
         907           18
         908          719
         909          115
         910         3185
         912          127
         914         2007
         915          987
         917         1894
         919            4
         920           68
         923          997
         924         2500
         925           14
         927            2
         928            9
         929         1225
         932          221
         933         2337
         934         1105
         935          469
         936          555
         937          429
         938          564
         939         1314
         940           56
         942          454
         945          938
         946           12
         948         1040
         951          244
         952           87
         956          244
         957           98
         958            0
         961           72
         962         1061
         963           26
         965          604
         968           21
         970           37
         971         2931
         972          915
         976          148
         978           20
         980          425
         982          575
         983          119
         984         2293
         988         1061
         989         2011
         994          163
         996         1714
         999           80
        1002            1
        1006           29
        1012          212
        1013         2038
        1014          217
        1016          115
        1017            7
        1019           81
        1020          115
        1021          136
        1023           53
        1024          247
        1025          198
        1026           51
        1030          337
        1032          565
        1037         2378
        1038          684
        1039           83
        1042            2
        1043            3
        1045         1921
        1048          583
        1051           13
        1052          459
        1056          282
        1058         3794
        1061         1488
        1062          990
        1063           51
        1065           26
        1066         5502
        1067          102
        1070          353
        1072           89
        1073          215
        1074          150
        1076          172
        1077           17
        1078           17
        1084            4
        1090          148
        1091           83
        1092          963
        1093         2346
        1099         2245
        1100           30
        1101          481
        1103            2
        1104         2373
        1107          803
        1110           25
        1115           24
        1116          988
        1117          134
        1118           25
        1119           47
        1121         1229
        1122          947
        1123           45
        1126         3584
        1128          146
        1130         3140
        1135          738
        1136         1065
        1143          306
        1147         1240
        1148          727
        1150         1232
        1151          408
        1153          717
        1154          691
        1156          128
        1157         2012
        1159         3081
        1160          410
        1162           40
        1163          365
        1164         1321
        1165          819
        1168         1894
        1172          742
        1175          155
        1178         1206
        1179          233
        1181          415
        1183            1
        1185          229
        1186          194
        1191         2389
        1192          109
        1193         2031
        1195           87
        1196          252
        1197           25
        1198         1177
        1200          125
        1201          135
        1202           53
        1204           47
        1206          691
        1207          799
        1213         2273
        1214          156
        1217          107
        1218         2211
        1219         1337
        1220         1219
        1221         1164
        1224          359
        1225            3
        1229         1555
        1230           83
        1232          217
        1234          338
        1235           26
        1236         3627
        1239           83
        1240          454
        1241         1543
        1245          238
        1246         2389
        1255           87
        1258          968
        1260         1765
        1262         2007
        1268         1404
        1271          126
        1272         1169
        1273          988
        1274         3602
        1275          474
        1276         3441
        1278           15
        1280          333
        1283          143
        1285         1885
        1286          982
        1287         1649
        1288         1323
        1292           71
        1295          165
        1297          477
        1298         3473
        1301         1023
        1302          162
        1307          114
        1308         1575
        1310         2821
        1313          793
        1314          376
        1316            2
        1324           20
        1326           18
        1331          757
        1332         1202
        1333          168
        1334         1465
        1337           76
        1341            4
        1343         5145
        1344          107
        1346          879
        1347           12
        1348         2714
        1350         2906
        1353          232
        1355           81
        1357          407
        1361          207
        1363           57
        1370         2728
        1373         1417
        1376          886
        1378          816
        1380          333
        1383           20
        1384          123
        1386          391
        1388           68
        1393         1178
        1394         1516
        1396          104
        1399          205
        1403          168
        1404          338
        1407         1800
        1408          162
        1409         1127
        1410           63
        1411          779
        1412         1854
        1413          141
        1417           25
        1419           55
        1421           72
        1422          886
        1424         1433
        1426          360
        1427         1007
        1429          342
        1430         1299
        1431           43
        1434          159
        1442           76
        1444          900
        1446         1492
        1448          146
        1449          147
        1451         3218
        1452         2598
        1454         1515
        1457          713
        1458          957
        1459           83
        1460         1061
        1461         5191
        1463         3895
        1464            0
        1465           83
        1466         1342
        1468         1122
        1470           21
        1471            1
        1472           57
        1473            4
        1474          115
        1475         1747
        1479           81
        1480          109
        1481         1585
        1483          377
        1485          297
        1489           98
        1495          326
        1496            1
        1508          143
        1511         3385
        1514            0
        1515            1
        1520         2040
        1523           12
        1526           71
        1528          619
        1536           53
        1537          152
        1538           98
        1547          845
        1552          514
        1554           30
        1555         2300
        1558         3209
        1560          134
        1561          350
        1563         3215
        1564         3438
        1565          407
        1577          249
        1579         1147
        1580          527
        1583         1495
        1584         2188
        1585         1771
        1587         4386
        1588           50
        1590         2078
        1591          372
        1593         1491
        1594          102
        1595          126
        1597           47
        1598          424
        1604          985
        1605         4789
        1606          517
        1607          451
        1609         2410
        1613          105
        1614         1759
        1615         1850
        1616           48
        1618            0
        1620           12
        1622         2501
        1625           76
        1632           44
        1633            6
        1634           60
        1636          806
        1638           20
        1641         2933
        1642          313
        1645          152
        1647         3984
        1650         1436
        1651         2017
        1652          898
        1654          514
        1655            1
        1657         2610
        1658            7
        1662          992
        1667           67
        1668         1945
        1669         1723
        1671          372
        1676           20
        1677          115
        1681         4853
        1683          104
        1684          872
        1686         1858
        1689         2473
        1693            0
        1695            2
        1697          476
        1699          507
        1700          119
        1702           12
        1703          134
        1709           84
        1710           16
        1717          107
        1721           98
        1730         2897
        1735          309
        1738          137
        1740          297
        1741         2106
        1743           43
        1749           41
        1751         1887
        1752          353
        1753         1617
        1754         1367
        1756          992
        1764           24
        1765          388
        1766          192
        1769           17
        1770          264
        1773           77
        1778           47
        1779          691
        1782         1814
        1783          510
        1788           47
        1791           30
        1803            3
        1804           71
        1805         2897
        1809          398
        1813            4
        1815          576
        1817           83
        1819          226
        1820         2270
        1823           10
        1826            6
        1827         1879
        1829           90
        1832          715
        1834         2463
        1836          218
        1845           21
        1847         1683
        1849         1061
        1852          503
        1856          214
        1857         2798
        1858         2577
        1859          122
        1860          199
        1863           83
        1865         2273
        1869         2665
        1870          235
        1873           84
        1877         1955
        1878          856
        1879          151
        1884          663
        1888           18
        1890          109
        1891          124
        1893           41
        1894         4251
        1897          238
        1899         1646
        1900         2034
        1903           63
        1909           83
        1910           21
        1914          819
        1917           57
        1923          207
        1924         1342
        1926            4
        1931         2223
        1934         3071
        1935         4865
        1936           12
        1937          359
        1938         1161
        1942         2051
        1943           77
        1946          477
        1949         1485
        1952           37
        1954          477
        1956            2
        1963          166
        1964          609
        1967          136
        1970          439
        1971          174
        1972          169
        1973          213
        1974           17
        1976          296
        1977         1659
        1979          156
        1980         1216
        1983         2790
        1987          201
        1988           53
        1993            0
        1994           17
        1997           83
        1998         3161
        1999           11
        2000           44
        2004           29
        2006         1945
        2008            0
        2010          372
        2011         1585
        2014          764
        2015           47
        2018            4
        2019           53
        2021         3246
        2022         2184
        2023          469
        2025           72
        2031          808
        2035         1934
        2037          708
        2040         1242
        2047           53
        2056         2410
        2057           52
        2058         3011
        2060          262
        2061           88
        2065            3
        2069           68
        2070           83
        2072           66
        2073          596
        2076         1927
        2077         2165
        2079           29
        2082          609
        2083            2
        2084           26
        2087            3
        2088            9
        2090          214
        2094          789
        2096            1
        2102         6056
        2103           30
        2106          726
        2107           77
        2108           25
        2109         1042
        2117         3099
        2119            4
        2123         1989
        2131           71
        2133           90
        2134          296
        2138          905
        2141            0
        2142          179
        2145           12
        2146          602
        2148          344
        2154           20
        2155          102
        2156          329
        2157           63
        2158          277
        2159           95
        2161           70
        2163          181
        2164         2343
        2165          136
        2169          715
        2172         2188
        2177         1415
        2181           78
        2182          499
        2184         2660
        2185           23
        2187         2276
        2189         3263
        2194           27
        2195          425
        2197            0
        2209           24
        2212         1031
        2213         2915
        2214          114
        2215           26
        2216            3
        2217          346
        2218          119
        2221          717
        2222         1492
        2228         1248
        2229         1415
        2230           91
        2231           40
        2232          148
        2233          156
        2234         1504
        2235            4
        2236         2408
        2237          992
        2239          144
        2241          326
        2243          170
        2246          433
        2247           12
        2248          198
        2249          324
        2251          191
        2252          556
        2256           51
        2261          714
        2262          435
        2265           44
        2266         1205
        2271           87
        2274         1839
        2277         2842
        2283          520
        2284          359
        2295           30
        2296         3953
        2298          213
        2300         2630
        2304            6
        2305            2
        2306          334
        2310           13
        2317          238
        2318         1116
        2319          419
        2320         1359
        2324         1219
        2326         4024
        2327           52
        2328         2137
        2329         1837
        2333         2027
        2334         1390
        2343         2838
        2345           53
        2347         1022
        2348            4
        2350          109
        2351         3508
        2354          380
        2358         4973
        2364          617
        2365          115
        2366         2173
        2367           13
        2368           68
        2370          341
        2373           50
        2374         1663
        2375          315
        2376           24
        2377          672
        2378          544
        2380         3578
        2386           14
        2388            3
        2389            0
        2391         2389
        2401          217
        2402         1894
        2403         2570
        2405          333
        2406          709
        2411           15
        2412          390
        2414            6
        2415          681
        2418           98
        2421          497
        2422           24
        2423           87
        2426         4745
        2428          169
        2437          252
        2438         2125
        2439           46
        2441         2617
        2444          121
        2449           57
        2450          191
        2458         2310
        2461         2701
        2466            0
        2472           50
        2483          166
        2485           30
        2486           51
        2488          303
        2494           52
        2495         1646
        2500           25
        2503          229
        2506          170
        2511          169
        2513           61
        2516          238
        2520          143
        2522           65
        2526          507
        2529          157
        2531         2413
        2532            2
        2535          202
        2538          162
        2545           17
        2546           81
        2547         1649
        2549         2790
        2552          147
        2561          163
        2562          121
        2563          143
        2567            0
        2570           18
        2571         1335
        2574          137
        2585           30
        2586          238
        2592            9
        2597         2460
        2606          376
        2607           47
        2612            3
        2614           74
        2615          360
        2619          344
        2623          166
        2624          622
        2625          358
        2626         5004
        2629         2667
        2630          154
        2634           17
        2638          329
        2643          592
        2647           61
        2649           69
        2653          205
        2654         1425
        2656           26
        2657         1052
        2659          638
        2660         1023
        2666           25
        2667          297
        2671          303
        2678          727
        2684           10
        2687           81
        2688          122
        2690            4
        2692           78
        2698          810
        2699          361
        2704         1630
        2705         3008
        2715         1889
        2716           67
        2717          683
        2718            3
        2721            2
        2725         2607
        2729         4584
        2730          712
        2732          137
        2735         5000
        2736          122
        2737          527
        2738          209
        2739          154
        2741            1
        2743           37
        2750          728
        2751          583
        2759            4
        2760            1
        2761            3
        2762          291
        2767            2
        2774         1712
        2779            0
        2780          318
        2783            2
        2786          517
        2788            4
        2794          786
        2795            4
        2798           47
        2801         2078
        2803           83
        2805         2494
        2810         2643
        2812          212
        2813          854
        2815         2436
        2820          109
        2822           12
        2824           53
        2825          179
        2826           41
        2828         3320
        2831          187
        2836          143
        2838           24
        2841          213
        2842          262
        2844          565
        2847         4253
        2850          154
        2851          298
        2863         2567
        2865          123
        2867          678
        2868           96
        2875         1111
        2877           12
        2880            2
        2886            1
        2887          114
        2889         2689
        2890          619
        2893          158
        2912          151
        2914          963
        2916           40
        2917          156
        2918           23
        2921          900
        2922         2678
        2923           17
        2934           55
        2935            0
        2940          297
        2942            1
        2951         2395
        2952         3716
        2954          143
        2955           16
        2956          154
        2958            2
        2961           12
        2964         4222
        2969           25
        2971            4
        2972           40
        2974            0
        2976         2543
        2978           14
        2982           30
        2985           15
        2997          383
        3005         1896
        3009         3444
        3013         2571
        3016          297
        3018            7
        3024          202
        3027         3597
        3030         3055
        3031         2264
        3032          674
        3033            6
        3034          738
        3039         3990
        3043            3
        3049         2441
        3053          177
        3055          617
        3057         1437
        3061          847
        3073           71
        3074          863
        3076           12
        3080          415
        3083            6
        3088          127
        3092         1436
        3098            3
        3101         1453
        3102          806
        3103          827
        3105           80
        3108           77
        3116          753
        3119          804
        3120          252
        3123          235
        3127          119
        3129         2249
        3130            0
        3142         3433
        3151         2238
        3153           19
        3158          660
        3162          416
        3166         2560
        3167           13
        3169         4203
        3182          119
        3185           70
        3190          291
        3191           81
        3194           30
        3195           30
        3201          147
        3206           15
        3209            4
        3210           81
        3211            0
        3219           46
        3228          124
        3231          728
        3238          571
        3240         3385
        3246           55
        3247          548
        3249          196
        3252         1938
        3256            3
        3263            0
        3265          187
        3268          576
        3273          154
        3279          313
        3284          756
        3296           54
        3297          226
        3299         1503
        3300           29
        3314         1069
        3315            2
        3317          162
        3321         4818
        3326            1
        3327         1048
        3328          433
        3337           15
        3339          592
        3347            7
        3348          886
        3354           79
        3356            5
        3366          738
        3367          334
        3369          951
        3373           55
        3374          175
        3384           83
        3393           24
        3400          565
        3402           77
        3403         2557
        3404          573
        3408          178
        3409          297
        3410            6
        3416         1666
        3418            0
        3440         2150
        3447           30
        3450         1299
        3464          451
        3484           42
        3494          298
        3497            0
        3498           63
        3511         2803
        3516           21
        3548           45
        3552           57
        3554          372
        3557         2338
        3565         1659
        3591            0
        3592          107
        3595         2451
        3597           53
        3606         1587
        3623          619
        3627          535
        3642           25
        3654           17
        3658           25
        3681           18
        3691           53
        3697          161
        3699          161
        3717           90
        3724         1202
        3732          170
        3739          303
        3742         1197
        3761           11
        3765           59
        3767           21
        3773          963
        3781           55
        3799           24
        3811          100
        3816          202
        3835         3215
        3836            0
        3843           81
        3846         1907
        3849          303
        3857          168
        3873            1
        3878          161
        3884           88
        3889         1537
        3892          207
        3905           55
        3930          806
        3933          963
        3936           21
        3937            9
        3942         3483
        3961         3501
        3968         5947
        3969         1119
        3978          214
        3988           63
        3999            5
        4015            3
        4016          168
        4023          820
        4032         1404
        4055         2967
        4063           76
        4069          229
        4071          254
        4090         1065
        4146          947
        4157           96
        4185           54
        4239           51
        4247           68
        4259         1384
        4262         3552
        4270         2842
        4274          609
        4283         1885
        4292            0
        4306           98
        4329          507
        4337         2246
        4341          169
        4349           35
        4384            4
        4412           66
        4420            5
        4455          118
        4473           71
        4475            0
        4486            0
        4498            1
        4529           55
        4636          165
        4684          557
        4694            3
        4703          162
        4727         1305
        4733          518
        4745          120
        4749         3283
        4771           78
        4778          515
        4824          126
        4826            0
        4833           68
        4853           16
        4920           80
        4957           40
        4966          184
        4978          557
        5005          426
        5011            0
        5092          312
        5099         2119
        5139            1
        5222         1391
        5236            5
        5291          480
        5358          557
        5377         4605
        5405         3994
        5413            3
        5425         2279
        5486          471
        5502          350
        5505          891
        5546          810
        5568          604
        5650          256
        5682           32
        5690         4416
        5705            0
        5713          380
