# HaloID(1) HaloID(2)
           0            0
           1          132
           2            2
           3            3
           4            4
           5          633
           6          635
           7            7
           8            8
           9         3497
          10           10
          11           11
          12            0
          13          474
          14           13
          15           14
          16            5
          17         1435
          18          316
          19           20
          20           19
          21          511
          22           22
          23           23
          24           26
          25           28
          26          184
          27         2894
          28          703
          29           32
          30           31
          31           47
          32         6623
          33         1409
          34         2664
          35           34
          36           35
          37           12
          38         1155
          39         1088
          40          221
          41         2219
          42          610
          43         2862
          44         1239
          45          230
          46         3838
          47           43
          48          367
          49         3114
          50          901
          51           51
          52         1523
          53           53
          54          945
          55          671
          56         1359
          57           59
          58         2459
          59           60
          60           61
          61         4063
          62           64
          63          117
          64           55
          65           67
          66           68
          67         1066
          68          363
          69          193
          70         2651
          71           97
          72           73
          73         3598
          74           25
          75           35
          76          607
          77           77
          78         3392
          79         1243
          80           83
          81          111
          82          138
          83           85
          84          117
          85          737
          86           17
          87           89
          88           91
          89         1083
          90           19
          91           94
          92           92
          93           95
          94         3401
          95         7431
          96         3624
          97         3923
          98           99
          99          540
         100          385
         101          100
         102          102
         103          104
         104         1591
         105          109
         106          544
         107          106
         108         2013
         109         7608
         110          114
         111         3618
         112         1347
         113          171
         114          352
         115           86
         116         3394
         117          118
         118          120
         119          461
         120          388
         121          121
         122           29
         123           43
         124          880
         125          134
         126          126
         127         4554
         128          130
         129         5722
         130          156
         131          128
         132           45
         133          134
         134          133
         135         7075
         136          452
         137          163
         138         2691
         139         4706
         140         1009
         141          909
         142         7896
         143          306
         144          151
         145          695
         146          402
         147         2185
         148          378
         149          500
         150          853
         151          529
         152         7946
         153         3079
         154          172
         155         3827
         156          154
         157          791
         158         7590
         159         1147
         160         4675
         161           56
         162         4471
         163          276
         164            0
         165          166
         166           71
         167         3770
         168          156
         169         3545
         170           32
         171         1634
         172         3261
         173         2743
         174          162
         175         3744
         176          686
         177           62
         178         1056
         179           84
         180         1198
         181         1748
         182          925
         183         4555
         184          832
         185          360
         186          182
         187          367
         188          261
         189          190
         190         1937
         191         2212
         192         1704
         193          192
         194          464
         195         7304
         196         3703
         197         7675
         198         1461
         199          617
         200          639
         201          288
         202          935
         203         4416
         204         5585
         205          339
         206         1305
         207         2727
         208            7
         209            9
         210          181
         211         1689
         212           35
         213         8117
         214           45
         215          213
         216          220
         217          216
         218          345
         219          218
         220         1704
         221          217
         222         3616
         223          229
         224         1611
         225           78
         226         2209
         227           35
         228         1035
         229          227
         230         3617
         231         6843
         232          947
         233         5353
         234         1055
         235         6149
         236           60
         237          107
         238         1289
         239         1924
         240          256
         241         2836
         242          235
         243         5047
         244          244
         245          660
         246          127
         247           45
         248          241
         249         1781
         250         2809
         251          781
         252         1093
         253          301
         254         1826
         255           63
         256         3888
         257          276
         258          180
         259         6208
         260         2560
         261         2899
         262           47
         263          137
         264           41
         265          185
         266          265
         267            6
         268         3282
         269          429
         270          270
         271          698
         272          691
         273          110
         274          272
         275         4731
         276         7223
         277         1761
         278          277
         279         4881
         280          193
         281         6947
         282         4539
         283          294
         284          219
         285         4165
         286          285
         287         5563
         288         3499
         289          380
         291          297
         292          364
         293          203
         294         7435
         295         3622
         296         4083
         297          309
         298         2529
         299         7260
         300           45
         301          222
         302         4664
         303           23
         304          299
         305         3356
         306         2765
         307           22
         308           93
         309         1174
         310         6586
         311          310
         312            8
         313         1264
         314          129
         315         2677
         316          109
         317         2850
         318          148
         319         7681
         320          969
         321         2546
         322         3054
         323          576
         324         2795
         325           68
         326         5412
         327         3350
         328          321
         329          633
         330         6614
         331         1327
         332          309
         333          326
         334           62
         335         7268
         336         2790
         337          130
         338          133
         339          228
         340            2
         341         4471
         342         2144
         343          739
         344           18
         345           56
         346         1909
         347         2583
         348          233
         349         1302
         350          242
         351           95
         352         4131
         353         3663
         354          511
         355           15
         356         6154
         357         2564
         358           19
         359          117
         360          138
         361         2649
         362         4253
         363           48
         364         2095
         365         1198
         366          521
         367         1350
         368         1815
         369          101
         370         7313
         371          399
         372          368
         373          206
         374         2316
         375         6040
         376          882
         377          339
         378         6556
         379         6142
         380         1298
         381           42
         382          977
         383          110
         385           24
         386          384
         387         1546
         388         7579
         389          387
         391         1658
         392         3681
         393          250
         394          101
         395         1888
         396           62
         397         3695
         398          235
         399          393
         400          303
         401         1312
         402          396
         403         2407
         404         3715
         406          156
         407         2450
         408          189
         409         4070
         410         1741
         411          212
         412          550
         413          447
         414          745
         415         6871
         416          670
         417         1267
         418         6027
         419         2590
         420          625
         421         2060
         422            9
         423          536
         424         4182
         425         3084
         426          117
         427         1036
         428         6393
         429          662
         430          433
         432          156
         433          424
         434           90
         435          425
         436         4757
         438          659
         439          709
         440         6333
         441         2955
         442         2424
         443         4994
         444          441
         446          444
         447          602
         449          446
         450          569
         452         2176
         453          448
         454          110
         455          434
         456         6778
         457         2786
         458         4013
         459          117
         461         1371
         462           19
         463          466
         464          460
         466           43
         467         1492
         468          107
         469         1056
         470          884
         471           35
         472          134
         473          470
         474          203
         475          251
         476         3363
         478          473
         479          189
         480          208
         481         2605
         482         1435
         483          338
         484           35
         485         5616
         486         4542
         487         1456
         488           34
         489          455
         490         3961
         491         1785
         492           65
         493         1198
         494          563
         495         2158
         496          768
         497         1156
         498           54
         499          822
         500         3784
         501         1044
         502         1534
         503          498
         504         7736
         505         1695
         507         1369
         508          212
         510         2220
         511          502
         512         1834
         513          520
         514          381
         515         1012
         516           19
         517         1257
         518           73
         519         1579
         520           38
         521          927
         522         1479
         523         4620
         524           87
         526         2025
         527         5868
         528           86
         529          538
         530          141
         531            0
         533          524
         534         7786
         535         1172
         536          726
         537         2638
         538            3
         539         4388
         540         3647
         543         2985
         544         2194
         545         3819
         547          631
         548         4170
         549         2473
         550         2774
         551          159
         552           12
         553         1196
         554         6349
         555         1295
         556          350
         557         1220
         559          437
         560         2459
         561         1605
         562          569
         563         3433
         564           31
         569         1108
         570         7215
         571           86
         572          542
         573         4656
         574          256
         575           48
         576         3566
         577         3261
         578         2200
         579          977
         580         1221
         581         1071
         582            0
         583         4194
         584          577
         585          155
         586         4213
         588          485
         589          556
         590          572
         591         1459
         592         2121
         593         1835
         594          346
         595         3117
         596          522
         598          160
         599         1934
         600          303
         601          733
         602         6878
         603          351
         604          587
         605           24
         606         1056
         607          547
         608          181
         609           35
         610            1
         612          612
         613         4713
         614         3437
         615          964
         616         1473
         617          798
         618         1766
         619          281
         620          145
         622          625
         623           19
         624         6856
         625          484
         626         2559
         627         1209
         628          474
         629         4786
         630         1352
         631          642
         632          144
         633         1419
         634           12
         635          640
         636         3916
         637         7757
         638          198
         639         3580
         640          266
         641           57
         642          312
         643          875
         644         5889
         645          648
         646           63
         647         1419
         648         4281
         649         1695
         650          601
         651          228
         652          576
         654           10
         655          649
         656         1885
         657         3686
         658          822
         659         1166
         660         1585
         661         2065
         662         8022
         663         1452
         664          325
         665            5
         666          746
         667          404
         668         4167
         669           93
         670         2785
         671         2221
         672          544
         673         1595
         674         1314
         675         4305
         676         3277
         677           68
         678          658
         679           42
         680         1470
         681         3103
         682          271
         683          169
         684          724
         686         4425
         687         3080
         688         1123
         689         1104
         690         6550
         691          182
         692         6604
         693         3111
         694           68
         695         1361
         696          692
         697         1001
         698          694
         699         2914
         701          740
         702          687
         703         7891
         704          300
         706            0
         707         1859
         708         2325
         709         3231
         710           81
         711           77
         712          114
         713          718
         714         2229
         715         2112
         716         5204
         717           63
         718         6772
         719          716
         720         1448
         721         3861
         722          271
         723         2774
         724         1336
         725         4055
         726          944
         727          362
         728         1828
         729          953
         730         2002
         731         7064
         732         1207
         734         2519
         735         3931
         736         7524
         737           22
         738         1605
         739         1977
         740          642
         741          717
         742          294
         743         6411
         744          317
         745         2768
         746         1221
         747          751
         748          693
         749           20
         751          310
         752         3803
         755           77
         756           24
         757         1946
         758          733
         759          763
         760         3810
         761          276
         762           93
         763          779
         764         2895
         765         1253
         766          411
         767         4907
         768         7923
         770         1017
         771         3844
         774         1698
         776          275
         777         3401
         778          585
         779         1352
         781           41
         782         5628
         783         5307
         784           35
         785          792
         786          117
         787         3528
         788          194
         789         3364
         790            5
         791          938
         792         1021
         793          805
         794         2225
         795         1885
         796          848
         797          212
         798           68
         799          758
         800         6001
         802          282
         803          187
         804         1902
         805          825
         806         2003
         807          266
         809         2540
         810         1695
         811          812
         812         3289
         815          276
         816            9
         817          814
         818         1037
         819         1227
         821         6372
         822         5504
         823          126
         824           10
         825          703
         826          297
         827          758
         828         5156
         829          828
         830          167
         832           13
         833         1652
         834         7281
         835          232
         836          187
         837         4829
         838         1348
         839         6296
         841          875
         842         4435
         843          517
         844         6965
         845          264
         846          153
         847         5021
         848          419
         849          276
         850         2588
         851          411
         852         7304
         853          193
         854         2206
         856           88
         857          137
         858         5496
         859           35
         860         1900
         861         4306
         862          810
         863          858
         864         3606
         865          726
         866          493
         867          220
         868          540
         869          107
         870          946
         871          119
         872          255
         873           43
         874          482
         875         1239
         876          744
         877         1142
         878            7
         879          623
         880         5472
         883          107
         884          877
         885          372
         886           59
         887         4690
         889         1080
         890           88
         891         4881
         893          204
         894          221
         895         5231
         896          905
         897          872
         898           90
         899            4
         900          165
         901          244
         902          254
         903          910
         904          144
         905          247
         906          333
         907         1631
         908          596
         909           56
         911         5416
         912         2868
         914         4432
         915            0
         917         1796
         918          888
         920           26
         921         2214
         922           41
         923           19
         924          413
         925           62
         927         1189
         928          989
         929         6122
         930         1368
         933          329
         934          921
         935           91
         936         2548
         937          958
         938          290
         940           18
         941         2992
         942         3824
         943          713
         945           54
         946          639
         947          318
         948          377
         949         5101
         950         6853
         951         1614
         952          116
         953            6
         955           46
         956           63
         958          983
         959          191
         960          253
         962         1099
         963           38
         964         2366
         965          933
         966          406
         967           86
         968          938
         969           33
         971           35
         973          247
         974          129
         976          227
         978           57
         981          119
         982         7310
         983          547
         985          520
         986         1008
         987          180
         988         2879
         989         7062
         991         4437
         992         1244
         993          998
         994           38
         995          228
         996         3469
         997         1832
         999         1298
        1000         1622
        1002         1003
        1003          219
        1005         1678
        1007          513
        1008         4102
        1009           34
        1011          545
        1012           19
        1013         6603
        1014           97
        1017          493
        1019         7295
        1020         2704
        1021          747
        1022           40
        1023         1048
        1024         3077
        1025         1348
        1026          283
        1028          710
        1030           63
        1031         4674
        1032          275
        1035         1239
        1036         3246
        1037         6052
        1039          524
        1040         3533
        1042         2652
        1043         6654
        1045           68
        1046         5540
        1047          410
        1049          661
        1051         2586
        1052           79
        1053         2573
        1054         7050
        1055         4977
        1056         4443
        1057           65
        1058            3
        1059         1062
        1061         7185
        1062           23
        1063          547
        1065         2414
        1066          157
        1067         1053
        1068         1141
        1069           68
        1070         1206
        1071         3978
        1072         1084
        1073           55
        1074         2479
        1075         2224
        1076          142
        1077         1478
        1078         4036
        1079           35
        1081         2589
        1082          280
        1083         7153
        1085         1073
        1086         1504
        1087           62
        1089           47
        1092          807
        1093         1584
        1094          173
        1096         5032
        1097         1622
        1098          150
        1099         1111
        1100         3650
        1101         4390
        1102         1336
        1103          761
        1104         1982
        1105          185
        1106          396
        1107          113
        1108         4753
        1109           11
        1111           28
        1112         2758
        1114            8
        1115         1218
        1116          297
        1117          415
        1118           88
        1119         2526
        1121         1591
        1122          707
        1126          213
        1127         1972
        1129          326
        1130         5087
        1131         7264
        1132         1318
        1134         1960
        1135         2397
        1136           42
        1137         1958
        1138         1942
        1139          460
        1140         1136
        1141         3857
        1145           22
        1147         4727
        1148         7295
        1149         3625
        1150          238
        1151         1280
        1152         1164
        1153          935
        1154         5322
        1155           49
        1156           35
        1158         4457
        1159         4521
        1161          291
        1162           54
        1163         3635
        1164          349
        1167           77
        1168           34
        1170          756
        1171           42
        1172          506
        1173          309
        1174          503
        1175         4026
        1176         1022
        1177         3849
        1178          534
        1180          507
        1182          741
        1184            0
        1189          131
        1190         1154
        1192          581
        1193         2400
        1194          157
        1195         7247
        1196         3060
        1197           62
        1198           77
        1199          102
        1201          216
        1202           78
        1204         6153
        1205         5581
        1206          584
        1207         1279
        1208          719
        1211         3348
        1212         2003
        1213         4356
        1214         5733
        1215         3656
        1216          347
        1217           66
        1219          688
        1220          342
        1221         1598
        1223         1919
        1225         5018
        1226          364
        1227         1189
        1228         2243
        1229          253
        1231         7135
        1232         4875
        1233         2222
        1234          992
        1235          691
        1237         2865
        1238          204
        1239         1270
        1240          417
        1241         5035
        1242         1389
        1244          184
        1245         3968
        1248          334
        1250         3501
        1253          319
        1255           47
        1256           39
        1257          373
        1258         4184
        1259          261
        1262         1219
        1264          208
        1265          130
        1266         4167
        1268          128
        1269         1263
        1270         1413
        1271          341
        1273         5708
        1275         3300
        1276         1283
        1277           35
        1278         2850
        1280           15
        1282         1296
        1283           35
        1285          424
        1286         1192
        1287           38
        1288         7262
        1289          763
        1290            0
        1291         3607
        1292           62
        1293           81
        1294         1456
        1295          613
        1296           89
        1297           63
        1298         1462
        1299           19
        1300           33
        1302         1259
        1304          353
        1305          459
        1306         4561
        1307         1309
        1308         1534
        1309          441
        1310           54
        1312          108
        1315          513
        1316         7428
        1317         4063
        1318            1
        1319         1226
        1323          212
        1324          257
        1326         2685
        1328          105
        1329           66
        1330         8147
        1332         7350
        1334         3231
        1335          372
        1336         1446
        1337          365
        1339           47
        1340          564
        1342         3053
        1344         4789
        1346          137
        1347         1431
        1348          171
        1349         1918
        1350         1296
        1352         1365
        1353          859
        1354          438
        1355           21
        1356         1205
        1357          203
        1358           20
        1359          258
        1360          633
        1361          277
        1364         1930
        1365          158
        1366         7030
        1368         2474
        1369         1376
        1370            1
        1371         1398
        1372           29
        1373          652
        1375         1985
        1376           42
        1379         4989
        1380         3081
        1381          956
        1382          994
        1383         2073
        1384         1088
        1387         4479
        1388         3919
        1390         5523
        1391            5
        1392         1382
        1393           62
        1394         5483
        1396         1119
        1398          182
        1399         3826
        1400          586
        1401         7086
        1402         3832
        1403         2734
        1404         1054
        1406         2367
        1407           35
        1408           23
        1409           33
        1411         1403
        1412           78
        1413         5342
        1415          167
        1416            6
        1417          530
        1419          496
        1420          297
        1421          256
        1422         1418
        1424         2293
        1425          416
        1427         1863
        1428          138
        1429         3095
        1430          307
        1432          706
        1433          764
        1435         1246
        1436          994
        1437          633
        1438         1852
        1439           35
        1440         8091
        1441         1427
        1442          408
        1443            7
        1444          257
        1445          343
        1446          287
        1448          112
        1449          831
        1450         1680
        1453           24
        1454          633
        1456         3559
        1457          457
        1458         1330
        1459          788
        1460          768
        1461         2719
        1462          715
        1463          136
        1464         2244
        1465         2112
        1466         5315
        1467           63
        1469           68
        1470         2271
        1471         1462
        1473           11
        1474         3110
        1475         2244
        1476         3941
        1477         2077
        1479         1731
        1481          163
        1483          418
        1486         1524
        1487           22
        1488          638
        1489           19
        1491         1997
        1492         1465
        1493         4725
        1494         2978
        1496           45
        1497          252
        1498          133
        1500         1504
        1501         1174
        1502         1199
        1503         6635
        1504           24
        1505          477
        1509         4454
        1511         1468
        1512         8075
        1513         1434
        1515         1541
        1517            5
        1518         1714
        1520          797
        1521         1098
        1522         1211
        1523         4363
        1525          461
        1528           98
        1529            0
        1531         1658
        1532          848
        1533          663
        1534         3273
        1537         1056
        1538         2492
        1539          242
        1540         1540
        1543           39
        1544          121
        1545          111
        1547           23
        1548         1370
        1549          195
        1550          214
        1553          432
        1557           79
        1558         2678
        1560         2685
        1563            0
        1566         2311
        1567         1458
        1569         1587
        1570          346
        1571          220
        1572         2077
        1573         2246
        1578         1620
        1580          840
        1581         1618
        1582         3600
        1583           19
        1584          247
        1585          159
        1586          305
        1587         4299
        1588         6203
        1589         1449
        1590          613
        1591          439
        1592          716
        1593          127
        1594          163
        1596         1503
        1598         2442
        1600         6706
        1602          707
        1603         1643
        1604          457
        1605         1609
        1607            5
        1608          425
        1609         4522
        1610          393
        1611           80
        1613          809
        1614         1863
        1616          279
        1618         1067
        1619         3574
        1620           93
        1621           19
        1623         4056
        1624         2196
        1626         1944
        1627          239
        1628           22
        1630         1956
        1631         1894
        1632          153
        1634          863
        1635         3103
        1636           98
        1637         1603
        1638         5209
        1640          396
        1642          274
        1644          663
        1646         1543
        1647           76
        1648         4565
        1649          663
        1650         1353
        1651          401
        1654          302
        1658           81
        1660          148
        1661         1426
        1662         3587
        1664         1577
        1665         6909
        1666         1789
        1667         2478
        1668           85
        1669         2545
        1670          117
        1671         6254
        1672         4883
        1673         6946
        1675         1122
        1676          509
        1680         1687
        1683            0
        1684         1694
        1686          148
        1687         4996
        1688         2126
        1689           21
        1693            4
        1694         1745
        1696         2560
        1697         1147
        1698           20
        1699           13
        1700         2740
        1701         1809
        1702          516
        1703         6163
        1704            4
        1706          430
        1707         4757
        1708           24
        1709           27
        1710         3631
        1712         1702
        1715           29
        1716         3793
        1718         1734
        1720          186
        1721          135
        1722         4587
        1723         5735
        1724         5773
        1727         1834
        1728         4357
        1729          601
        1730          363
        1732         2806
        1734         3823
        1735          228
        1736         3354
        1737         1162
        1738         4927
        1740         1834
        1741           88
        1742          570
        1743         1314
        1747           56
        1749         1225
        1751         1148
        1754         1743
        1756         1871
        1757           19
        1758           32
        1759          544
        1760          258
        1762         7375
        1763         1711
        1764          724
        1766          412
        1767         2511
        1769         1257
        1770          380
        1771         5301
        1772           97
        1774          115
        1776         3622
        1777         3985
        1779            3
        1780         4373
        1781         2535
        1784         4410
        1785            6
        1788          303
        1789          521
        1790           41
        1793          550
        1796         1778
        1798           29
        1799         1071
        1800         2216
        1802         1484
        1803          217
        1804          827
        1805         1069
        1807         8135
        1809          755
        1811         1812
        1816           79
        1817          616
        1819         3300
        1820         3586
        1821         1080
        1822          137
        1825          165
        1826          155
        1829          830
        1831          434
        1832         4946
        1835         2141
        1837         3154
        1839         3226
        1840         1962
        1841         3335
        1843          341
        1844         3804
        1845         1100
        1848           17
        1849         2882
        1851          160
        1853          153
        1854         2745
        1856         1261
        1858         1821
        1861         1582
        1862         3801
        1863            1
        1864         3498
        1865         1285
        1866         2393
        1868           10
        1869         7818
        1873          297
        1874         2906
        1875         2148
        1876          291
        1879         5617
        1880         1867
        1881         4462
        1882         2577
        1883          693
        1884         1989
        1885         2216
        1886         1018
        1887          129
        1888          334
        1891           15
        1894           28
        1896           16
        1898           72
        1899          182
        1900         1882
        1901          392
        1903         6093
        1904         2474
        1905           21
        1906            2
        1909          447
        1910          107
        1913         1213
        1917          424
        1918          143
        1921           47
        1922         1400
        1923           69
        1924          323
        1925         2331
        1926          280
        1930         1859
        1931           56
        1932           83
        1937         7386
        1938           28
        1939         1938
        1941          150
        1945          179
        1947            5
        1948           99
        1950            0
        1951          400
        1954            0
        1956          250
        1957         7068
        1958           21
        1959          665
        1960          754
        1961          704
        1963          214
        1964         2748
        1965          652
        1966            2
        1967          135
        1969          135
        1971           30
        1972           19
        1976         1992
        1977           19
        1978         2275
        1979         1875
        1981          503
        1982          947
        1985          229
        1988          269
        1990          547
        1994          248
        1995         7675
        1996         1921
        1997          137
        1999         2131
        2000          173
        2001          262
        2002         6135
        2003          131
        2005          468
        2007          277
        2008          137
        2009         1710
        2012           35
        2013         4018
        2014          822
        2016          157
        2018         1461
        2019         2920
        2021           19
        2025         1146
        2030         2031
        2031          486
        2035         1257
        2037          260
        2039         4813
        2040          823
        2041          260
        2042          155
        2045         1257
        2047         3420
        2049         3905
        2051         4565
        2053          193
        2054         1272
        2057         1177
        2058           20
        2059         3267
        2061         2066
        2062           51
        2063          105
        2065         2467
        2066         2672
        2069         5164
        2070           35
        2073         4885
        2075          222
        2076         2523
        2078          959
        2081         5787
        2082           38
        2083         3169
        2087            5
        2089            0
        2091          172
        2092            6
        2094         2718
        2096           16
        2097         2523
        2098         4513
        2099           33
        2104          934
        2105         7175
        2108         6534
        2109         2145
        2110           79
        2111         6822
        2114          521
        2115          577
        2117         2411
        2121            0
        2123            4
        2124         5715
        2125          240
        2126          288
        2127         1410
        2128           35
        2130         2231
        2132           16
        2133         1583
        2135         2966
        2137         5516
        2138         6509
        2141         5136
        2142          484
        2144          936
        2145         3361
        2148          416
        2149         2826
        2151          447
        2153         7209
        2156         3365
        2157         2351
        2159         1377
        2160          938
        2161          977
        2162            0
        2164           31
        2165         2203
        2167            0
        2169            1
        2170           57
        2171            8
        2172           15
        2174         2495
        2176          394
        2180         1614
        2181          304
        2182          121
        2183          102
        2184         5668
        2185          396
        2188          347
        2189          238
        2190         4807
        2192          842
        2193           72
        2194         1712
        2195         7228
        2199          728
        2200         2159
        2201          673
        2202           79
        2203           29
        2205         7578
        2206         2635
        2209          210
        2210           93
        2212         1420
        2213         5374
        2214           50
        2217         3228
        2218         3403
        2219          192
        2220           11
        2221            2
        2224           15
        2227         5546
        2228         2252
        2229          878
        2233         5317
        2234           50
        2236           28
        2237          343
        2239         1097
        2242         5944
        2243           24
        2245          723
        2250         7880
        2251          159
        2253            9
        2255         1701
        2259           10
        2260          158
        2263         7088
        2265          189
        2269           35
        2270           72
        2274         3540
        2275           11
        2276          467
        2277          149
        2286          160
        2289         4052
        2291          274
        2293          476
        2295         2134
        2296          113
        2298         2280
        2300            9
        2304          910
        2305          396
        2308         5024
        2310          279
        2311         1013
        2312          511
        2316          277
        2321          244
        2322         1318
        2324            0
        2327         5167
        2333         4882
        2334         1295
        2335          582
        2338         1253
        2339         2926
        2342         4425
        2345         4674
        2346         7358
        2349           71
        2350         3326
        2351         2238
        2353          728
        2354         3216
        2355          645
        2357         3045
        2358         7260
        2361          730
        2364           99
        2365          558
        2367          557
        2370         1174
        2373         1666
        2375           42
        2377          258
        2379         1136
        2380           36
        2381         1256
        2382           97
        2383           35
        2384          409
        2386          155
        2388          479
        2389         1887
        2391           10
        2392         1415
        2394           46
        2396           79
        2398            0
        2399         2369
        2400         1618
        2401          864
        2409          735
        2411         5767
        2413          135
        2414         4221
        2415          994
        2416            1
        2420         3248
        2422          364
        2424         4288
        2425         1141
        2426          173
        2428         3554
        2429         3320
        2430          155
        2431           12
        2432         1030
        2435          345
        2437         2400
        2438         1639
        2439           45
        2441           60
        2443         2957
        2445         2357
        2447         2375
        2448          144
        2449          256
        2450         1651
        2451         1459
        2452           43
        2453         2537
        2460         1441
        2463         7462
        2465          117
        2468          960
        2470         4934
        2472           39
        2473         7947
        2480         7765
        2481           97
        2483           29
        2485         2741
        2489         2112
        2494         4206
        2495          228
        2496          388
        2499         1739
        2500         4176
        2503         3509
        2504         6529
        2505           18
        2508           15
        2510          243
        2512         2551
        2513          230
        2517         1285
        2518          682
        2519         2539
        2520         1247
        2521          593
        2526          326
        2530         2148
        2533         2570
        2535          197
        2536         1342
        2537         2550
        2539           20
        2540         3493
        2541          105
        2542           71
        2547         5775
        2548          114
        2553         1500
        2555          148
        2556         1556
        2558          156
        2563            9
        2564          644
        2566          728
        2570          349
        2571         2411
        2572          446
        2574          217
        2575         2845
        2577          857
        2581         1110
        2584           50
        2585         1197
        2586          274
        2587          589
        2589         1441
        2592          269
        2594           15
        2595           48
        2596          823
        2597         2248
        2599           21
        2602         4258
        2604          330
        2605         7954
        2607         3201
        2610         2443
        2613         2577
        2614          914
        2616          501
        2617          107
        2619         3410
        2620         4735
        2621          214
        2623           43
        2625         2572
        2627         2587
        2628           66
        2629         1168
        2631           17
        2632         2569
        2633         3616
        2634           86
        2635          198
        2636           28
        2639           21
        2640         2676
        2641         2169
        2642         1420
        2644         4897
        2645          389
        2650          228
        2653          507
        2655           32
        2657            0
        2659          517
        2663         4066
        2664          122
        2667         1103
        2672         5999
        2673          118
        2674          380
        2677          726
        2678         1352
        2679            3
        2682           66
        2683         2990
        2689          410
        2690          434
        2691           41
        2692           58
        2695         2299
        2699         1342
        2700         2242
        2702          367
        2704         2675
        2705           80
        2707         2678
        2708         3037
        2709          335
        2711          326
        2712           56
        2716         1887
        2719          586
        2720            1
        2722           19
        2723            4
        2726          994
        2728          440
        2729         2085
        2731         1693
        2732         5457
        2733           21
        2734         1211
        2735          106
        2736           27
        2738          203
        2740          272
        2742           98
        2743          295
        2744          331
        2745            3
        2746            5
        2747         4759
        2748           79
        2752            0
        2754         5793
        2756         5637
        2758         2758
        2761          976
        2762         1568
        2763         1536
        2764          523
        2765         2815
        2769         3408
        2770          452
        2771         2748
        2775          278
        2776           38
        2778          289
        2779         6107
        2781          460
        2784         2574
        2787          195
        2788          208
        2791           10
        2793         1351
        2794          237
        2796            0
        2798           88
        2802         1759
        2803         1318
        2804          303
        2807          519
        2809         5591
        2810         1126
        2811         7494
        2812         6193
        2814         4354
        2816         3437
        2817          116
        2818         1314
        2819         1423
        2820           40
        2822          317
        2824          386
        2827         1554
        2832          762
        2833         5854
        2834         1045
        2836         3629
        2837         4525
        2838          642
        2839          989
        2843            1
        2844         6598
        2847         3317
        2848         1226
        2851          400
        2854           79
        2855         2861
        2856           21
        2858          248
        2859          418
        2863          988
        2865         1444
        2866         1594
        2867         1587
        2868         3326
        2871          418
        2874          732
        2875         2313
        2882            4
        2884           36
        2887          227
        2888         2063
        2890         2601
        2895           57
        2896         2841
        2898         3059
        2900         2924
        2901          299
        2902          257
        2903         3315
        2905          349
        2906         3414
        2907         1289
        2909         1226
        2913          947
        2916         3868
        2917          927
        2921          702
        2922          148
        2924          326
        2925          757
        2926         1060
        2927         3861
        2928         1598
        2930         7860
        2931          399
        2934          325
        2936         5457
        2937          277
        2938         2012
        2939           43
        2940          768
        2942         3903
        2943          430
        2946         3776
        2947         4146
        2950          126
        2951          355
        2952         2997
        2957          160
        2958         2976
        2961           39
        2964           35
        2967         2426
        2968           45
        2969          201
        2970          396
        2971            6
        2973          339
        2974           22
        2975         2577
        2978         2511
        2981            3
        2982         2994
        2983         2996
        2985          113
        2990          375
        2991           24
        2992          120
        2993         3141
        2994         2486
        2996         4753
        3000           20
        3001         1629
        3003         8034
        3005          540
        3007         1688
        3010          728
        3014         1036
        3015           42
        3016         1624
        3019          394
        3021           50
        3026         1612
        3029         2428
        3030           10
        3033         1344
        3034          450
        3037         1342
        3038         2463
        3039         3017
        3041         1208
        3042         1589
        3043         3056
        3045          194
        3047         2039
        3048            0
        3057         2536
        3058           37
        3059          601
        3061         8134
        3062         2813
        3063         6906
        3064            6
        3070          501
        3072         5953
        3073           32
        3075         1296
        3079          670
        3080         6384
        3081          765
        3087         3232
        3088           39
        3092          619
        3097         4426
        3099            3
        3101         3023
        3102         1968
        3104           91
        3105         1541
        3107          367
        3108           85
        3109         5265
        3112          133
        3113         1241
        3115         3090
        3116         3136
        3117         3123
        3119          166
        3120         3543
        3121           79
        3125         2388
        3129         2616
        3131         4374
        3133         5927
        3135          160
        3137         4829
        3138           46
        3141          505
        3143         2924
        3144          812
        3146         1666
        3148         1813
        3149         3113
        3150         6296
        3151          947
        3154            1
        3156         4739
        3157            2
        3159          298
        3162         5808
        3163         1786
        3164         5070
        3173          397
        3175         1727
        3176         2393
        3177            7
        3180          106
        3186          245
        3187          325
        3188            2
        3190           50
        3191            3
        3194         3098
        3195          440
        3196         3201
        3197          416
        3198         2500
        3199         3275
        3200         2255
        3201         4488
        3202         3213
        3206         1704
        3208         2103
        3213          190
        3214          453
        3215          848
        3218          185
        3219          335
        3223            6
        3227          308
        3228            9
        3231         2022
        3232         7175
        3233         6675
        3235           24
        3237            0
        3239         1727
        3242          107
        3243           49
        3244           15
        3246           38
        3248         1020
        3249          566
        3252         3202
        3253           57
        3257         1592
        3260           22
        3261         1015
        3262         3878
        3265         1172
        3267          890
        3268           70
        3269         2098
        3275          455
        3276         4317
        3279         1214
        3280         2527
        3282          715
        3285          180
        3288         1368
        3289         7179
        3292           57
        3294          420
        3295          105
        3296          298
        3297          193
        3298          415
        3301          189
        3304         4349
        3305         4463
        3306           96
        3311         2788
        3314          213
        3316         5192
        3317         2431
        3318         1696
        3321            0
        3324         4018
        3325           37
        3327         6705
        3330         1584
        3333          214
        3336         1116
        3337          831
        3340         1020
        3349         2555
        3350          806
        3354           27
        3355         6039
        3359            9
        3361          354
        3363         1219
        3365         7989
        3366           53
        3376          283
        3377         2295
        3379          661
        3380           17
        3389           98
        3390         3568
        3391          212
        3392           48
        3396         5754
        3397         7797
        3399           30
        3400         1507
        3402          298
        3406          102
        3408            2
        3409          720
        3413            0
        3415            3
        3416         2988
        3417         3406
        3426          107
        3427            8
        3430          190
        3431         3393
        3434         3821
        3436         1711
        3437          409
        3438         5600
        3439         1029
        3440         1172
        3450          188
        3455           52
        3457         2322
        3458          204
        3459          160
        3461         5061
        3462           30
        3463         2659
        3466         1758
        3468            4
        3472         3450
        3476          553
        3478          265
        3479         3220
        3483         6620
        3486         3435
        3491         2544
        3497         3774
        3501          126
        3502          135
        3504         1197
        3506           34
        3508         1894
        3509           52
        3511         7495
        3515          500
        3518         3280
        3519           21
        3520           54
        3522          332
        3524          285
        3525          545
        3526            2
        3527         1949
        3533         1589
        3534          269
        3535           18
        3537          200
        3541          423
        3547            0
        3548           78
        3549         2203
        3551            8
        3553         7904
        3554          427
        3558          298
        3561            1
        3563          248
        3564          134
        3568          288
        3569         1043
        3570          726
        3573            8
        3576           23
        3578          896
        3580          243
        3581         1909
        3584         1907
        3588          489
        3589         4589
        3590          172
        3591          102
        3593         2174
        3594          581
        3598          188
        3599         2168
        3601          632
        3604          214
        3605         1605
        3607           21
        3611           26
        3614          583
        3616         2149
        3622            5
        3623          203
        3626            1
        3628         3733
        3629            0
        3632         1732
        3634          978
        3636          251
        3639         1022
        3640         4036
        3641         2607
        3645          628
        3647         5509
        3648            1
        3649         1485
        3651          430
        3652          222
        3654          733
        3656           13
        3657         2448
        3660          329
        3662         1174
        3666           65
        3667         2989
        3671          131
        3672          311
        3677            0
        3679            9
        3680         1240
        3681           11
        3683         2194
        3684          942
        3686         1360
        3690          503
        3692         5769
        3693         1265
        3694         4390
        3697           62
        3700         3352
        3701          584
        3709          570
        3711         2081
        3712          439
        3714          838
        3718          430
        3719           57
        3722         3010
        3723         4897
        3724         3702
        3725         3795
        3726         3866
        3730         2054
        3737         5216
        3738         3090
        3739          509
        3742          194
        3743         1444
        3746          302
        3749           71
        3753         1801
        3759            9
        3760          798
        3761           28
        3763         3411
        3764          333
        3768            0
        3772          170
        3776         3786
        3777          106
        3779          199
        3783          353
        3786         3733
        3788          858
        3791           48
        3792         4378
        3794         1946
        3796          304
        3797            6
        3800            5
        3804          323
        3805           69
        3806          160
        3809            5
        3810          848
        3812         7058
        3813          107
        3816          435
        3818          143
        3822         2876
        3825           71
        3827          195
        3829         1760
        3830         1456
        3835         3864
        3838         2100
        3839          420
        3843          212
        3844          146
        3847           50
        3848           64
        3849          271
        3853          324
        3856         2240
        3860          117
        3864          298
        3865           45
        3867         3935
        3869          390
        3871          128
        3874         1963
        3875         3550
        3876          105
        3880         2044
        3885         2485
        3889         4612
        3890         4723
        3891          264
        3892         1066
        3894           23
        3897         4172
        3898         1642
        3899         6115
        3902         5623
        3909         1421
        3911         1206
        3915           38
        3917         2028
        3920         2776
        3921          138
        3922         1699
        3923         1429
        3925         1228
        3927         1329
        3928          436
        3930         3969
        3931         1568
        3932           59
        3933         1382
        3934         5777
        3935           48
        3941         1463
        3942         6845
        3943          937
        3944          946
        3946          198
        3950         1913
        3955         1415
        3956         1470
        3958          628
        3960          664
        3963         1737
        3966           40
        3970          926
        3973            9
        3977          193
        3980         1226
        3982          244
        3984         1992
        3985           20
        3986            1
        3991          970
        3992          723
        3994          647
        4000         7714
        4002         2418
        4007          436
        4008         1235
        4009          371
        4010          193
        4012          223
        4014         4165
        4016          285
        4019          188
        4021         3699
        4022          129
        4023          758
        4026         3209
        4027          885
        4028            1
        4029         4949
        4033          897
        4036          806
        4037         4447
        4038         4760
        4039         3148
        4040         2788
        4046            0
        4047         2212
        4048          434
        4051         1888
        4055          253
        4060         2801
        4062         6486
        4063          805
        4066         6767
        4067          963
        4070         1044
        4071          840
        4072          102
        4076         5226
        4081          386
        4082         2923
        4086         3475
        4087         1259
        4093          391
        4094         1430
        4096         2991
        4097          152
        4099         3004
        4100          148
        4101          458
        4103          142
        4105          260
        4106          335
        4109           99
        4112          105
        4113          394
        4115         4252
        4117         2334
        4119          652
        4127         4132
        4128         3532
        4133            3
        4136         1868
        4138          623
        4139          697
        4142          324
        4145         4349
        4147         5836
        4151          387
        4152          328
        4156          872
        4157          777
        4160         1423
        4163           56
        4164         1746
        4165         2588
        4167          977
        4168         2277
        4171           56
        4173         6671
        4174         6045
        4175          125
        4177         5586
        4178          706
        4180          793
        4181          143
        4188         5082
        4189          360
        4192         6286
        4195           64
        4196          958
        4203            5
        4204           37
        4205         4915
        4207         1212
        4210            4
        4217          386
        4218            1
        4219           72
        4221            0
        4224           59
        4226          617
        4228          419
        4231          577
        4232         5320
        4236            7
        4241         3946
        4249          159
        4251         6209
        4253           85
        4254          281
        4263          852
        4266         2505
        4268            2
        4269          881
        4272         3344
        4274            5
        4278          390
        4279          946
        4282          301
        4284          203
        4285          310
        4288          278
        4292          274
        4293          238
        4294         7283
        4296          125
        4297         3998
        4302            1
        4303            1
        4306           44
        4307          455
        4310          203
        4311          177
        4312         6977
        4313           80
        4316          665
        4318         1988
        4321         4734
        4325           23
        4327          607
        4328            1
        4329          655
        4331           11
        4334          605
        4336         5619
        4338            5
        4341         1186
        4349          818
        4350           85
        4351         2282
        4352         2041
        4355           79
        4360            5
        4361           24
        4363            0
        4364         6780
        4365          514
        4370          674
        4372           85
        4373          140
        4374         4158
        4375          512
        4376          748
        4377           85
        4381         4715
        4384         3583
        4386         6243
        4390          745
        4396          278
        4401           82
        4403          233
        4406          672
        4407         4585
        4409         2380
        4410         3504
        4411           86
        4412           17
        4414            0
        4423           54
        4424         1416
        4426          123
        4428         4353
        4432          998
        4436          834
        4437          354
        4439         6465
        4445            5
        4454          100
        4458           61
        4460           83
        4461         2313
        4463         7669
        4470         4425
        4476         4593
        4477           23
        4481          642
        4487          400
        4488         3216
        4491         2440
        4495         2923
        4500         2173
        4501         3786
        4502            0
        4505         4545
        4506           74
        4509         4660
        4511          131
        4512           37
        4514           33
        4519            5
        4520          125
        4526           13
        4527            5
        4528           50
        4532           34
        4533         4354
        4534         3905
        4535            3
        4536         5936
        4539          161
        4540         2213
        4541          450
        4542          500
        4543           76
        4544         1665
        4547          721
        4549           50
        4554          788
        4556           12
        4557         1125
        4558         1478
        4559         3226
        4560          203
        4562          113
        4566          328
        4568          392
        4571          523
        4573           27
        4575         6595
        4581           20
        4582         3318
        4583         8121
        4584           20
        4585          666
        4586          245
        4592         1049
        4593          366
        4598          694
        4604           21
        4607          385
        4609          250
        4616         2147
        4619          217
        4623          679
        4628         4381
        4630         6313
        4631         4185
        4632            6
        4633          331
        4635         7554
        4640            0
        4642          347
        4645          451
        4647          805
        4648            3
        4649           75
        4652         2268
        4654         2100
        4658          769
        4663         1664
        4664          579
        4667          235
        4668           53
        4670         3095
        4671          303
        4678         3019
        4681         1516
        4682         3561
        4683          185
        4686          614
        4687         5515
        4691         8131
        4694         7562
        4695            0
        4696           69
        4701         4264
        4706         4764
        4708          805
        4711          538
        4713            1
        4714         2020
        4715         4741
        4717         2412
        4720          114
        4723            0
        4727          321
        4729         3324
        4730          150
        4731           23
        4732         4608
        4733          210
        4737          173
        4741         3873
        4742         5117
        4747          485
        4751           59
        4752           64
        4757          234
        4758          446
        4759         2597
        4762            0
        4763           82
        4768           45
        4770         2816
        4771            5
        4772         6988
        4773         8020
        4775         7084
        4782         4942
        4786            0
        4787         2527
        4793         4858
        4796           20
        4799           20
        4801           21
        4802           45
        4805          155
        4807            3
        4810            1
        4812         1268
        4814          830
        4815         5305
        4818         4817
        4821           86
        4823         3414
        4825         3665
        4830           10
        4831          976
        4833         3857
        4834         2063
        4835         2954
        4839            7
        4846         6133
        4848          677
        4854           77
        4857          279
        4861         1842
        4866         4922
        4870          192
        4878           11
        4886           30
        4887          839
        4889          355
        4893            7
        4894          984
        4895         5904
        4898          260
        4899         7042
        4900           82
        4903          136
        4905            5
        4907          641
        4911            0
        4918          583
        4921           97
        4923          322
        4927         2021
        4931          402
        4934          266
        4935           69
        4941         4147
        4945            5
        4948            0
        4951          107
        4953         1150
        4955          352
        4958          102
        4959          208
        4968         3992
        4970           64
        4981         5120
        4982         2549
        4985         1617
        4988           86
        4989         3752
        4993         5169
        4995          134
        4996          234
        4998          292
        5003         7555
        5004         4450
        5006          100
        5007         5440
        5013          111
        5014         7464
        5015            0
        5017            1
        5018           39
        5029           21
        5034          256
        5038          166
        5043         1212
        5044          460
        5050          643
        5052          788
        5054           82
        5058          244
        5059         3167
        5060          514
        5063          155
        5064            0
        5065         1036
        5067            0
        5071           83
        5073          405
        5081         1053
        5084         2919
        5085          279
        5089          596
        5093         5713
        5099          198
        5106           37
        5107           82
        5109           63
        5110         3100
        5113            0
        5116           23
        5117         6332
        5123            0
        5124           10
        5125          237
        5126         1204
        5129           59
        5131           80
        5133          573
        5139          152
        5143          984
        5144          105
        5147          170
        5150          174
        5155           87
        5158         2519
        5162         2810
        5163          503
        5166            3
        5167         4172
        5171          290
        5173         2416
        5176          247
        5177          128
        5181         5170
        5184          192
        5185         1802
        5186          846
        5189         1101
        5193         2763
        5199         2208
        5203         1034
        5204          169
        5206         4152
        5213          115
        5214          224
        5218           59
        5224           86
        5226          110
        5227            0
        5230         5532
        5231         3721
        5234           61
        5237          423
        5244          356
        5248         2990
        5257         3343
        5260           54
        5261         3659
        5262            5
        5264          703
        5265         4511
        5267           36
        5271          173
        5278          674
        5282          313
        5284         5334
        5285            9
        5288         5150
        5293         7086
        5296          222
        5302           37
        5303           83
        5306            3
        5312          243
        5317         2336
        5319          121
        5320         1894
        5323         3463
        5324         2277
        5325         1403
        5327         7485
        5330           33
        5331           48
        5334           48
        5336          203
        5340         4904
        5343            0
        5344            0
        5349         5483
        5352            3
        5354         2738
        5357         1664
        5360          291
        5366            3
        5370          243
        5371          124
        5372         2213
        5374          194
        5378           53
        5380         4066
        5382          143
        5383           21
        5384           26
        5390          743
        5392          520
        5394         3797
        5398           52
        5401         4118
        5403         5588
        5407         3415
        5413          512
        5419            0
        5422         3875
        5423         1215
        5432          159
        5435          265
        5437          466
        5440          333
        5443            3
        5445          217
        5446         5170
        5447           65
        5450         5456
        5453          210
        5455          126
        5457         1168
        5458         5126
        5463           20
        5466         4658
        5470          780
        5472            7
        5474         2085
        5476         5693
        5481         1194
        5483          170
        5484          577
        5485          217
        5486           51
        5488         1244
        5490          234
        5493           42
        5497          129
        5502          192
        5504         4115
        5508           64
        5509          738
        5511          498
        5514          295
        5515           32
        5519         1639
        5524          268
        5525         2233
        5529         4491
        5541          597
        5543         7134
        5545            0
        5546           36
        5553         2960
        5554          190
        5556          939
        5557          738
        5558          260
        5559         4168
        5561           20
        5564           92
        5565           65
        5567         7259
        5569          240
        5573          857
        5578            7
        5579           28
        5584         1911
        5596         6297
        5597         5315
        5599          575
        5603          263
        5607          198
        5611         2027
        5622         6280
        5627         5721
        5631            0
        5634          243
        5635          575
        5636           72
        5640         1783
        5645          274
        5649         1103
        5656            0
        5664           11
        5665            1
        5666          140
        5668           45
        5679          520
        5681          944
        5682          107
        5693         3721
        5695         4015
        5696          145
        5704           49
        5709          576
        5710            2
        5712          487
        5713            7
        5714          664
        5716         5907
        5717         2291
        5719          116
        5720          455
        5726         1922
        5728          237
        5729          427
        5735          934
        5743          146
        5745           86
        5748          108
        5751          257
        5754           42
        5755          277
        5757          146
        5762           16
        5764          583
        5769         3659
        5770           55
        5773          114
        5775          159
        5776         2847
        5789           15
        5790          823
        5803         5661
        5812          190
        5814          891
        5824         1029
        5829         3243
        5833          632
        5834           72
        5835         3575
        5836          196
        5843          134
        5846           21
        5848          612
        5849          230
        5851         5803
        5863          198
        5866          408
        5867         2212
        5870          198
        5875          218
        5878          805
        5884         6041
        5888           50
        5890         2003
        5893           71
        5894          370
        5895           24
        5897          527
        5902         5427
        5905         3207
        5913          281
        5916         2134
        5917            0
        5918           39
        5924          343
        5939           76
        5941          666
        5945          481
        5947          213
        5948          146
        5952          217
        5961         7275
        5969            7
        5972         3815
        5981         5204
        5983         1867
        5985          387
        5988          278
        5989           95
        5999          369
        6002          101
        6013         2988
        6020         1062
        6028          355
        6031          233
        6032         6220
        6035          237
        6036          308
        6039          494
        6044           24
        6046          257
        6052          290
        6053            0
        6055           18
        6056          114
        6058          721
        6059          201
        6061           85
        6071         2755
        6072          324
        6079          159
        6084          302
        6085            0
        6092         6292
        6094         5106
        6099          278
        6100          334
        6101         2931
        6110          926
        6114           98
        6121         3047
        6128          512
        6133          233
        6140         6103
        6142          190
        6144          147
        6146            0
        6148            0
        6149           11
        6151            1
        6153         3552
        6161          190
        6169            6
        6170           93
        6172          362
        6173         1066
        6182           50
        6184         1778
        6186         3052
        6187           91
        6192         6114
        6193          144
        6195            0
        6197           69
        6200            1
        6201         2373
        6204          702
        6208           23
        6217         1212
        6218          354
        6225           64
        6233          191
        6236          597
        6238          432
        6243          198
        6244          596
        6245          416
        6249         4567
        6254          155
        6255         4232
        6262         7691
        6265           58
        6270          410
        6280         1514
        6281           52
        6283            1
        6285          857
        6286            0
        6292          293
        6293           64
        6294         1057
        6298           98
        6299          839
        6307          218
        6310           59
        6311         1597
        6316           51
        6318            3
        6320          465
        6321           48
        6326          316
        6327          570
        6329          496
        6333           33
        6337         2466
        6342          280
        6344         6426
        6345         2046
        6349           91
        6353           82
        6354           69
        6357          216
        6361          127
        6363         8057
        6367         5813
        6368          213
        6369         3358
        6370            6
        6371         1667
        6372           14
        6373           42
        6374         5969
        6377          297
        6378           82
        6381          262
        6386           76
        6390         1735
        6391          918
        6393           32
        6394           45
        6405          139
        6411          223
        6415          453
        6417          360
        6420          545
        6423         1098
        6426         7123
        6427           39
        6428          151
        6436         4123
        6441          329
        6448          253
        6450          311
        6451          985
        6453         4028
        6455          271
        6456         1687
        6458         3796
        6462         5521
        6465         1808
        6470          221
        6472          114
        6475           95
        6481          352
        6484         6555
        6485          108
        6486         4695
        6493         6635
        6494           18
        6496         1884
        6500          118
        6501         1134
        6503            0
        6504          807
        6505           37
        6509         3776
        6512          161
        6516           33
        6517         1672
        6519         3100
        6522            0
        6535          111
        6541            3
        6542          971
        6543         5731
        6544          858
        6545         6484
        6551         1519
        6556            0
        6560            6
        6563         2173
        6566          605
        6570           80
        6578            7
        6579          377
        6583          328
        6584          375
        6588           12
        6593           12
        6594            0
        6595         1422
        6597           57
        6599         2847
        6601         1206
        6605         1465
        6610         5381
        6612           27
        6622         3199
        6629         6640
        6635         6087
        6639         3771
        6641            0
        6650            0
        6656          237
        6661         3467
        6670           98
        6672            9
        6674         1347
        6676            0
        6678         1732
        6681           40
        6683           64
        6684          396
        6686          514
        6691         1915
        6693         6442
        6697           26
        6699           93
        6700         1131
        6704           41
        6706         2633
        6713          124
        6715            0
        6717         1448
        6718         2304
        6720         7076
        6727         1942
        6731         2949
        6736          553
        6743          110
        6744            6
        6745          709
        6748         1732
        6755            3
        6760         2223
        6769         2919
        6770          947
        6775          104
        6776          344
        6777          916
        6784         2173
        6785          309
        6788         4069
        6795           64
        6800          852
        6802           64
        6804           28
        6805           84
        6806          124
        6811          750
        6813            0
        6815         6834
        6816         7485
        6819          764
        6834           50
        6837          218
        6841         1711
        6842           30
        6843          520
        6844         5347
        6847          291
        6849            2
        6850            0
        6856          356
        6857         5691
        6858            0
        6864            2
        6867          746
        6869         1808
        6872            0
        6874         2015
        6876          479
        6878           52
        6889          355
        6891          174
        6894         1500
        6896           39
        6903            0
        6907          160
        6922            0
        6930         2301
        6931           32
        6933          765
        6935          333
        6951          221
        6952          235
        6953          702
        6959           30
        6962            1
        6972          272
        6975         2173
        6984          296
        6985         6117
        6986          235
        6994           13
        7001          951
        7002            9
        7006            1
        7012         2780
        7013          665
        7018         2054
        7020          715
        7028          293
        7029          177
        7035         5068
        7036          332
        7040           10
        7041         1557
        7045         3742
        7048          765
        7050            4
        7058            0
        7062          449
        7074         1979
        7081           42
        7099          762
        7110           99
        7114          324
        7120           64
        7121         2855
        7125            8
        7135         1147
        7138           65
        7139            2
        7145          327
        7154           11
        7155         1095
        7166          200
        7181          326
        7182          100
        7183          161
        7185          292
        7189           91
        7190          159
        7191           30
        7192           61
        7201         6537
        7202            5
        7204         6830
        7207          115
        7209          511
        7210          858
        7221          766
        7223         1021
        7225         4672
        7228           34
        7229            3
        7233         1516
        7238         4248
        7241          154
        7246          344
        7249            1
        7250          154
        7252          100
        7254            1
        7261           36
        7264          197
        7270           28
        7273           23
        7278          197
        7282         7220
        7290         3151
        7295         1958
        7310            0
        7319         3546
        7326          650
        7334           93
        7336         4992
        7338         4578
        7340            0
        7348          717
        7350          685
        7354            0
        7360         1171
        7363            0
        7366          745
        7371           20
        7379         2976
        7381         3865
        7383          102
        7385           64
        7388          427
        7389          201
        7393            0
        7398           21
        7400         2117
        7401            7
        7404           54
        7405         3400
        7406          102
        7407         7689
        7416         3262
        7417            8
        7424          166
        7425            0
        7426            0
        7428          589
        7430           58
        7434           69
        7436          675
        7438          145
        7442          697
        7445           70
        7448          213
        7450         8005
        7451         2104
        7452           24
        7453          260
        7455          222
        7460           86
        7466          747
        7467          100
        7475          721
        7477           93
        7487          159
        7490           74
        7493         3984
        7494           39
        7495         1556
        7496            1
        7502         6038
        7504            0
        7506         4689
        7508          116
        7511          229
        7514          144
        7516          292
        7521            4
        7529            0
        7539          112
        7540         3303
        7544         7451
        7550          277
        7552           18
        7555          308
        7556          317
        7560          430
        7569          307
        7572          841
        7574          272
        7577         4855
        7580         2160
        7589         3059
        7593         6620
        7594         2021
        7601           64
        7603          451
        7608          274
        7635           51
        7641           21
        7655         1260
        7666            2
        7675         2385
        7681         4004
        7687           44
        7701            2
        7702          363
        7703         7731
        7706          131
        7710           80
        7720           11
        7721         1349
        7722         1486
        7723         2591
        7726          218
        7730          190
        7735         2007
        7736            0
        7751          448
        7753          527
        7755           75
        7756         2878
        7760         3977
        7767           49
        7772         1458
        7775          963
        7785          553
        7787         1136
        7788          557
        7791         3017
        7794          896
        7795         6256
        7802           58
        7808         2062
        7809         1763
        7810           95
        7812         1209
        7817          108
        7822          477
        7841           21
        7847          115
        7848           47
        7852           14
        7856          355
        7863           23
        7870          274
        7871            5
        7877          290
        7883          357
        7895          154
        7897         1010
        7912           61
        7916          238
        7922            0
        7923            0
        7932           39
        7935          136
        7937          303
        7938           31
        7950          649
        7953           50
        7962         1972
        7966          129
        7976          194
        7977         4071
        7980         2469
        7991          955
        8009            1
        8018         1463
        8019           23
        8023         3729
        8024           83
        8026           27
        8031            1
        8034         2213
        8050         1697
        8053         1113
        8069         6688
        8070          583
        8077          242
        8081           73
        8084          124
        8086           22
        8090            3
        8094            0
        8097          818
        8100           82
        8108           40
        8109         6058
        8110          159
        8113            2
        8115         6339
        8125           59
        8126            2
        8135          915
        8139          846
        8140          485
        8143          722
        8150           47
        8151         4826
        8157           51
        8159            0
        8164          817
        8165            2
        8166            1
        8167           20
        8170          535
        8171           27
        8175          381
        8180           70
        8181            0
        8183          535
        8186          315
        8188         2221
