# HaloID(1) HaloID(2)
           0            0
           1            4
           2            2
           3          421
           4            9
           5         1243
           6          140
           7            7
           8            6
           9           10
          10         2739
          11         1905
          12          859
          13           12
          14           14
          15         3856
          16         1790
          17           19
          18         3050
          19          871
          20         1957
          21         7802
          22         2360
          23            0
          24           53
          25         2803
          26           26
          27         5077
          28         1225
          29         2518
          30          555
          31           18
          32         4188
          33           98
          34           33
          35         8246
          36          776
          37           37
          38           38
          39           40
          40          922
          41          188
          42            2
          43         2695
          44         3259
          45          823
          46          615
          47         3245
          48           44
          49          850
          50         2816
          51         4159
          52         5094
          53          657
          54          531
          55         3834
          56         1249
          57         2537
          58          493
          59         4223
          60           59
          61            0
          62         3791
          63         1447
          65         1360
          66         1653
          67         2165
          68          663
          69           67
          70          132
          71           66
          72          290
          73          168
          74           13
          75         3060
          76          370
          77         3594
          78         7862
          79         4596
          80         1040
          81         3451
          82           82
          83           38
          84          189
          85         5829
          86           88
          87           84
          88           89
          89         2343
          90         9077
          91           93
          92         1210
          93         7970
          94          261
          95         2126
          96          650
          97         7726
          98          266
          99          100
         100         5449
         101          284
         102         6283
         103          105
         104          104
         105         3835
         106         3832
         107            1
         108         1090
         109          108
         110           71
         111          962
         112           14
         113          111
         114          903
         115         3259
         116          108
         117         1982
         118          293
         119          740
         120          121
         121         3570
         122          464
         123         3667
         124          129
         125         1448
         126           80
         127          128
         128          811
         129            6
         130         1615
         131         5132
         132         3457
         133         3939
         134           28
         135         3480
         136         3847
         137         8416
         138         4323
         139         3604
         141         3337
         143           14
         144          881
         145         2265
         146         2403
         147         8411
         148         1820
         149          154
         150         8493
         151          671
         152          364
         153          648
         154          978
         155         2625
         157         1020
         158          101
         159         6164
         160          299
         161         1130
         162         2352
         163         7149
         164         1293
         165         1143
         167         5969
         168         8669
         169         6690
         170          309
         171         5248
         172         5094
         173           42
         174          337
         175          932
         176         5315
         177           28
         178         5536
         179         5291
         180            6
         181          186
         182          468
         183          568
         184          921
         185         1232
         186          193
         187         7802
         188          540
         189         6225
         190         1289
         191          177
         192           67
         193         4237
         194          205
         195         2881
         196          191
         197            0
         198         1418
         199          136
         200          164
         201         1480
         202         2739
         203          198
         204         2130
         205         6567
         206         2627
         207         1079
         208         3079
         209          208
         210            1
         211          211
         212          591
         213         7937
         214         1649
         215          417
         217         4408
         218            5
         219          220
         220         7341
         221         5954
         222         2259
         223         1367
         224          763
         225          225
         226          349
         227          331
         228          230
         229         1564
         230         1269
         231          235
         232          231
         233         5240
         235         7816
         236         3689
         237          112
         238         3328
         239         7375
         240         8018
         241          243
         242          116
         243         7189
         244         1645
         245         2512
         246         3135
         247          239
         248          725
         249         7973
         250           59
         251         6255
         252           28
         253         6167
         254         1511
         255         8847
         256         1197
         257         8686
         258         1377
         259         5107
         260           91
         261          131
         262         1382
         263          259
         264         1753
         265          147
         266         2917
         267         7886
         268          129
         270          658
         271          498
         272         5229
         273         4642
         274         7167
         275          466
         276         1966
         277         1604
         278         4796
         279          188
         280         5622
         281          502
         282         3835
         283           79
         284         1036
         285          791
         286         3451
         287         5339
         288         1124
         289         2394
         291          316
         292          569
         293         3197
         294          398
         296          294
         298          506
         299          644
         300          624
         301          301
         302         3277
         303         2763
         304         3280
         305           72
         306          163
         307          678
         308         2971
         309         4428
         310         6396
         311         6198
         312         7285
         313         6151
         314         8623
         316          350
         317          135
         318          311
         320         4318
         321         2011
         322          102
         323          914
         324         4899
         326          722
         327         2165
         328         7339
         329          721
         330         2384
         331          323
         332          372
         334         8566
         335         3297
         336         8333
         337         2773
         338         2130
         339         5662
         341         1363
         342         6841
         343         1553
         344         1442
         345           34
         347         2561
         348           61
         349         8854
         350         7179
         351         5966
         353          364
         354         2967
         356          128
         357         3274
         358         1961
         359          994
         360         3730
         361         7202
         362         5706
         363         7030
         364         1201
         365           93
         366         2101
         367            9
         368           94
         370          371
         372         6291
         373           24
         374         8470
         376          266
         377         8558
         379         3948
         380          386
         382          322
         384         5255
         385         2378
         386         3059
         387         2959
         388          834
         389           45
         390         1729
         391         4629
         392         2468
         393         8596
         394          204
         395         8181
         396           29
         397         1849
         398          357
         399         5294
         400          299
         401         3792
         403           88
         404         4223
         405          408
         406           71
         407           87
         408         6261
         409          402
         410         7881
         411         3788
         412          813
         413         8565
         414         6231
         415         2709
         416         2906
         417          541
         418          183
         419         3259
         420           87
         421         1227
         422         7153
         423         1521
         424         6390
         425         1983
         427         6613
         428         1305
         429          186
         430         4002
         431         3855
         432          551
         434         1709
         435         6286
         436          435
         437         5278
         438         3813
         439         3714
         440         1117
         442         4447
         443         3252
         445         5148
         446          430
         447         6795
         448         6362
         450          454
         451         3050
         452         8423
         453         3157
         454          286
         455         7790
         457         1264
         458         8831
         459         4556
         460         2180
         461          515
         462         4704
         463         2588
         465          978
         466            0
         467         3114
         468         7807
         469          201
         470         1433
         471          881
         472          972
         473         1599
         474          264
         475           94
         476         2823
         477          232
         478           72
         479         8753
         480         2785
         481          766
         484           40
         485          486
         486         7128
         487         5953
         488           12
         491          117
         492         3331
         493           28
         494         4810
         495          490
         496          282
         497          118
         498          496
         502          503
         503          526
         504         1097
         505          781
         506         7357
         508          337
         509          402
         511          513
         512         7137
         513         2311
         514         4146
         515         5365
         516          567
         517         4969
         518         4109
         519          501
         520         2785
         521         1583
         522          900
         523         6764
         524           43
         526          518
         527         2567
         528           84
         529         7797
         530          203
         531         1588
         532         6677
         533         4281
         534         2137
         535          518
         536         7546
         537         1096
         538         3069
         539         5448
         540         4617
         541          546
         543         1024
         544         6665
         545          579
         546         2590
         548         5449
         550         1405
         551           15
         552         6563
         553         2185
         554         8193
         555         1140
         556           85
         557          497
         558         3855
         559          550
         560           11
         561          398
         562         2430
         563          459
         565          224
         566         3912
         567          515
         568          191
         569         2457
         571         7352
         572          431
         573         1645
         575          294
         576           26
         577         3948
         578          199
         579          581
         580         1104
         581         1215
         582          395
         583         2851
         584         9028
         585          595
         586         3847
         587         4810
         589          636
         591          112
         592          469
         593           76
         594           26
         595          167
         596         4925
         597         4005
         600          604
         601          365
         602          849
         603          685
         604          135
         605         8002
         606         8045
         607           28
         608           39
         609         2018
         610          242
         611         1525
         612         4093
         613         7426
         615         5898
         616          668
         618           17
         619         1215
         620          148
         621          865
         622          557
         624         5752
         625         2234
         626          821
         628         1448
         629         1831
         630         5828
         632         6680
         633         5014
         634          631
         636          916
         637          266
         639          277
         640           59
         641         4277
         643         4037
         644         8836
         645         5442
         646         5975
         647         2739
         648         6236
         649         2809
         650         1945
         651         6062
         653            5
         654           34
         655          233
         656           98
         657         1978
         659         2847
         660         2609
         661          199
         662         5385
         663          602
         664          154
         665          797
         666          664
         667          770
         668          446
         669         1005
         670         5864
         671         7745
         672         8135
         675          651
         677          595
         678         4583
         680         6067
         681         1559
         683         3899
         687         1352
         688           67
         689         8805
         691         8125
         692          146
         693         9054
         694         1043
         695         8839
         696         4739
         697          101
         698         1080
         699         2647
         701         2969
         702          474
         703           37
         704         4096
         706         5520
         707           87
         708         1225
         709         2549
         710          229
         711          138
         712         6035
         713         1968
         714         7145
         716         1653
         717         6652
         718         1009
         719         6703
         720         8333
         721          724
         724         3960
         725            2
         726          280
         727          259
         728         1583
         730         1481
         733         3097
         734         4176
         735         7398
         736         1092
         737         7773
         738         1050
         739         5222
         741         2404
         742         1033
         743          171
         745         5331
         746         5093
         747          565
         748         2950
         749          770
         750         7686
         751         7188
         752          476
         753          496
         755          615
         756         5651
         757         3324
         758           13
         759         1819
         760         8377
         761         3547
         762         7201
         764          982
         765         2054
         766          340
         768           27
         769          982
         771         2950
         772         4420
         773         6709
         775          778
         777         5607
         779         8351
         780         3599
         782         2695
         783         1342
         784          775
         785            0
         786         3605
         787          780
         788          148
         789          566
         790           14
         791         1297
         795          924
         796          466
         797         4465
         798         3289
         799         2139
         800         2061
         801          108
         802         2042
         804         1429
         805         1677
         806          918
         808         2262
         810         3542
         811          709
         812         2130
         814         1969
         815          191
         816          127
         817          819
         818         1300
         819         4311
         821         6841
         824           11
         825          264
         826          882
         827          464
         828           34
         829         2231
         830         3718
         831         1970
         833         1357
         835         2513
         836         4602
         837         2022
         838         8171
         839          776
         840         2214
         841         4408
         842          815
         843         1581
         844         7633
         846         3561
         847          592
         848          425
         849         5067
         851           43
         852         5682
         853          146
         854         3106
         856         2255
         857          845
         858          161
         859         1601
         860          563
         862           18
         863         6018
         865         2276
         866         3517
         867          136
         868          485
         869         4194
         873         2154
         876          385
         877          284
         878         1307
         879          104
         880         3889
         881         2629
         882         2840
         884           78
         885         4780
         887          953
         888         1254
         889         2000
         891         3639
         892         3259
         893          485
         894          892
         895          131
         896         8434
         898         4043
         899          702
         900         2261
         901         1061
         903         9016
         904          510
         907         5648
         908          729
         909         4529
         911         3832
         912         4267
         913          755
         914         3245
         915         6834
         916         2578
         917         1822
         919         5488
         921            2
         922         1224
         923         1040
         924          508
         925          933
         926          270
         927           48
         928          148
         929         1600
         930            2
         933           79
         934         1666
         935          129
         938          881
         939          943
         940         1167
         943          176
         944         2214
         945          390
         946         5055
         947         1962
         948         2608
         949          955
         950         1631
         951          947
         952         1558
         956         3284
         957         2997
         958         3826
         959            0
         960         1092
         961         9019
         963         5313
         964         2634
         965          308
         967          299
         969         1001
         972          554
         973          244
         974         2116
         975         2948
         976          513
         977           49
         978         5142
         979          148
         982         1839
         985         6596
         986         4405
         987          696
         988         2966
         991         1974
         993          470
         994         4160
         998         3735
         999         4465
        1000          990
        1002          444
        1003          445
        1004          116
        1005          988
        1006           69
        1007          338
        1008         1572
        1009           53
        1010         1090
        1011         1442
        1012         7234
        1014          212
        1015         2354
        1016          987
        1017         5669
        1018         4898
        1019           15
        1020         1774
        1022         1006
        1024         7860
        1025         3082
        1026         5871
        1028           42
        1029          892
        1030           40
        1032         5190
        1033         4223
        1035         4457
        1036         1442
        1038          690
        1039         1494
        1040           33
        1041          479
        1042          280
        1043         8036
        1044          543
        1046         5461
        1047         2499
        1051         4929
        1052           36
        1053         5954
        1054         1058
        1056          971
        1058         4661
        1059           40
        1060          898
        1061         6886
        1063            5
        1065         2058
        1067         1214
        1068          118
        1069         2835
        1070          214
        1071         8163
        1073           18
        1074         2018
        1076           36
        1077          328
        1078           66
        1079         6532
        1081           90
        1082         8733
        1084         2193
        1088         1899
        1089         1075
        1090           16
        1091          229
        1092          946
        1095          925
        1097            6
        1098         1506
        1099         1098
        1100         2695
        1101         2321
        1102         4904
        1103          571
        1104         3259
        1105          457
        1106         1226
        1110          394
        1112          286
        1114          738
        1115          737
        1116           18
        1117          496
        1119         1351
        1120         5122
        1121         6187
        1122         3662
        1124         7070
        1125         1345
        1126          236
        1128          678
        1129         2319
        1131          648
        1132         3272
        1136         3011
        1138         2984
        1139          261
        1140         2577
        1141         1043
        1142         2378
        1145         2938
        1146         1180
        1149         8244
        1150         1929
        1157         3009
        1158         2663
        1159         2960
        1165          694
        1168         4974
        1169         7245
        1170         1208
        1171          161
        1172         3635
        1173         8411
        1174         4038
        1175          545
        1176         1293
        1177         1182
        1179         1204
        1180         1796
        1181         6396
        1183         2811
        1184         6579
        1185         3952
        1186          351
        1187         4522
        1188          229
        1189         8056
        1190         1095
        1191           96
        1192         5398
        1193         1344
        1194         4723
        1198         8437
        1199         1612
        1201         4209
        1204          972
        1205         3198
        1207           38
        1209         1213
        1210         3941
        1211         5009
        1212         6500
        1214         1937
        1215           23
        1217         1033
        1220         6621
        1222         8624
        1223         2501
        1224         8120
        1225         1435
        1228         1009
        1230         2313
        1233         1596
        1234          792
        1235         2055
        1236         6887
        1237         1102
        1239         7254
        1240           92
        1242         1309
        1246           45
        1247         7817
        1249         1587
        1253         1007
        1254         1762
        1255         8159
        1256         7944
        1257          195
        1258           35
        1259         6104
        1260           37
        1262         1676
        1264         5639
        1267         1263
        1268         1459
        1271          230
        1272         7243
        1273         2316
        1274          163
        1275         2900
        1282            2
        1283          748
        1285          358
        1286         4213
        1288          266
        1291          345
        1294         7254
        1295         1917
        1296         1636
        1298          450
        1299         5577
        1300          682
        1301         7670
        1305         6993
        1306         2485
        1307         2272
        1308          243
        1310         3847
        1311         6618
        1312          829
        1313         3350
        1314         1830
        1315         4007
        1316          966
        1317           72
        1318          477
        1321          683
        1322         6483
        1324          415
        1325         1340
        1326          244
        1328         1281
        1329         2049
        1330         1363
        1331         1890
        1335            5
        1337         1619
        1339         1343
        1340          670
        1343         2115
        1344          109
        1347          293
        1348         7461
        1349         1622
        1350           18
        1351         1329
        1352         8450
        1353         2297
        1354         1728
        1355         5576
        1356          224
        1357         5729
        1358         4573
        1360         2048
        1361          591
        1363         1607
        1364         1423
        1365         1352
        1366         1626
        1367         3868
        1369          300
        1371         4862
        1374          965
        1375         1114
        1376         4025
        1377         2486
        1378          332
        1379         6083
        1382          344
        1383         4653
        1384            0
        1385          223
        1387         3045
        1388         1278
        1390          105
        1392         2355
        1393         3832
        1394         2516
        1395            5
        1397          475
        1398         1375
        1399         2328
        1401          207
        1404          110
        1405         4990
        1407         6396
        1408          356
        1409         3972
        1410          845
        1412         4687
        1413         1988
        1414         1111
        1418          866
        1420         8375
        1421         2844
        1423           25
        1425          504
        1426         4216
        1427         4351
        1428          144
        1430         1404
        1431         2259
        1432         1827
        1433         7149
        1435         7599
        1438           52
        1440          254
        1442         1787
        1443         1462
        1446         1984
        1448         7775
        1449         2214
        1450         1893
        1452         3396
        1454         6446
        1457          636
        1459         3270
        1460         3972
        1461           23
        1464         3080
        1468         3869
        1469           23
        1470         4634
        1474         5411
        1476          635
        1477         5107
        1478         7277
        1479           40
        1480         5082
        1483          188
        1484         3506
        1487         1426
        1488         6288
        1491         4326
        1492         2494
        1495          420
        1496          828
        1497         5514
        1498         2387
        1499         5819
        1500         1374
        1503          379
        1504         4327
        1506         6577
        1508         3517
        1510          710
        1511         1447
        1512         1217
        1513           11
        1514         5232
        1515         5533
        1516          106
        1517         3899
        1519          746
        1521          108
        1522            6
        1524         2752
        1525          233
        1527         4908
        1528         3079
        1529         4067
        1530           74
        1531          424
        1532         3027
        1533           40
        1535         1472
        1536         3626
        1537         5643
        1538         4563
        1541         8770
        1548         3486
        1552          548
        1556         5291
        1557           12
        1562         6772
        1563         1983
        1564         1642
        1565          328
        1566         4622
        1567         4725
        1569         1875
        1571         4519
        1572           16
        1574         8391
        1577          245
        1580            2
        1581          665
        1582          244
        1584         3229
        1587          353
        1588         4420
        1589          723
        1590         1808
        1591          514
        1595         1524
        1596         1587
        1597         1579
        1598          148
        1602          650
        1604          631
        1607         1680
        1609            7
        1611         1861
        1612           40
        1613         1232
        1614         4516
        1615         4879
        1616          376
        1621          385
        1624         3634
        1625         4656
        1626           93
        1627         1419
        1628         1654
        1629         8319
        1631         4642
        1632         2684
        1633         1754
        1634           40
        1635         4676
        1636          573
        1637         4009
        1638         6255
        1639         1539
        1642         1500
        1643         1944
        1644          398
        1647         6162
        1648          822
        1650          207
        1651          823
        1653         1329
        1654          128
        1656          965
        1659         1212
        1661          907
        1663          385
        1665         2851
        1666         2103
        1667         9031
        1668         3354
        1670          606
        1674            0
        1676            9
        1677         5722
        1680         8225
        1681         3334
        1683         1698
        1685           51
        1687         4408
        1688           94
        1691           40
        1692         7520
        1697         1328
        1698         5235
        1699         2181
        1700          192
        1701          655
        1702         1821
        1703         7431
        1705         1090
        1706          370
        1707         2377
        1710         1794
        1713         2342
        1714         8079
        1716         7808
        1718         2070
        1719         6461
        1721          716
        1723          655
        1724         1367
        1725          390
        1726         1744
        1727         6716
        1729          131
        1730         7044
        1732         3680
        1734         6790
        1735          499
        1736         2844
        1737         3514
        1744         2355
        1745         2459
        1746         8111
        1748         1048
        1750         6985
        1751          368
        1752          906
        1753         2358
        1754          209
        1755          248
        1757           99
        1758         4725
        1759         5122
        1760          377
        1761         4818
        1763           59
        1764         1602
        1765         1741
        1766         3758
        1767          280
        1768         3882
        1769         4226
        1771         3817
        1774          977
        1775         2468
        1778            0
        1779           94
        1781           40
        1782         1468
        1783         4522
        1785         6646
        1786         4966
        1787         2840
        1788         1792
        1789         5065
        1790          132
        1791         7577
        1793          686
        1794           43
        1796         8746
        1797         7904
        1798         1799
        1799           40
        1803         7179
        1804         6617
        1809         1950
        1810           84
        1812         4699
        1813         5898
        1814         1454
        1815         7765
        1819           69
        1821          491
        1822         1784
        1824         7617
        1825         5560
        1826         4831
        1828          189
        1831         8500
        1832          420
        1833         1923
        1834         4188
        1835         3791
        1837         3169
        1840          111
        1841          837
        1842          950
        1845          523
        1846         5638
        1847          733
        1849         1854
        1852          677
        1854         1240
        1855         1148
        1856            4
        1857          867
        1859         5948
        1863         7004
        1865         5502
        1866          660
        1867           35
        1869         1834
        1874          128
        1875         6172
        1877         3459
        1878         2609
        1879         8829
        1880          234
        1881          649
        1882         4666
        1883         2567
        1888          379
        1889         1396
        1890           72
        1891          195
        1894          215
        1897         1536
        1900           18
        1901         7245
        1908          340
        1910         1850
        1911          659
        1913         4159
        1914          164
        1916         1261
        1918         1199
        1919         4319
        1920          306
        1922         3862
        1923          748
        1926         1718
        1928         1029
        1931         2050
        1932         4496
        1935          540
        1936          291
        1939         7153
        1940          127
        1941          277
        1943           40
        1944           53
        1945         1942
        1946         2668
        1948         3199
        1949         2236
        1950         2628
        1952          112
        1953          740
        1955         8169
        1957         2070
        1958         2847
        1959          215
        1960         4605
        1961         1166
        1963         2047
        1964          890
        1965          217
        1966         1666
        1970          245
        1972          973
        1974          924
        1975         1896
        1979         2731
        1980         2042
        1981           82
        1983          275
        1984         1022
        1985           65
        1990         1465
        1992          154
        1994         7124
        1996          175
        1997         2072
        1998         1365
        2001         1341
        2006         1752
        2007          163
        2008         6579
        2011         1244
        2012         2648
        2017          646
        2018          821
        2019         1821
        2020         1357
        2021          469
        2023         1007
        2024         2513
        2029         5298
        2032         4916
        2034          349
        2036         6699
        2037          111
        2043          596
        2044         1491
        2045         3105
        2046         2034
        2047         1040
        2048         1328
        2053         1292
        2054          413
        2058          174
        2062           41
        2063         7311
        2064         3636
        2065         2066
        2066         2643
        2067         3588
        2069         1854
        2070            0
        2071           52
        2075         2627
        2081          755
        2083          932
        2085         6084
        2086         5210
        2087          493
        2088         2865
        2089          308
        2091         6075
        2093          575
        2095         2102
        2097         7532
        2098         1476
        2102          350
        2103         1320
        2104         2894
        2105         7130
        2108          178
        2109         2643
        2113         5468
        2118         5763
        2119         1406
        2120         5871
        2122         3442
        2123         4368
        2124         6065
        2127         4395
        2129           23
        2131         5911
        2132         6997
        2133          163
        2137          452
        2140         3153
        2141         3912
        2145         5161
        2146           76
        2147         3132
        2149          643
        2152         2742
        2153         3097
        2154           25
        2155           87
        2156           71
        2159          364
        2161          246
        2162         1249
        2165          490
        2169           91
        2171           38
        2172          527
        2173           87
        2175         4122
        2179         1219
        2181         1467
        2182         1403
        2184         1919
        2187          607
        2188         3337
        2190         1602
        2191           37
        2197         2152
        2199          965
        2201         4607
        2202         5331
        2203          554
        2204          402
        2205          347
        2206          683
        2208         1020
        2210         8144
        2211          128
        2212         4744
        2217         2211
        2219          792
        2221         6998
        2223          751
        2224         3939
        2225          249
        2226          705
        2231         6395
        2232         1225
        2233         2882
        2234         1012
        2239           82
        2240         2230
        2241         1678
        2242           27
        2243          231
        2247          199
        2249         8348
        2252         1599
        2253          603
        2254         1656
        2256          141
        2257         4583
        2258         2473
        2259          694
        2262         2174
        2264         2297
        2268           18
        2270         4731
        2271          196
        2277          402
        2281            2
        2282         1260
        2283          163
        2284          312
        2285          111
        2286         6145
        2288          658
        2290         2659
        2291         5615
        2293         1852
        2294          918
        2297          110
        2298         3713
        2303           59
        2306            4
        2307          161
        2309         6726
        2311          717
        2312          807
        2313         5402
        2316           83
        2317         1043
        2319          423
        2322          204
        2327         6364
        2329         2784
        2330         3504
        2331         4831
        2332          105
        2333          447
        2334         3215
        2336         1114
        2338          313
        2339           22
        2341          115
        2344         2243
        2345           74
        2348          799
        2351          228
        2352          225
        2355          186
        2356         2354
        2358           40
        2361         7025
        2364         5103
        2366         6035
        2368         2211
        2369           60
        2375         2376
        2377         1631
        2378         1013
        2380           59
        2384         3475
        2385         1653
        2386         2365
        2387         1583
        2388         2394
        2389          668
        2391         7366
        2392         6694
        2393         2261
        2395          719
        2397         1462
        2399         6309
        2401         7658
        2403         7130
        2404         4639
        2406         2726
        2407            0
        2408         2900
        2409           26
        2410         2473
        2411          503
        2412          973
        2413          159
        2414         2377
        2415         8751
        2417         7181
        2418          263
        2419         8236
        2420           68
        2422         2669
        2424          130
        2426           50
        2429         1331
        2430         8782
        2431         3289
        2434          449
        2436          489
        2437         5963
        2438         3500
        2440          896
        2441         5601
        2442         4181
        2443         2465
        2445          715
        2446           98
        2447          569
        2457          663
        2458         7657
        2462         2814
        2464         2643
        2465           76
        2466         8018
        2467         2428
        2470         7911
        2471         7625
        2472          157
        2475         8669
        2480         2477
        2481         4647
        2483          352
        2485          309
        2486         1551
        2487         4340
        2491           10
        2492         8263
        2493         4731
        2494         4387
        2496          861
        2497         4291
        2507         4318
        2510          135
        2511         4968
        2512         4663
        2514         3503
        2515         8750
        2516         2430
        2517          721
        2518         7763
        2519         5153
        2520          783
        2521         5662
        2527         6845
        2531          502
        2532         1193
        2533         2210
        2536         1038
        2538         8225
        2539         6421
        2540         2585
        2541         2558
        2544         2459
        2545          116
        2546            0
        2548         4200
        2551         1306
        2553          138
        2554         7830
        2555          959
        2558         3052
        2559         5245
        2560         2709
        2562         3422
        2563            7
        2565         5385
        2566         2919
        2567          188
        2568         2814
        2571         1490
        2572         1433
        2574          446
        2576         1049
        2577           45
        2578          436
        2579         1658
        2581         6682
        2582         5512
        2583         1839
        2585          332
        2586         1078
        2591         5673
        2593         8564
        2594          275
        2596          319
        2598          210
        2599          294
        2602          206
        2604         8440
        2608         5552
        2610         1361
        2611          772
        2615          109
        2617         1978
        2620         2783
        2621          309
        2622          380
        2623          408
        2626           78
        2629           29
        2631         2390
        2632         4363
        2634           44
        2635         6579
        2639         1054
        2640         5722
        2641          488
        2644         4232
        2649         3517
        2651            6
        2652          123
        2654          135
        2657         2580
        2658         3444
        2660         2422
        2662         7471
        2666         2481
        2667           37
        2668         1027
        2669         3682
        2672         3851
        2674          203
        2675         1212
        2678         3473
        2680         4288
        2684         8225
        2687          186
        2688         5385
        2690         4201
        2693          939
        2694         6181
        2695          914
        2696         1777
        2698            2
        2702          973
        2706         4253
        2707         3690
        2708         8110
        2714           34
        2715         4577
        2716         1105
        2717         4257
        2718          144
        2719         2866
        2720         3415
        2721         4618
        2723          456
        2724         2589
        2725         2138
        2726         5889
        2727         5342
        2729           97
        2732         4316
        2736          132
        2737          338
        2740         2734
        2743          355
        2744         5889
        2746         1899
        2749         1984
        2751         2114
        2752          939
        2753          531
        2754          981
        2756         7571
        2757          897
        2758         1366
        2760           52
        2762          133
        2763         4879
        2764         8318
        2766         5314
        2768         2997
        2769          459
        2770         3326
        2777         1502
        2778          215
        2779         2791
        2780         8040
        2783          158
        2784          101
        2785         8555
        2786          973
        2788          677
        2790          882
        2792          776
        2793          563
        2794          256
        2795         2685
        2797          160
        2798         2995
        2799          850
        2800         3215
        2803          270
        2812         1612
        2813         2828
        2816         1821
        2817         2700
        2820         6288
        2823         1246
        2825          999
        2826            2
        2827         8902
        2829         7157
        2830          278
        2832         5720
        2836         3435
        2837         1189
        2838           10
        2840         4761
        2841         2029
        2845         2981
        2847          538
        2850         2334
        2851         3178
        2853         3829
        2854         1249
        2855           24
        2864         2293
        2866          612
        2867          934
        2868         2750
        2870           74
        2871         1367
        2877         1238
        2879         6959
        2881         4974
        2882          148
        2883         3242
        2885         1065
        2889            9
        2892           82
        2893         5667
        2897         2868
        2899          723
        2900           27
        2901         5562
        2902         1030
        2903           51
        2905         1630
        2906         1937
        2909         4805
        2913         2799
        2915           96
        2916         2779
        2919         1819
        2920            5
        2925         3275
        2929         4955
        2930         2723
        2931         1013
        2932            9
        2935         1138
        2937         6087
        2939         9077
        2944         2715
        2947           27
        2953         3393
        2955         1319
        2958         2751
        2962         2991
        2965          749
        2967         2439
        2968          750
        2970          122
        2974            0
        2976         3973
        2978         2264
        2979         2457
        2983           18
        2984           95
        2985         1476
        2988         3024
        2991         1867
        2994         1257
        3001         4363
        3003          316
        3009         4801
        3010         3748
        3014          486
        3018         1416
        3020           85
        3024         4102
        3025          259
        3026         6123
        3027          334
        3032         1286
        3033         4653
        3034          604
        3038           25
        3039          163
        3040         1760
        3043         3437
        3044         5337
        3045         3086
        3047           27
        3049           74
        3051            6
        3053         1367
        3054         2498
        3055          712
        3057          112
        3059         1579
        3060            6
        3062           65
        3064         1110
        3066         1821
        3068         1095
        3070          202
        3072         1456
        3075          999
        3078          209
        3079         3019
        3084         1061
        3087           42
        3088          363
        3089           68
        3090          213
        3093         1036
        3094         2951
        3096         3097
        3098          761
        3102         4976
        3104         5055
        3107           82
        3112            0
        3114          999
        3118           99
        3123          454
        3124          148
        3125         7128
        3127           99
        3130         8814
        3137         1709
        3138           37
        3142          102
        3144           43
        3146         3813
        3147           13
        3149         8555
        3150          385
        3153          376
        3154         3091
        3155         3014
        3158         3972
        3160          257
        3161          714
        3165          274
        3166         6124
        3169         7217
        3172          664
        3173         4892
        3174          323
        3177         4767
        3178         3847
        3179         2551
        3181         4158
        3182          541
        3183            0
        3191         2703
        3192          455
        3194          298
        3199         5796
        3201         2045
        3202         3834
        3203         1454
        3204         1481
        3206           91
        3207         8634
        3214          300
        3217         3591
        3218         4166
        3220          943
        3224         4081
        3226           36
        3227         7691
        3232         3498
        3234         3241
        3235         2273
        3236         2402
        3237          693
        3238          128
        3239           84
        3242          355
        3245         3010
        3250         5557
        3251          314
        3252         4685
        3257         6924
        3258         8535
        3261          991
        3264         1559
        3266         1889
        3273          421
        3275          536
        3278          230
        3279          260
        3281         5460
        3283          265
        3285          183
        3286          545
        3287           20
        3288         1841
        3289         1564
        3291          331
        3292         8558
        3298         4211
        3299         5107
        3303         1074
        3304          247
        3309           74
        3311         2860
        3312          283
        3316         5095
        3317         6075
        3318         1600
        3319         8920
        3321           31
        3322         7997
        3323          223
        3325         4252
        3326         8450
        3330         6714
        3333         5987
        3336          627
        3337            5
        3339         3310
        3341          154
        3344         2647
        3345         4060
        3346            2
        3350         2312
        3352         3324
        3353         2316
        3354         5935
        3355          278
        3357         8336
        3360          445
        3361         2706
        3366          906
        3367         3567
        3368          945
        3370           19
        3371          627
        3372         7316
        3375          817
        3377         3424
        3379         1714
        3380           20
        3383         3292
        3389          699
        3391         8359
        3393          216
        3395         5351
        3396          292
        3398         3281
        3399         8978
        3402         4996
        3404         1768
        3405            5
        3408           38
        3411         1623
        3417         1995
        3418          884
        3421          812
        3423          823
        3426         2988
        3427         1163
        3428         2929
        3429         7076
        3430          543
        3432         2329
        3434         3465
        3436         4972
        3438          569
        3440           29
        3441         7071
        3445           67
        3449         4596
        3450         3648
        3454            0
        3458         1681
        3460          636
        3462         6527
        3466         1787
        3470           21
        3473          847
        3474         4018
        3475         1350
        3479         2277
        3480          147
        3481          315
        3482          718
        3483         2265
        3487          587
        3488          154
        3489         4475
        3491          265
        3492         3361
        3496         3443
        3498          626
        3500          638
        3501         3593
        3504         2575
        3506          412
        3508         7426
        3509          236
        3512            6
        3513         1644
        3515          618
        3516         2618
        3517         4361
        3518         1388
        3519          686
        3521         1221
        3522          301
        3524         1300
        3527         1748
        3529          397
        3532         1646
        3534         2248
        3535           79
        3537            5
        3540         2967
        3541           10
        3542          199
        3545         5355
        3553            0
        3559         3374
        3564          252
        3566           34
        3567         3611
        3571         2554
        3572         3911
        3576          270
        3577          215
        3578         7643
        3579         7939
        3582         8535
        3584         4098
        3588         3393
        3590          244
        3592         1135
        3596          623
        3598         5333
        3599         5102
        3603         7200
        3604         7099
        3605         5004
        3606          783
        3608         3323
        3610         2580
        3611         2653
        3612          781
        3617         1596
        3621         3557
        3625         5910
        3626         5485
        3634          122
        3636          315
        3637            0
        3642          497
        3645         2280
        3646         3998
        3648         3595
        3649         3692
        3651         2276
        3653         3646
        3655         1669
        3657           95
        3667            1
        3668         5695
        3670         3924
        3672         4586
        3673          128
        3677         5948
        3679           19
        3684         2838
        3688          990
        3690         1900
        3691         6472
        3692         8831
        3693         5981
        3694         4882
        3695         7287
        3696            0
        3701         5131
        3704         6424
        3706          987
        3707          161
        3711         1018
        3715         1045
        3716          114
        3718           95
        3720          455
        3721          778
        3722          939
        3726         1428
        3727           18
        3728         3539
        3729          914
        3731         1631
        3735          319
        3736            8
        3737          633
        3739         1216
        3743         2513
        3744         3716
        3746          322
        3749          257
        3750         7124
        3751          152
        3757          566
        3760          224
        3766          223
        3768            0
        3769         5000
        3770         4619
        3773         1430
        3774           34
        3775         5600
        3776         6262
        3777         2887
        3778         1939
        3779         4790
        3782           77
        3785         5966
        3786         2078
        3788          825
        3790         2817
        3791           38
        3793         2949
        3797           53
        3798         3869
        3805         1249
        3807         6010
        3810           76
        3816          980
        3817         7215
        3819            5
        3823         7104
        3824           39
        3826         1103
        3827         5764
        3831         1756
        3835          336
        3837         4301
        3840         2430
        3842          529
        3844         2635
        3847          323
        3849         1252
        3850         3775
        3852         7797
        3853          403
        3854          146
        3855           25
        3858          934
        3861         6393
        3862          352
        3863         3583
        3864           66
        3868         1563
        3869           10
        3870         1163
        3872          173
        3874          140
        3877            0
        3879         1254
        3885          406
        3888          154
        3893           15
        3895         2321
        3896         3977
        3897         4614
        3901         2447
        3903         2975
        3905            0
        3910          205
        3913          320
        3914         5076
        3918         1929
        3921         1020
        3923         1077
        3925         1686
        3929         1658
        3930          629
        3934          252
        3942         6511
        3944            8
        3946           26
        3947         4196
        3948         5810
        3949         3544
        3952         2210
        3954           16
        3955         2607
        3959         5948
        3960          887
        3962         3946
        3964          129
        3965          439
        3969         3558
        3975         4334
        3977          719
        3979          999
        3980         4676
        3981         1322
        3984         3214
        3985          740
        3986         4342
        3996         2634
        3997         7715
        3998         5182
        3999          313
        4003         4020
        4009           69
        4010         1462
        4012          104
        4013         3477
        4020         3498
        4022           54
        4024         2794
        4027            0
        4029          123
        4030         6042
        4034         4680
        4035         1037
        4039          149
        4040          131
        4042          322
        4048          477
        4053           17
        4054          849
        4055          471
        4057         5353
        4059         6954
        4063         1308
        4064          385
        4068           87
        4077         1295
        4081          121
        4084         2924
        4089          163
        4091          181
        4096         6808
        4098          346
        4100          338
        4101         2758
        4103           42
        4110         6858
        4111          924
        4112            0
        4115         4986
        4118         1344
        4121         7048
        4125         2400
        4126         3351
        4128         3901
        4129         1400
        4130         1167
        4134         1426
        4138          368
        4142          359
        4144          449
        4148          240
        4156         5702
        4157         2247
        4158           67
        4159         3477
        4161           35
        4168          153
        4169            0
        4171          169
        4173         2170
        4176         4295
        4182          624
        4185          412
        4186           51
        4188         1873
        4191         2063
        4194         8562
        4195          740
        4198         1411
        4199         2077
        4201          187
        4211         1778
        4213         1599
        4214          101
        4216           80
        4217         7189
        4218          141
        4220         1106
        4223          705
        4224         1013
        4227          311
        4233          674
        4237         1630
        4239           44
        4240         1675
        4244         3759
        4246           85
        4248         3331
        4249         2328
        4250         1796
        4251            2
        4257           34
        4261         1800
        4262         3442
        4264         2033
        4266         2657
        4270         5942
        4271           34
        4279           13
        4280         6290
        4282         6145
        4283         8793
        4286         2588
        4287         1392
        4292          301
        4293          649
        4297          331
        4299         1584
        4303          665
        4306          133
        4308         1248
        4311          107
        4313           49
        4318         2214
        4319         1790
        4321         8177
        4327          292
        4330         4420
        4331          186
        4332          509
        4333         4289
        4336          173
        4343         6155
        4345         2468
        4346          320
        4347         1424
        4348         2385
        4352           18
        4354         1596
        4356         5299
        4357          548
        4361         2926
        4368         6614
        4369         6503
        4370         2261
        4372          211
        4382         2754
        4383         2271
        4386          444
        4397            8
        4398         1104
        4400         1359
        4403          567
        4404          596
        4413         3794
        4414         3210
        4418          647
        4419         4221
        4420           67
        4421           26
        4425         1400
        4427         1831
        4428         1041
        4432          207
        4433           32
        4435         4404
        4441          164
        4442          745
        4443         7095
        4445         1322
        4446           24
        4448           48
        4449          475
        4459           25
        4461          925
        4463         4232
        4464         3541
        4466           21
        4467            8
        4470          658
        4474          368
        4476         2816
        4477          922
        4479         1881
        4494         1164
        4495          235
        4498           40
        4501         5747
        4502           10
        4504         6005
        4507         4381
        4508         2008
        4511         1105
        4513           60
        4515         1439
        4517          256
        4528           51
        4534           55
        4539         1258
        4542         2109
        4543           95
        4547         2472
        4548         2773
        4551         7030
        4555         3051
        4566          476
        4570         1553
        4573          770
        4575          230
        4581         1045
        4587          329
        4588         2188
        4592         2975
        4593         1101
        4597           59
        4598         1265
        4607           10
        4608          770
        4610         3625
        4616          102
        4621         2915
        4622         1811
        4623         3221
        4624         4626
        4626         5394
        4630          865
        4631         8604
        4635          350
        4637         3045
        4638           72
        4639         6527
        4640         2194
        4646         2018
        4650           50
        4652         5199
        4653         2271
        4656         5977
        4660         3657
        4663          338
        4667         1410
        4668          864
        4672         2201
        4673           67
        4676          444
        4684         1505
        4687          228
        4688         3759
        4693         5789
        4701            5
        4705         2034
        4706         8184
        4707         3314
        4709          385
        4711         2489
        4713         3514
        4714         4976
        4715            0
        4729           13
        4730         6334
        4733         1243
        4737         4680
        4739         4729
        4742         5113
        4746         6673
        4747         4706
        4748         1952
        4749         5648
        4750         1779
        4752          273
        4755         1056
        4758         3730
        4761          245
        4762         2126
        4766         3249
        4767         2867
        4768         7913
        4773         8571
        4775         4793
        4785          170
        4789         1823
        4794          607
        4796         3647
        4797         4804
        4798           95
        4800            5
        4801          326
        4802          255
        4807         1263
        4810         1454
        4813         1659
        4816          413
        4818         1138
        4820            0
        4824         1193
        4828          351
        4837         1480
        4838            5
        4840         6970
        4850         4834
        4854          593
        4857           93
        4858         1254
        4860          433
        4861          347
        4865         8091
        4869         6089
        4870           26
        4871         6450
        4874         1031
        4876          413
        4881          626
        4883            0
        4887          450
        4888         9051
        4891         9073
        4893           75
        4894         5222
        4896         1125
        4897         1023
        4899         3303
        4902          390
        4905          136
        4906          347
        4907          282
        4910          398
        4911          138
        4912            0
        4914         3215
        4915          249
        4917          669
        4919          523
        4921           24
        4924         1223
        4935          822
        4941         2130
        4942          114
        4943         4856
        4949         2213
        4951         1544
        4953          131
        4954          178
        4956         2313
        4964         3954
        4965         3017
        4969         3035
        4972         2077
        4973         1105
        4975            9
        4979           66
        4982            4
        4987          282
        4993         7947
        4995           24
        5005         2111
        5012          180
        5014         7574
        5016            5
        5017          311
        5025          670
        5033          369
        5036         4272
        5041         1553
        5046            7
        5047          347
        5049         5021
        5054         3552
        5062         3611
        5063         6435
        5064            6
        5066         6066
        5067         1722
        5070         6453
        5071         2355
        5082         1084
        5083           77
        5084         3146
        5085          212
        5086          355
        5088         1322
        5091         5755
        5096         1104
        5097         5600
        5103          705
        5104         1825
        5108         4706
        5112           90
        5116         8129
        5118           23
        5120          155
        5122         8021
        5124          311
        5125          242
        5129         1232
        5130         2181
        5132         1223
        5135          854
        5139         2884
        5143          294
        5144          982
        5146           18
        5148         4609
        5149          114
        5150           13
        5157         1307
        5158         3784
        5159          183
        5160         6422
        5163          233
        5167          201
        5168         7944
        5169         1261
        5176           15
        5177         1225
        5188          565
        5196         4534
        5197         6853
        5202         7656
        5206          815
        5207         1684
        5208          411
        5216         2204
        5219         1773
        5222         7162
        5225           37
        5227           26
        5228         3065
        5232          227
        5236         2130
        5241           85
        5243          156
        5246          834
        5247           49
        5250          101
        5252         7855
        5254          843
        5256          933
        5258           97
        5261          265
        5263          604
        5266          175
        5267         7098
        5268          131
        5270         4734
        5272          865
        5278         4616
        5283         1263
        5294          448
        5296         5208
        5299           17
        5300          988
        5301         6206
        5302         3687
        5303         6338
        5304         1996
        5306          234
        5311         8957
        5313          906
        5315         1669
        5317         1459
        5318          313
        5320           51
        5324           42
        5326         1069
        5328          497
        5330           13
        5333           13
        5334         6302
        5338         2385
        5339          870
        5340          225
        5347         1096
        5348           23
        5352         2111
        5354         4534
        5360          783
        5368         5299
        5381         6419
        5393         1602
        5395           57
        5398          946
        5401         1214
        5407         1603
        5411         2872
        5412          722
        5415         8507
        5416         1648
        5418         3662
        5422         7702
        5424          370
        5426           59
        5427          138
        5430         4013
        5432         1843
        5433          823
        5443         1351
        5444         2778
        5446            0
        5447         3419
        5448          801
        5449         2607
        5450         1104
        5453         4949
        5455          168
        5461          144
        5466          807
        5470         1156
        5472         1615
        5478          520
        5486          135
        5488          308
        5489          730
        5491          243
        5492          469
        5498          985
        5500          894
        5502          664
        5504          896
        5508         6959
        5515         1238
        5521           83
        5523          254
        5524           32
        5527         7555
        5531         1714
        5532          335
        5533         1457
        5534          553
        5536          759
        5537         2572
        5539          106
        5540          211
        5544         5408
        5546          215
        5547           25
        5549          470
        5551            8
        5554          183
        5557          140
        5558         4654
        5561         5603
        5563          685
        5564          453
        5566         2548
        5567            1
        5568          263
        5571            2
        5573         8235
        5574         4494
        5575          381
        5582           78
        5590          836
        5591         5498
        5592          390
        5594          294
        5595           81
        5596          524
        5600         2763
        5603         2130
        5604          802
        5606          411
        5609         7315
        5610           34
        5612         4750
        5618         7953
        5624           35
        5625         1784
        5627         1078
        5629         6608
        5630            0
        5633         1135
        5634         2387
        5637           26
        5639         1869
        5643          161
        5644          963
        5645         1162
        5646         5445
        5647          374
        5648          167
        5654         4972
        5656         2065
        5657         6725
        5660            4
        5662           11
        5663         3728
        5667          217
        5668         8746
        5674         7638
        5678         1305
        5680         3386
        5681            6
        5684         5381
        5689         5682
        5694          609
        5695          284
        5700         6160
        5704         5660
        5705         3249
        5712         1792
        5717         2296
        5722         2505
        5723         1515
        5732         3348
        5734         2328
        5735         4945
        5736         3718
        5737         2072
        5744         8272
        5745           91
        5746         1599
        5749         2011
        5754            5
        5758          806
        5760         2525
        5762           36
        5764          324
        5766         3351
        5769          270
        5771            5
        5772          718
        5774         6268
        5775         1514
        5776          411
        5778         2401
        5783          461
        5786         2758
        5788         3198
        5792         8249
        5794          561
        5801         5814
        5802           27
        5805          222
        5806            2
        5807            7
        5811          121
        5814         1090
        5831         1645
        5833         1589
        5834          448
        5838           95
        5842         6272
        5843            9
        5845          845
        5850         5632
        5861          962
        5862         6893
        5863         7243
        5865          344
        5869         5424
        5873           96
        5876         4700
        5881         3402
        5882          100
        5890           42
        5892          251
        5895         6262
        5898         1748
        5899           74
        5900         1558
        5903         4744
        5904         1841
        5921         4596
        5928         2985
        5932         1283
        5933         1665
        5940          686
        5942         1170
        5944          129
        5946         2138
        5948         3329
        5949           37
        5950         1579
        5953         1801
        5956         1527
        5958            0
        5960         6125
        5961         4189
        5964         1260
        5965          520
        5966         2731
        5967          230
        5968         8152
        5971           58
        5973          615
        5975         1716
        5982         1913
        5988           74
        5991          636
        5993           49
        5995          143
        5997          612
        6003         2557
        6005           34
        6007           49
        6010         7802
        6013         6137
        6016         1184
        6020         6618
        6025          168
        6026          205
        6027           79
        6031           95
        6034          906
        6036         8000
        6038          246
        6044         6115
        6046          436
        6047         1846
        6048           88
        6049         7893
        6053          575
        6054         7288
        6059         3329
        6060         7525
        6061         1369
        6067         7857
        6069         7099
        6071          631
        6076         2561
        6080         1050
        6087          523
        6088          406
        6090          944
        6091            0
        6093          225
        6094          205
        6103          751
        6104          314
        6113          702
        6114          767
        6115         4160
        6116         1403
        6120         6090
        6124         1762
        6126         9078
        6129          700
        6133         3516
        6135          139
        6137          200
        6142         1161
        6145         1768
        6147         7953
        6148         8051
        6150          228
        6151          344
        6152          357
        6154         2832
        6156          287
        6159         2230
        6170         6156
        6171         5008
        6172         6195
        6179         1436
        6180         4927
        6183          846
        6191            0
        6193            0
        6194         1463
        6196         3200
        6199         1975
        6200         1282
        6201         1227
        6208         8492
        6209            0
        6213            0
        6215           80
        6218         6371
        6222         1135
        6226          444
        6229         1307
        6230          803
        6234         2610
        6237           74
        6240         1765
        6244         1557
        6245         3121
        6247         4227
        6248           55
        6250           18
        6252           85
        6255            0
        6258         2554
        6261         4713
        6262         2687
        6263           69
        6265         6962
        6266         4248
        6274         2758
        6275          829
        6277           49
        6281          615
        6282         1190
        6286          663
        6287         2759
        6293          941
        6295           13
        6299           64
        6300          334
        6305         6172
        6314         8110
        6320          141
        6322           50
        6329         5560
        6331         7297
        6333          322
        6334          163
        6336         3571
        6349          723
        6352            7
        6355         4739
        6357         3422
        6358           74
        6371         1925
        6373         1982
        6380           32
        6383            0
        6391          688
        6404         1682
        6406            5
        6420          147
        6423            4
        6424         1451
        6427          523
        6428         4583
        6429          128
        6431          811
        6432         1673
        6434           94
        6446         1426
        6447         6493
        6452         1899
        6453          422
        6458         1697
        6462         1304
        6472          982
        6476           62
        6478         1596
        6480          394
        6482         1705
        6483         1685
        6484         7338
        6487           49
        6489            0
        6491           68
        6492         1973
        6496         1995
        6511           43
        6517           99
        6519         2336
        6522         6767
        6523           18
        6527         6913
        6530          579
        6532         3170
        6533         4638
        6535          337
        6536         2565
        6537         2736
        6542         2651
        6569          446
        6574         3431
        6575          136
        6578          406
        6584         3171
        6587         8843
        6597           11
        6601         1717
        6604         2196
        6606         1133
        6608          421
        6616          242
        6617          320
        6623         6454
        6624            5
        6626         6735
        6628           78
        6629         2391
        6630         1426
        6636          125
        6640          473
        6641           74
        6642         2301
        6643           73
        6648         1476
        6650            0
        6658         6523
        6671         8566
        6675           58
        6684            3
        6687          211
        6701         4158
        6704           37
        6706         1449
        6722         1001
        6724         1244
        6728         6439
        6730           93
        6734            6
        6743         2625
        6748          282
        6753          464
        6755         4683
        6757          770
        6758         3234
        6764          475
        6765         3680
        6770         1083
        6774           39
        6780           71
        6782          508
        6784         1300
        6785         3036
        6788          442
        6803           89
        6805         5519
        6807            0
        6808          187
        6810         5983
        6815          978
        6822         3448
        6833         1047
        6836         2234
        6838            5
        6839         1290
        6841         1000
        6843          775
        6847          583
        6850          146
        6857         3948
        6860         1129
        6863         8385
        6866         7953
        6867            0
        6868          368
        6873          444
        6881          163
        6887          316
        6897         1481
        6902         3502
        6904         6103
        6906           34
        6908         4653
        6933          362
        6945          791
        6949         3125
        6950         5017
        6952           77
        6955         1232
        6958            9
        6959         4191
        6970         7662
        6971         6714
        6981         4492
        6983           81
        6992          327
        6994         1228
        6996          100
        7002         7163
        7007          502
        7012          296
        7016         7634
        7028         1178
        7032          516
        7034          217
        7045         8045
        7048           47
        7051         1067
        7059         1244
        7063           67
        7064         2713
        7072         1683
        7073          973
        7078            0
        7079          305
        7081         4660
        7082           41
        7088         1942
        7089          829
        7091          738
        7094          519
        7099           81
        7103         1692
        7111          864
        7124          173
        7129          904
        7130          888
        7138         1161
        7139         1246
        7144         6436
        7145           86
        7155         6437
        7156          729
        7161          363
        7162         4391
        7164          201
        7182          933
        7188           58
        7189         8814
        7197         7272
        7205         5087
        7215          132
        7222          466
        7225           30
        7230         3017
        7235           69
        7236         1501
        7238          439
        7241           80
        7242          505
        7243         2424
        7244         8570
        7255         1260
        7259           18
        7260         7577
        7265         3601
        7268         1942
        7279          839
        7286           46
        7288          450
        7292          887
        7293         5854
        7299           15
        7300         6635
        7309          172
        7311          286
        7312          654
        7314         5486
        7326          118
        7343         1208
        7344            7
        7351          737
        7361         3879
        7367          761
        7372         3944
        7384         5884
        7387          593
        7388           36
        7389           34
        7391         4466
        7393           42
        7396            0
        7407          126
        7408         3968
        7414          285
        7419           33
        7428           46
        7431           82
        7432         2598
        7438         2526
        7439         7565
        7441          965
        7449         7638
        7450          889
        7453         1969
        7455           36
        7461         4635
        7462           14
        7463           78
        7470           77
        7471           34
        7479           75
        7487         7140
        7489         2463
        7491         2942
        7496         5978
        7514         2492
        7516          302
        7517         4611
        7522         1282
        7527            7
        7528         7877
        7534          294
        7539         7571
        7545         5869
        7546           34
        7550         2099
        7557          587
        7571         2943
        7575          730
        7578         4960
        7583         1577
        7584         7074
        7585          388
        7588          420
        7590         1280
        7591          227
        7601          822
        7608         1286
        7611         2706
        7622          128
        7628         5936
        7629          674
        7637         3900
        7639         5839
        7655         8577
        7662         7081
        7665         1426
        7672         1143
        7674           83
        7675         2036
        7693          998
        7698         1794
        7704         7750
        7706         7491
        7711          422
        7718         2733
        7736         1264
        7737           25
        7741         5259
        7742           24
        7744         2610
        7746          687
        7748         2814
        7749          190
        7750           10
        7767         7747
        7773         1824
        7777          445
        7778          118
        7791         4387
        7795         1255
        7799          692
        7811          102
        7821          190
        7824           27
        7829         2137
        7830          787
        7832          514
        7833         3174
        7839         1901
        7840            5
        7841         5157
        7844          270
        7848         1080
        7850            5
        7852         1411
        7854         7143
        7857            0
        7869         7392
        7872         1024
        7875          730
        7894         2227
        7910         3715
        7912         7355
        7916          134
        7917            8
        7919          698
        7924         1513
        7926            0
        7932          119
        7934          612
        7941         2429
        7960          157
        7964         4046
        7981         3488
        7983         7999
        7991         2277
        7997            2
        8002         1209
        8003          394
        8008         1536
        8021         4868
        8022         4332
        8038         7580
        8060         8267
        8071           77
        8073         5201
        8085            1
        8092           44
        8093         1230
        8096         8691
        8097           17
        8100           38
        8104         1549
        8105         1146
        8109          728
        8113           26
        8114         1430
        8116            0
        8119         4966
        8130           10
        8134         5575
        8135         4676
        8143          791
        8145         3934
        8146          231
        8149         3104
        8152         2075
        8156           31
        8167          801
        8174           77
        8176         4175
        8179          829
        8181          205
        8197         1199
        8203         4288
        8208         1141
        8221         7346
        8229         4933
        8230         1251
        8240         2149
        8254          636
        8256         1133
        8257         8127
        8262           16
        8269          156
        8281         5682
        8296            9
        8298          953
        8309         2154
        8314          186
        8318           64
        8321         2428
        8322           17
        8344          607
        8355         1501
        8357         3137
        8367          170
        8368          200
        8372         2198
        8377           82
        8379         3198
        8382         7914
        8388          262
        8389         4575
        8401          211
        8403           72
        8416          171
        8423          301
        8428           35
        8440          710
        8446         1350
        8452          433
        8457            1
        8465          464
        8472         4920
        8479         5667
        8487         6806
        8503         1034
        8507          734
        8510         3141
        8522          407
        8537         7384
        8538          801
        8541         4694
        8556          127
        8557         1213
        8569         6172
        8570         1076
        8575         2004
        8582           95
        8592         1608
        8603         3096
        8605          150
        8609         5519
        8619         1593
        8621          459
        8627         4546
        8634          296
        8643         5179
        8677           17
        8679         2822
        8682           15
        8683          826
        8719          681
        8730         1402
        8746         2937
        8751         2600
        8759            3
        8767          938
        8772          630
        8775           95
        8776         1572
        8777          330
        8790            0
        8796          549
        8797          317
        8800         6082
        8819         1858
        8823          128
        8828         7064
        8833         1747
        8840         1418
        8845            3
        8856         1605
        8864         2447
        8866         2613
        8868          516
        8895         5392
        8910         7871
        8917         1087
        8918           17
        8931         6043
        8941         1071
        8948          123
        8949            0
        8969         1624
        8975           37
        9001         4185
        9005         3398
        9010          226
