# HaloID(1) HaloID(2)
           0            0
           1            1
           2            2
           3           62
           4            4
           5            5
           6          553
           7            7
           8            8
           9            9
          10            9
          11           11
          12          247
          13           90
          14         1233
          15           34
          16           16
          17           17
          18         3224
          19          112
          20           19
          21           19
          22           22
          23           23
          24          889
          25          120
          26         2872
          27           28
          28           27
          29           67
          30         8468
          31          316
          32          721
          33         4581
          34         3397
          35           31
          36           34
          37         3635
          38          225
          39           40
          40           39
          41          445
          42          361
          43           43
          44          661
          45           45
          46           28
          47           48
          48         1851
          49          609
          50         1115
          51          513
          52         2100
          53          633
          54          167
          55           56
          56           54
          57         4105
          58         1262
          59          335
          60           61
          61          226
          62         4507
          63         3799
          64           64
          65         4694
          66         8862
          67          247
          68           67
          69         7596
          70            0
          71           70
          72           71
          73          796
          74          791
          75           75
          76         9675
          77         7311
          78          375
          79          675
          80         2734
          81         2186
          82           81
          83           80
          84         5515
          85          170
          86          137
          87         1819
          88           88
          89          319
          90         1750
          91          192
          92          327
          93         3869
          94          685
          95           95
          96         7079
          97           99
          98           18
          99         2814
         100         5456
         101          309
         102          105
         103          107
         104         5829
         105         1166
         106          741
         107         5120
         108         1340
         109          725
         110           20
         111         2730
         112          117
         113         8925
         114         6636
         115          188
         116          617
         117         1535
         118           54
         119         7989
         120         9240
         121         1109
         122          173
         123         1418
         124         6411
         125          947
         126         1026
         127         4386
         128          634
         129          130
         130           12
         131         2107
         132          138
         133         6155
         134         4116
         135           14
         136         4138
         137          397
         138          141
         139          723
         140           14
         141         1084
         142         1444
         143          226
         144            9
         145         2298
         146          320
         147          150
         148         7579
         149         5480
         150          348
         151          446
         152         5518
         153           19
         154           21
         155         1372
         156          163
         157          340
         158         6091
         159         1152
         160          165
         161          408
         162         1292
         163           86
         164         6741
         165          794
         166          655
         167         3837
         168          167
         169          173
         170          712
         171         1354
         172          176
         173          649
         174          777
         175          454
         176          180
         177          195
         178         6379
         179          613
         180         9394
         181          503
         182          364
         183          331
         184            4
         185          367
         186          351
         187           69
         188          114
         189         1061
         190          100
         191         4956
         192         1655
         193         1013
         194         5768
         195         5349
         196          999
         197         8040
         198          101
         199          185
         200         2185
         201         3844
         202         4162
         203         1526
         204           81
         205          246
         206           26
         207          243
         208         6155
         209         8133
         210           78
         211         4650
         212           51
         213          324
         214         3713
         215         6234
         216          675
         217         6369
         218         1396
         219          578
         220         8759
         221          822
         222         7615
         225            2
         226         4612
         227          189
         228         3185
         229         4225
         230         7744
         231         8265
         232         2959
         233          118
         234         6749
         235          366
         236          922
         237         1198
         238           26
         239         6910
         240         4755
         241          921
         242         1130
         243         3099
         244         2617
         245         1131
         246          471
         247          278
         248         1182
         249          784
         250          908
         251           31
         252           66
         253         9690
         254         7288
         255         1775
         256          255
         257         7371
         258          634
         259         2833
         260          664
         261         6770
         262         3494
         263         2375
         264           48
         265          782
         267         2363
         268         1506
         269          266
         270         8117
         271           42
         273            2
         274           20
         275         1007
         276         8625
         277          571
         278         6631
         279          226
         280          345
         281         9133
         282          140
         283         2655
         284         3659
         285           63
         286           13
         287          167
         288          546
         289            9
         290         3034
         291         1271
         292         5079
         293         7227
         294         9344
         295            8
         296         6506
         297           42
         298           19
         300           81
         302          644
         303         3480
         304          483
         305         2196
         306          404
         307         1382
         308          106
         309         1118
         310          144
         311          247
         312          202
         314         3182
         315         1505
         316         9806
         317          818
         318           20
         319         2137
         320          915
         321         3160
         322         5874
         323         2109
         324         5643
         326           31
         327          332
         328           39
         329         5564
         330         2748
         331          125
         332          696
         333          530
         334          266
         335          336
         336           31
         337         1637
         338         2268
         339          159
         340          341
         341          339
         342          281
         343          176
         344           33
         345         2347
         346          344
         347         1044
         348          128
         349         8147
         350         2380
         351          204
         352         6723
         353          388
         354          211
         355           77
         356           21
         358         3357
         359         6236
         360          483
         361          352
         362         1795
         363          374
         364           26
         365          664
         366          104
         368            0
         369         1098
         370         2257
         371          172
         372          829
         373          162
         374          199
         375         1918
         376         3031
         377         7836
         380          949
         381         2780
         382           20
         383          474
         384         3160
         385           31
         386          384
         387         4236
         388         2268
         389           21
         390          820
         391            4
         392           35
         393          247
         394         2962
         395         3165
         396         6190
         397         1425
         398          283
         399           28
         400          429
         401          758
         402          403
         403           95
         404         7609
         405          912
         407         4299
         408          677
         409          457
         410          306
         411          420
         412          416
         413         8011
         414          860
         416         3399
         417          814
         418           14
         419         7700
         420           36
         421         1564
         422         7227
         423         7279
         424          970
         425          118
         426           19
         427         7324
         428          703
         429         2296
         431         2481
         432         6631
         434          305
         435         4229
         436          433
         438         2776
         439          758
         440         5296
         441         7408
         442         2152
         443          542
         444          124
         446         1616
         448          142
         449         2008
         450          477
         451         2061
         452          490
         453         1768
         454         1167
         455         2383
         456          208
         457          446
         458           40
         459          197
         460         1235
         461         1869
         462            9
         463          784
         464           21
         465          316
         466           21
         467         1615
         468          468
         469          984
         470          615
         471         5448
         472           14
         474          481
         475         5428
         476         4082
         478          450
         479            1
         480         6920
         481         2317
         482          381
         483         5464
         484         1563
         485         4824
         486         2082
         487         2070
         488          430
         489          106
         490         6892
         491          247
         492         2798
         493         2889
         494         1133
         495         8224
         496         2532
         497          829
         498         4308
         499          161
         500          520
         502            1
         503         5795
         504         9098
         505           20
         506          295
         507         4472
         508          716
         509         3230
         510          754
         511          794
         512         6617
         513         4938
         515          121
         516          524
         519          394
         521         6185
         522           21
         523           21
         524         5829
         525          531
         526           78
         529         4421
         530          592
         531         2043
         533          538
         534          812
         535         2728
         536          107
         538           29
         541           30
         542          986
         543           38
         544         1752
         545           20
         547          558
         548         1286
         549         6004
         550          126
         551            2
         552         6358
         553          212
         554          709
         555         7630
         556          336
         557         1559
         558          287
         559         6386
         560         6730
         561          997
         562         5305
         563           20
         564          565
         565          664
         566         1748
         567            2
         568           14
         569         1084
         570         6094
         571          254
         572         7299
         573          716
         574          631
         575         6486
         576         4600
         578         3121
         579          712
         580         2430
         581         4163
         582         5751
         583            3
         585          573
         586         1324
         587         8449
         588         9375
         590         2279
         591         6143
         593         2498
         594         3018
         595         3974
         596          415
         597          389
         600         2010
         601          563
         602            7
         604          183
         605         2759
         606          247
         607          337
         608         4313
         609          605
         611         6226
         612          610
         613         1805
         614         3884
         615         9534
         616           71
         617          870
         618           27
         620         3148
         621         5536
         622          193
         623         3275
         624          539
         625         2507
         626         1037
         628         4621
         629          698
         630         1418
         631         4702
         633           31
         635          618
         636          550
         638         3032
         639         3314
         642           17
         643         4414
         644            0
         645           64
         647         6916
         648         3303
         649           19
         650          625
         651          106
         652         2006
         653         2274
         654          247
         655          877
         656         2720
         657          204
         658          147
         659         2802
         660         2905
         661         5406
         662         1099
         663         8779
         664         5235
         665         4547
         666         4860
         667         4755
         668           55
         669          593
         670          262
         671           26
         672          424
         673         4309
         674          456
         677          793
         678         3639
         679            4
         680         2520
         681         1413
         683         5776
         684         5373
         685          522
         687         6069
         688         2672
         689          401
         690          679
         691          277
         692         1707
         694           26
         695          692
         697         7470
         698           44
         699          784
         700          912
         701         4810
         702           19
         703           40
         704          561
         707         8793
         710          235
         712         3768
         713         1478
         715          167
         716         5490
         717         1886
         718          747
         719         3712
         720           29
         722          247
         723         5213
         726          142
         727           19
         728          178
         729         8046
         730          179
         731         6561
         732         3999
         733           19
         736          247
         737           16
         738          729
         739         2951
         740          737
         741           20
         742          766
         743         5956
         745         2427
         748           90
         749         1227
         750          621
         751          716
         752         5962
         753         2544
         754          600
         755         3357
         756         2825
         757         1230
         758         6442
         759         1128
         761         2307
         762         5407
         763           27
         764         3769
         765         6667
         766          982
         767          746
         768         1776
         769          533
         770           12
         772          213
         773          100
         775         1263
         776         8193
         777         2124
         778          400
         779         2735
         780         2237
         781         3155
         782         1256
         783          374
         784         8265
         786           29
         787          217
         788         1588
         789         2367
         790           20
         791          788
         792         1544
         793           45
         794         6885
         795          759
         796         2015
         798           14
         799         5401
         800         2961
         801         1802
         802          918
         803         1867
         804           12
         805         8657
         806          642
         807         1516
         808          836
         809          808
         811         2244
         815         1085
         816         9698
         818         3192
         819         3438
         820         5992
         822         2466
         823         1495
         825         3215
         826         1598
         827           94
         828         2222
         831          259
         833         5631
         834         6275
         835          833
         836            0
         837          295
         841          625
         842         7062
         844         2701
         845          255
         846         9021
         849          855
         850          237
         851          841
         852         1836
         854         2183
         855         6597
         857           12
         858         2097
         859           14
         861           12
         862         5802
         865          876
         866         2474
         867         5961
         868          958
         869         1886
         870         2575
         872         9837
         873         4516
         874          190
         875         6176
         876         2152
         877         2758
         879         3115
         880          247
         881          262
         883          835
         884          624
         885         9252
         887          391
         889          167
         890         9717
         891         3326
         893          380
         895         3685
         896         4164
         897          997
         898           69
         899         2769
         900         4292
         902           19
         904         1050
         905         4300
         906          549
         907         8786
         908          352
         910         3737
         911          709
         912         5313
         914          202
         916         6616
         917         2697
         919         6197
         920            1
         921          255
         922         6726
         923         1244
         924         7489
         925         2885
         926         1584
         927           71
         928           12
         931         2861
         932           14
         933         7528
         935         2729
         936         1362
         937         2192
         938         8688
         939         5288
         940         5825
         943          949
         944          661
         945           75
         946         1761
         947         2493
         948          791
         949           26
         950          133
         954         7590
         957          235
         958           34
         959           34
         961         9350
         963          404
         965         3497
         966          247
         967         7972
         971          217
         972           87
         973           19
         976         6411
         978          404
         980         2089
         981         2994
         982         5447
         983           62
         984          348
         985          247
         987          440
         990         7817
         991         6784
         992          185
         994         1678
         995          177
         996         1990
         998           57
         999         6574
        1000           57
        1001          198
        1002         1508
        1003         3141
        1005          304
        1007          114
        1009          282
        1010         3639
        1011          360
        1013         1012
        1015         1274
        1016          817
        1017          992
        1020          320
        1022         3913
        1023            0
        1024         4079
        1025         1163
        1026         1080
        1027         3654
        1029          911
        1030         1504
        1032          301
        1033         3318
        1034          323
        1035          261
        1036         1079
        1037         4205
        1038         1100
        1039          826
        1040          849
        1042          579
        1044         7764
        1045           23
        1046         1742
        1047           23
        1048          224
        1052         2630
        1056            0
        1057         1513
        1058          427
        1059         3543
        1060         7804
        1061          490
        1062         5403
        1063         2107
        1064         5679
        1066         2759
        1067           36
        1068            0
        1069           19
        1070           63
        1073          252
        1075         1068
        1076         1076
        1077           88
        1078         7611
        1079          380
        1080         7634
        1081          138
        1082         2019
        1084          536
        1085         1326
        1086         2714
        1088         1082
        1089         7097
        1090         6187
        1091           59
        1093         9147
        1094          496
        1095         1843
        1096         1105
        1097         1669
        1099         1186
        1100          405
        1101          615
        1102         7183
        1104         7304
        1105         3392
        1106         4387
        1107            5
        1108           42
        1109          254
        1110          777
        1111          474
        1112         1912
        1113         3532
        1114          170
        1115         3346
        1116          474
        1117         1124
        1119         7509
        1120          166
        1121         8541
        1122         1618
        1124         1155
        1125            6
        1126         3439
        1127          151
        1128          333
        1129         2286
        1133         8362
        1135           64
        1136         3131
        1141          714
        1142          456
        1143         2592
        1146         4896
        1147         1179
        1149         6000
        1150          643
        1151         2127
        1153         9460
        1154         1414
        1155          262
        1156         1250
        1157          458
        1158          136
        1159         1147
        1160         4162
        1162         2368
        1163          703
        1164           12
        1165         3148
        1166         1244
        1167         1059
        1169         5196
        1170         3395
        1171         2466
        1174          162
        1175           52
        1176          541
        1179          198
        1181          446
        1182           19
        1183          151
        1184          928
        1185          719
        1186         1173
        1187          233
        1188          912
        1190           47
        1193         3271
        1196         1241
        1197          225
        1198         8911
        1199          486
        1200         1920
        1201          400
        1202         1747
        1203         1052
        1204          110
        1208          475
        1209         1287
        1210           35
        1211            7
        1212           31
        1213          431
        1214         1226
        1215           79
        1216           64
        1217         3168
        1219         2217
        1220         1192
        1221         8893
        1222          172
        1223         1707
        1226         2736
        1229          150
        1230         1243
        1231          136
        1232          121
        1233         2357
        1234         9126
        1235         2784
        1238            4
        1240          161
        1241         6661
        1243          567
        1244         8439
        1245           43
        1247         1422
        1248         2360
        1249         1312
        1250         1860
        1251           45
        1252           21
        1253          132
        1254         3182
        1255           12
        1256          348
        1259         8261
        1260          521
        1261         2944
        1263         4677
        1266          185
        1268            8
        1273         3216
        1274         1691
        1276         2956
        1277         8231
        1279         1886
        1280         4563
        1281         2916
        1282           20
        1283         3884
        1284         4147
        1286          238
        1288         1289
        1290         4137
        1293           30
        1294         4048
        1295          446
        1296         1317
        1299         1740
        1300          397
        1301          283
        1303          398
        1304         4165
        1305         9423
        1306         8940
        1308          311
        1309          238
        1310           40
        1312          585
        1313          286
        1314         2944
        1315         7437
        1317         1031
        1319         1281
        1321           21
        1322            0
        1323          593
        1325          189
        1329         2250
        1330         7232
        1331          617
        1337         5475
        1339          179
        1340          468
        1342         9134
        1343         1331
        1344         1592
        1346           43
        1347          265
        1348          281
        1349         1539
        1351           85
        1354         1744
        1355         2610
        1357          456
        1358         1378
        1360          677
        1361          233
        1362         3538
        1364           22
        1365           87
        1366         3213
        1367         1197
        1368         4623
        1369         1819
        1370         3557
        1371         2548
        1373         6271
        1377         3670
        1378          118
        1380         2412
        1381         7474
        1383         1017
        1385           12
        1387         6038
        1390         3044
        1393         1408
        1394          128
        1395          719
        1397          220
        1398         3226
        1399            8
        1400           29
        1402         1404
        1403         9166
        1404         5543
        1405         2063
        1406          839
        1407         2221
        1410           26
        1414         1446
        1415         2371
        1417         3137
        1419          972
        1420         4187
        1421           19
        1422         2496
        1425           55
        1426         1133
        1427          117
        1428          112
        1429         9296
        1433         1431
        1434          197
        1435         5437
        1436         2810
        1437         2510
        1438         7912
        1439          610
        1441          325
        1442         1640
        1443         3899
        1445          649
        1446           70
        1447         1439
        1449         3338
        1453          716
        1454         3935
        1455         1668
        1457         3747
        1458           37
        1460          224
        1461         7801
        1462         8133
        1463          468
        1464          128
        1465          381
        1466         1382
        1467          928
        1468         3889
        1470          472
        1472         6464
        1474         1215
        1476           19
        1478           85
        1479         6277
        1481         5176
        1482          650
        1484         1768
        1485         6351
        1486         5639
        1487         2186
        1488           48
        1489         1084
        1490          413
        1491         1626
        1492         3497
        1494         7740
        1498         4150
        1499         4992
        1500            4
        1501          556
        1502         2006
        1503           19
        1504          235
        1507         1497
        1508         3404
        1510         3540
        1513         3778
        1514         1050
        1515         1444
        1518         4279
        1520         5964
        1522         1936
        1523          786
        1526         2507
        1528           24
        1530         7280
        1532          471
        1536         7615
        1538         3177
        1542         6314
        1546         4717
        1547         9795
        1548         1573
        1549          164
        1550         4065
        1552         2268
        1554         9405
        1555          151
        1556          133
        1557            2
        1558         3832
        1560         3333
        1562          868
        1563          483
        1565          151
        1566         4101
        1569         5227
        1570          820
        1573          425
        1574         1584
        1575           40
        1578         1671
        1580         2501
        1581          851
        1583         1180
        1585         1192
        1586           79
        1587          622
        1588          636
        1591           42
        1597         1018
        1603         1744
        1604           12
        1605         5639
        1610         6592
        1611         1037
        1612         1398
        1613          705
        1619          195
        1620         3100
        1622          279
        1623          337
        1625         2286
        1626            0
        1628          637
        1629         1657
        1630         2855
        1631         1806
        1632         4421
        1633          320
        1634          342
        1636          724
        1637         9185
        1641          545
        1643         1779
        1644         4943
        1645         2611
        1646         2661
        1648         5612
        1653         5918
        1654         1635
        1655         2734
        1656         5348
        1657          423
        1658         8022
        1659            0
        1660          238
        1661         1663
        1662          684
        1668          846
        1669         7751
        1670         2443
        1671         1818
        1677         3612
        1678         1711
        1679         1661
        1682          331
        1683         4740
        1684          110
        1686         1166
        1690         6584
        1691         3182
        1692         2944
        1696         3982
        1697         2701
        1701          439
        1704         1885
        1705         7075
        1706         9257
        1707         6554
        1708         1786
        1712         3566
        1713          357
        1714          574
        1715         2528
        1718           14
        1724          673
        1725         1144
        1727         3468
        1729         1001
        1730          279
        1732          222
        1733           79
        1736          307
        1737         4655
        1738          868
        1743          180
        1744         4508
        1745         1362
        1746          276
        1747         8695
        1748         1249
        1749            3
        1750          251
        1751          508
        1753         2056
        1755           40
        1759           49
        1760         1689
        1761         4200
        1767         1756
        1768          341
        1769         1773
        1771         2220
        1773           12
        1774           14
        1775          903
        1777           13
        1781          567
        1782         2727
        1784         2039
        1786         3444
        1787         1939
        1790          160
        1793           93
        1794         3431
        1795         1372
        1796           19
        1797          141
        1799         3070
        1800          151
        1801         6590
        1802         1307
        1803            1
        1805           41
        1806          929
        1807         1431
        1808          136
        1809           95
        1811          117
        1812           80
        1818         8451
        1821          622
        1822          202
        1825          852
        1826         2085
        1828         2663
        1829           11
        1831          331
        1832           91
        1834         1534
        1837          136
        1838           19
        1839          405
        1840            9
        1843           21
        1844         1833
        1848         1628
        1849         2023
        1850         5208
        1852          116
        1854         4031
        1860         9675
        1862         1864
        1863         1857
        1864           86
        1866         1109
        1867          613
        1868          997
        1869          783
        1870         7593
        1871           43
        1875         5111
        1878            0
        1880          435
        1881           31
        1882         4279
        1883           14
        1886         2685
        1888         1484
        1893         2144
        1894         8142
        1895           31
        1897          494
        1898          514
        1899          732
        1902         5019
        1903          129
        1905         9577
        1906          179
        1910         1337
        1912          796
        1914         5751
        1916          649
        1919         1908
        1920          867
        1922           28
        1923          105
        1924         6245
        1926          932
        1927          664
        1928         1883
        1929         6534
        1934          490
        1935         3621
        1939         9691
        1940          357
        1942           52
        1943          163
        1944         3109
        1946         3821
        1947         2446
        1948         2535
        1950         2713
        1951           91
        1952          211
        1953          340
        1955         4417
        1957         2382
        1958         6625
        1959          137
        1960          625
        1962          428
        1963          698
        1964          490
        1965         2937
        1967           54
        1968         6194
        1971         4177
        1976          510
        1977         1437
        1978         4036
        1979           46
        1982         1176
        1983         3397
        1985            9
        1986         5460
        1987          714
        1989         4772
        1992           58
        1993         4330
        1995         5731
        1996          596
        1997          551
        1998           37
        1999         2773
        2000          401
        2002            0
        2005         4899
        2006         1059
        2009         4463
        2010           62
        2011         3358
        2015          937
        2017         8666
        2021         3636
        2025         1887
        2027         2507
        2028         1997
        2032          680
        2034          150
        2037          340
        2039           21
        2040         1640
        2042          517
        2046         3643
        2048         3660
        2050         2343
        2051         5176
        2052          877
        2055         4555
        2056         2599
        2058         1691
        2059         1756
        2060          847
        2061         2998
        2062          552
        2063            0
        2064          847
        2065         2072
        2066          583
        2068          364
        2071         1119
        2075         8078
        2077         6056
        2079         7808
        2080         3357
        2083          359
        2084          259
        2086          100
        2087           92
        2088          288
        2089         1143
        2090          448
        2091           12
        2094         8877
        2095         6626
        2105         2496
        2106          811
        2110         6202
        2111           27
        2113         1758
        2114         7859
        2115           16
        2117          224
        2118         3048
        2119         1147
        2120         3305
        2121          188
        2123         4185
        2125         2274
        2126          703
        2128           15
        2130         5518
        2133         2365
        2135          139
        2139         1402
        2140          740
        2142         4395
        2147         1176
        2148         1702
        2150         1513
        2152           66
        2153          574
        2154          902
        2158          257
        2159         3362
        2160         4965
        2162         1047
        2165         4431
        2166          332
        2168           27
        2178         5668
        2183           28
        2185         2596
        2188         1020
        2190         5098
        2191          609
        2192         3126
        2193         1463
        2194           18
        2199          232
        2200          597
        2201          150
        2203         6421
        2206         3054
        2207           14
        2208          422
        2209           77
        2216         1430
        2217          165
        2221          280
        2223         3700
        2224          593
        2225         3648
        2227         1540
        2228         3203
        2230           14
        2236         4244
        2238          471
        2239          121
        2242           54
        2244         1255
        2246         4032
        2247         1263
        2252         2217
        2254         7849
        2255         1286
        2256         6878
        2259          170
        2268           70
        2269         4769
        2270         2277
        2276         1453
        2277           81
        2278         1309
        2283         2281
        2284          615
        2287         7087
        2291          248
        2292         1977
        2294          523
        2295         1637
        2296          965
        2297          461
        2298           29
        2299          427
        2303          371
        2304         8477
        2305          916
        2307         8673
        2310         2283
        2311          454
        2312         2339
        2313          254
        2314         3445
        2315           11
        2317          174
        2318          937
        2321            4
        2324         3182
        2326          192
        2327         6919
        2329           82
        2330           56
        2331         9198
        2332          201
        2333           64
        2334         2434
        2335          314
        2339          305
        2341          767
        2342         1111
        2343          494
        2345         3773
        2346         2341
        2348          664
        2349          228
        2350         1129
        2351         1626
        2352         3400
        2353          137
        2357          133
        2358         2453
        2359         6041
        2360         2361
        2362           37
        2364         4163
        2367           26
        2368         3247
        2369         8875
        2370         3098
        2371         3584
        2372         1866
        2373         2222
        2378         4708
        2385         4247
        2388         1997
        2394          232
        2396          864
        2397          486
        2398         7689
        2399          261
        2402         2219
        2407         1149
        2408           47
        2409         6138
        2410         8925
        2411         2417
        2413         1918
        2414         5111
        2416         6367
        2417          868
        2418          148
        2420         5084
        2422         1516
        2424         1283
        2425           85
        2427          288
        2429          139
        2432         3201
        2433          440
        2437         8720
        2441          158
        2442          206
        2443          238
        2445         3714
        2447         1026
        2451         4560
        2456         9815
        2458          708
        2464           82
        2465         7656
        2466          107
        2468           14
        2470         2601
        2473         7147
        2474          162
        2477         2918
        2478            6
        2479         8925
        2481           68
        2485         1702
        2486         2406
        2487         2475
        2488         7346
        2495         4558
        2499         2762
        2500         2840
        2501         9031
        2506           99
        2507         1876
        2508          486
        2509          517
        2511          174
        2513          402
        2514         2025
        2515           23
        2519          450
        2523         4175
        2525          558
        2526            5
        2527          101
        2529         1368
        2534         4795
        2536         1641
        2538           21
        2539         1829
        2541         1015
        2542          571
        2543          903
        2544           36
        2545         1128
        2548           35
        2550         1310
        2551         2496
        2552         1897
        2553         3073
        2563         3500
        2565          247
        2569          877
        2570         9482
        2571         2028
        2575          724
        2578          121
        2579          691
        2580            2
        2585         1237
        2589         1200
        2592         1378
        2594          690
        2598          176
        2602         9670
        2604         2536
        2610           39
        2615         1101
        2616          250
        2618         5610
        2620         4773
        2622          409
        2627          633
        2628         1404
        2629          711
        2630         6519
        2632         2628
        2633          987
        2635           35
        2636         7917
        2638          439
        2640         3967
        2643          201
        2644         7961
        2646           52
        2647         4311
        2648          238
        2649         5637
        2651          636
        2653           47
        2656         1129
        2658          604
        2659         2493
        2661         8224
        2667          274
        2670          458
        2671          918
        2672           63
        2676          631
        2677         3401
        2678         7596
        2680         3744
        2681          888
        2682         2583
        2683            0
        2685          291
        2688         4419
        2690         4670
        2691         2124
        2693          119
        2697          721
        2698          509
        2699         3522
        2703           15
        2704         1809
        2705         3071
        2707            0
        2710         5911
        2711         2059
        2713         1588
        2715         3747
        2716          246
        2719         1491
        2720         3826
        2721         1387
        2723         5146
        2724         2826
        2728         6816
        2729          147
        2730          238
        2731            8
        2732         1248
        2737         2598
        2739          397
        2741          666
        2743          772
        2746          143
        2747          224
        2749         1124
        2754         1141
        2757         3962
        2758         9240
        2759          549
        2763          623
        2764         2203
        2765          533
        2767         5372
        2770         2745
        2771          406
        2772         2061
        2773          282
        2775          679
        2776         6019
        2781         1262
        2784           60
        2785          784
        2786         9283
        2790         3012
        2791         1331
        2796          723
        2797          490
        2798         4735
        2799          103
        2800          394
        2801           70
        2802         4744
        2805          426
        2806          696
        2808          794
        2814         6004
        2816         6838
        2817         2160
        2821         1007
        2822         6496
        2823         2165
        2825          494
        2826          845
        2828         2462
        2831          693
        2833          176
        2834         1926
        2835         3760
        2837          336
        2839         7179
        2843          737
        2846         2477
        2848            5
        2855         8391
        2856         1263
        2859         3805
        2861         7283
        2865         2851
        2866           87
        2867         1198
        2871          162
        2875          513
        2877           13
        2880         2859
        2881         2544
        2885          381
        2890          908
        2891          600
        2892           33
        2894          168
        2895         2970
        2896         1205
        2898         9695
        2899          873
        2900         7327
        2903           42
        2907         1028
        2908          292
        2910         9421
        2911         4175
        2912          994
        2913         4771
        2914          488
        2916         1115
        2917         2006
        2918         6748
        2921          474
        2928           96
        2932          454
        2933          624
        2938          108
        2940          619
        2941         3444
        2942          857
        2943          671
        2946          107
        2949         3113
        2952         4828
        2953         6703
        2958         3425
        2961         1123
        2962         4059
        2963         1442
        2965           51
        2966          768
        2968         2849
        2973         2051
        2974         1022
        2975         6563
        2981          337
        2983           20
        2990         1205
        2992         3146
        2994         3579
        2995         2006
        2999         5974
        3001         4072
        3003          676
        3007         2960
        3008          249
        3010           28
        3011         6294
        3013          221
        3017         3029
        3018         3653
        3020         2589
        3022         4652
        3030          600
        3034         3049
        3035         1544
        3039          943
        3042         9408
        3049           33
        3052         1035
        3053           35
        3055         3250
        3057         1508
        3058         5050
        3060            0
        3062          797
        3063          196
        3071           79
        3072         4197
        3073          142
        3074           79
        3079         3085
        3080         2762
        3082          658
        3083         2918
        3084          295
        3088          355
        3093         8824
        3095          867
        3096          178
        3098         1152
        3102         2618
        3103            1
        3104          238
        3109         1857
        3113           95
        3117         6075
        3123          949
        3125          206
        3126         3232
        3130           91
        3134         2343
        3135         7431
        3137         2788
        3138         6584
        3139          192
        3141          196
        3142         2345
        3144          846
        3147         3172
        3150         2962
        3152         4166
        3157         8261
        3160         5631
        3161         1975
        3165          160
        3166          802
        3169         3181
        3170          601
        3171          110
        3172          979
        3173         1205
        3179         6336
        3180         1038
        3181           49
        3184         1908
        3185         4087
        3193          563
        3194         1319
        3195         2560
        3197         3206
        3198          953
        3202          391
        3205         4375
        3206           98
        3208         1079
        3209         1245
        3213          100
        3218           15
        3219         9112
        3221         2302
        3222         2053
        3225          105
        3226            8
        3230         2646
        3233         1744
        3236         1780
        3240         5919
        3241          136
        3242           36
        3245         2023
        3249           30
        3251         2903
        3252          166
        3254         1077
        3255         1802
        3257            4
        3261          367
        3263         2150
        3264         7873
        3267           73
        3272         1146
        3274          402
        3278         5817
        3279          633
        3283         3243
        3285         3430
        3286          190
        3287          882
        3289         2331
        3290         4890
        3292          536
        3295          159
        3296          285
        3299          177
        3302          503
        3303          874
        3304         3628
        3306         5976
        3308            7
        3310         7874
        3312         3903
        3316         7673
        3317         4336
        3318         4320
        3319          231
        3321         1723
        3325         1490
        3330          428
        3331          163
        3332           11
        3333          188
        3335           35
        3336           94
        3338           92
        3343          148
        3346         1061
        3347         3611
        3348         3093
        3349          238
        3350         5905
        3351           39
        3353         2213
        3363         1215
        3364         5511
        3365         3924
        3366         1116
        3367         2367
        3368            7
        3370          131
        3373          142
        3380         1852
        3385          134
        3387         7152
        3390         1850
        3392         1354
        3396         6916
        3399         1975
        3400           22
        3402          821
        3405           66
        3407          286
        3410         2378
        3411           14
        3417          456
        3418         3323
        3419         2435
        3420         1233
        3422         5835
        3426         4244
        3428         3823
        3429          632
        3430          406
        3432          662
        3435         3795
        3438         1135
        3439         5493
        3440         2756
        3442            2
        3443         7043
        3445         9025
        3449         8722
        3452         1245
        3454          431
        3456         2744
        3457          965
        3459         1196
        3461          380
        3464         1237
        3471         2535
        3473            2
        3474          853
        3475         7275
        3478         6135
        3479          803
        3482         1236
        3485           28
        3486          255
        3492         3290
        3493         3455
        3494         3486
        3500            2
        3502          123
        3505         5488
        3510         6054
        3511         3276
        3512         2136
        3514         1443
        3515         6719
        3521           80
        3526         2460
        3531         2049
        3533           76
        3536         1442
        3537         2972
        3538         2864
        3539         1621
        3541         6196
        3544         1893
        3550          169
        3551          544
        3555         1905
        3558          218
        3560          314
        3562         7445
        3564         1771
        3568         1352
        3571         3953
        3574         3490
        3577          145
        3580         2244
        3581           58
        3583         4922
        3586          244
        3594           82
        3596         8030
        3599         1939
        3600          205
        3602          866
        3613          903
        3614         1331
        3618          352
        3626         2647
        3630          642
        3631         3602
        3633         6129
        3634          197
        3639         3378
        3648         9205
        3649          126
        3651           37
        3652         1569
        3654         5947
        3657         2792
        3661           52
        3663         1893
        3664         3527
        3669         1718
        3670            6
        3677         5313
        3679         2185
        3684          429
        3690           71
        3691          740
        3694         1079
        3695          232
        3696          398
        3699         7747
        3701         5674
        3705         3054
        3706         2534
        3707         6092
        3713         9706
        3716         8740
        3719         2703
        3725           24
        3726         3658
        3732         2651
        3735          136
        3736         9168
        3743         7221
        3744         3833
        3745         1006
        3746         3628
        3747         1287
        3752         1414
        3753         3557
        3755         6246
        3759         2252
        3763          188
        3764         2875
        3767          188
        3772           44
        3774         1583
        3775           71
        3777         7392
        3779         9851
        3783          364
        3787          226
        3788            4
        3794          120
        3795         4936
        3799          711
        3800          357
        3802         1973
        3804         1487
        3805         3138
        3807           50
        3809         4856
        3810         4263
        3812            2
        3817           82
        3818         5485
        3819         3797
        3823          718
        3825         5057
        3828          147
        3829         4309
        3833         1022
        3834          253
        3836         6106
        3851         5339
        3859            4
        3861          764
        3864          252
        3873         1256
        3877          402
        3878           39
        3879         2070
        3880          137
        3888         1402
        3889          850
        3890          589
        3895           37
        3899         5233
        3901          327
        3902          867
        3905           51
        3906         5989
        3911         2954
        3917         3576
        3921          461
        3923         1138
        3924         3859
        3929          475
        3931           92
        3933          951
        3934          663
        3935          261
        3938            5
        3940         1010
        3941          198
        3942            2
        3945           18
        3946         3281
        3948          476
        3950          111
        3955            2
        3956         4459
        3958         1786
        3959          341
        3962         3694
        3964         3782
        3966         8854
        3969          912
        3972         4485
        3976         6856
        3979           11
        3980            1
        3983         2904
        3984         4717
        3986          220
        3987            1
        3992         2730
        3993          291
        3994            6
        3995         4857
        3996         7759
        4000         1153
        4001          137
        4006         4308
        4007          161
        4009         9497
        4011          110
        4012          237
        4021         1707
        4026         9209
        4027          163
        4038            4
        4042          874
        4045         4127
        4048         8823
        4049         3366
        4050            8
        4052         1194
        4053            0
        4056          251
        4059         4493
        4060           49
        4061         4016
        4063         1637
        4065         5882
        4067           74
        4069            5
        4070         4678
        4075            2
        4077          221
        4084         5809
        4087         1788
        4092          369
        4093          267
        4095         4012
        4096         3424
        4098          500
        4107           38
        4109         6121
        4115         2280
        4122         4702
        4133         3347
        4136          250
        4139         6745
        4142         2972
        4145           14
        4149          128
        4150         8699
        4151         1893
        4152         2995
        4154          374
        4156           57
        4158          154
        4161         1735
        4167         1646
        4172          678
        4175         5017
        4183         3633
        4184           14
        4185          766
        4187         3440
        4188           44
        4190         1688
        4196          190
        4204          151
        4207          134
        4210            7
        4212         3621
        4214         1655
        4215          127
        4219         2269
        4221           43
        4223           64
        4224         4091
        4232           79
        4233         8666
        4234         9162
        4235         9161
        4236         1187
        4237          444
        4238           34
        4239          835
        4242          147
        4243          585
        4245          110
        4247         1659
        4248           99
        4249           64
        4250         8975
        4251         1551
        4253           11
        4256         4590
        4264         3874
        4266         4168
        4270         2838
        4271            2
        4281          527
        4284          849
        4286         3250
        4293         2702
        4294         4380
        4295         4514
        4300          246
        4301            3
        4304           17
        4306         4809
        4307          823
        4310          353
        4311          488
        4313         7608
        4315         4516
        4320          812
        4323         2245
        4328            2
        4331         9274
        4332         3222
        4334         5471
        4335         1076
        4337         5456
        4340         5250
        4345         3230
        4349         1785
        4354          416
        4356         4660
        4361          398
        4362          100
        4363           90
        4373          431
        4376          503
        4378         4764
        4383          198
        4384          284
        4385          285
        4388          288
        4390          538
        4392          423
        4393         9685
        4394           22
        4395         9808
        4398         1413
        4399          319
        4401         1701
        4402          812
        4404          461
        4407         5368
        4411           37
        4420         2914
        4422            1
        4425          180
        4426         8787
        4431          374
        4432          127
        4437         3734
        4438          180
        4440           33
        4441           33
        4442          920
        4443          748
        4444          662
        4448         3356
        4450            0
        4452         1185
        4453          124
        4454         2826
        4456          295
        4458          482
        4467           27
        4472          276
        4475         7669
        4479            2
        4480           76
        4481          323
        4486          992
        4490         7004
        4491         1106
        4495         4486
        4501            6
        4510         2061
        4511          662
        4516            4
        4519          653
        4527         8086
        4528           36
        4529         2927
        4533           86
        4536          204
        4537         1904
        4545         1854
        4546         3711
        4547         2618
        4550         9851
        4556         3405
        4559          812
        4560         2685
        4568         3322
        4570           54
        4575           53
        4579         5537
        4580         2905
        4582         1209
        4583          399
        4585          635
        4586         4072
        4599         3139
        4607          639
        4610         6013
        4612          872
        4613          148
        4614         2043
        4618          503
        4620           40
        4626         5804
        4629          174
        4631            0
        4635         8170
        4636         2926
        4638         2492
        4645          352
        4647         4287
        4648          214
        4649         1480
        4651          881
        4652          299
        4657           11
        4659           67
        4663         4871
        4664         6275
        4665            1
        4669         4546
        4674         6358
        4677         7142
        4679         7801
        4680           33
        4681         5059
        4682         4683
        4689          305
        4690          261
        4693         3171
        4699         1776
        4706         5823
        4710         2776
        4711          371
        4714           61
        4716           90
        4722          690
        4725         1372
        4726         2697
        4727          659
        4728         4542
        4731          253
        4738         2487
        4740         2849
        4746            0
        4748          132
        4751         2165
        4754         2797
        4760         1623
        4764          335
        4772          193
        4775         2123
        4777          140
        4780          295
        4784         4658
        4788            7
        4790          697
        4791           24
        4792         4642
        4793          562
        4797           86
        4799         5811
        4801         6721
        4804          105
        4808            3
        4809           63
        4811         4810
        4813            2
        4815         3620
        4820         2812
        4821         5280
        4822         6155
        4826           52
        4828          431
        4829           16
        4834          158
        4835          360
        4837         5682
        4841         3138
        4843         4527
        4845          451
        4846         2720
        4847          114
        4848           73
        4853         5900
        4855          860
        4860         5831
        4861         1427
        4863         1170
        4864         7286
        4865         1734
        4867         3468
        4870          867
        4872         2363
        4877          341
        4879            0
        4880           27
        4881           54
        4887          804
        4888         2861
        4892          414
        4894         8899
        4896         4656
        4897         4191
        4899         6408
        4902            0
        4903         8127
        4904           98
        4918          360
        4926          128
        4929          613
        4931         4453
        4933          115
        4937          699
        4943         2928
        4946            0
        4948         1312
        4950           16
        4953          908
        4954         3215
        4956         1435
        4957         4854
        4959          335
        4960          336
        4963         4719
        4968         7267
        4970         1176
        4971          341
        4972           23
        4975         5504
        4976           43
        4980            4
        4981          960
        4984         8827
        4989         1413
        4996           98
        4998         2190
        4999         2434
        5001         9149
        5006         8215
        5010          391
        5016         2476
        5021          244
        5026           62
        5029         1158
        5031         3253
        5032           39
        5034         1015
        5037            1
        5038           33
        5039         3876
        5040          151
        5041          441
        5044         3685
        5047            0
        5054          199
        5057         5255
        5062          187
        5065         5011
        5069           28
        5070           43
        5071         8117
        5074         4592
        5077         2067
        5078         4060
        5083            2
        5089          254
        5091         8555
        5092         1281
        5097         1389
        5104         3903
        5109          160
        5110         1915
        5114         5109
        5116           23
        5118           52
        5120         1351
        5125           51
        5129          417
        5133          331
        5134         1024
        5136         1919
        5145          150
        5149         1040
        5151         1657
        5155         2566
        5160         9043
        5165           52
        5167         1533
        5168           54
        5173          280
        5177          161
        5181         1829
        5182         7018
        5183          319
        5186         3073
        5196         5266
        5204         3466
        5210           12
        5212         3592
        5216          358
        5218         2492
        5219           76
        5220          864
        5223          999
        5226         6615
        5227          257
        5230         7636
        5233         3034
        5236         5294
        5240         4067
        5246         2568
        5250         6816
        5251          870
        5253          407
        5255         4435
        5258         3948
        5264            1
        5274         2535
        5278         1123
        5279          319
        5283          663
        5285          504
        5286         2736
        5288         2043
        5291          186
        5292          574
        5293         1277
        5296           14
        5297         8290
        5301         3948
        5303         1792
        5305          136
        5308          284
        5309          352
        5310           76
        5312          304
        5318         5254
        5321           16
        5324         2535
        5328         2765
        5332         1233
        5333         2355
        5335         2413
        5341         9252
        5346          732
        5347         4628
        5356           79
        5360         1762
        5364            0
        5366         2143
        5369         2976
        5373          400
        5382           98
        5383          142
        5385         3031
        5389           68
        5390         6139
        5395           15
        5397         2804
        5400          178
        5402          154
        5403          292
        5411         4057
        5415            3
        5419         4584
        5423          251
        5424         1176
        5425           13
        5426          882
        5428          238
        5430         2757
        5432          509
        5439         3029
        5445          568
        5453          184
        5456          271
        5457         6256
        5461          697
        5462          304
        5466          352
        5468         7856
        5469           65
        5473          937
        5474          226
        5476         1316
        5486         1988
        5489          943
        5493         8208
        5495          165
        5496           79
        5499           30
        5506           37
        5508         4301
        5512         5450
        5513          635
        5518         7282
        5519         2952
        5520         8464
        5521          318
        5522           66
        5525           60
        5526         8921
        5527            0
        5528         9443
        5529           58
        5532          458
        5533         5464
        5537         5047
        5542         3615
        5543            6
        5544          618
        5545          188
        5548          123
        5550          571
        5552         6190
        5558            0
        5561          870
        5565          729
        5569         3223
        5570         2847
        5576          255
        5585         5278
        5595         5699
        5599          293
        5601         1021
        5603         1440
        5605         2339
        5607          403
        5610            0
        5611         1824
        5612          533
        5617         2959
        5626           54
        5627           57
        5628          732
        5635          231
        5648          672
        5652          141
        5656          224
        5657         6786
        5658           58
        5661            0
        5666          289
        5669         2081
        5673         1307
        5675          453
        5676          101
        5677           35
        5681          342
        5682         1277
        5684         1127
        5687         5703
        5689         2114
        5696          288
        5698         2511
        5709         9025
        5710          273
        5712          186
        5716          120
        5719         9781
        5729         5688
        5730          314
        5736          462
        5740            0
        5756           86
        5766         2006
        5772         3033
        5775         2984
        5776         4717
        5784          260
        5786           41
        5789          256
        5790            0
        5791          294
        5792         1076
        5801         1829
        5803         6078
        5805         1378
        5810         9593
        5814         4191
        5818         2983
        5819          136
        5820         6180
        5822         6617
        5823          337
        5828          224
        5829          609
        5846           18
        5847         2377
        5849          255
        5851         1545
        5856         1783
        5857         1377
        5860         3223
        5861          246
        5863          124
        5864         1229
        5868          337
        5871          280
        5878          548
        5881         9313
        5882          400
        5885           23
        5889         2374
        5897          259
        5911          117
        5915          215
        5918         1377
        5919         4756
        5921         1824
        5923          441
        5924          800
        5931           25
        5934          821
        5938          928
        5941         8705
        5942         2384
        5944         1743
        5951          849
        5958         7638
        5962          244
        5964          426
        5971         4610
        5974           24
        5976         3041
        5985          137
        5989           52
        5993          686
        5994          102
        5996         2559
        5998          348
        6002         5264
        6006            0
        6011         4458
        6013         7449
        6014         7353
        6016         9567
        6021           23
        6035          127
        6037            8
        6039          683
        6042         1158
        6046            4
        6049         3198
        6052         2584
        6053         3556
        6054         8665
        6055           60
        6057         5195
        6060          233
        6066         7951
        6068          151
        6077          113
        6086          279
        6087          545
        6090         9324
        6091          327
        6095         6588
        6098          751
        6100           92
        6105           94
        6107         3600
        6108          266
        6111         1209
        6114          462
        6115          693
        6117           66
        6119          897
        6125          113
        6127          349
        6131          323
        6137           53
        6139         1824
        6140         7784
        6142            2
        6143         4085
        6144            5
        6150         4259
        6151            6
        6153          868
        6154         5022
        6156          832
        6158           85
        6159           44
        6161            6
        6165         7942
        6170         1765
        6173         1578
        6175         5461
        6177          238
        6178         6565
        6179           35
        6180            3
        6183            5
        6187           16
        6189           18
        6191          124
        6199            0
        6205         5733
        6208            1
        6211         2655
        6213         3356
        6214         4030
        6221           15
        6224         4738
        6241          211
        6243         6786
        6250         6995
        6251            2
        6256          279
        6257         1478
        6260          569
        6266           50
        6269          482
        6276          238
        6277          156
        6278         6342
        6283         1602
        6284         6602
        6285          441
        6287         2966
        6290          148
        6294          414
        6305          570
        6310         1743
        6314           71
        6317          284
        6320          220
        6321         1948
        6330          820
        6333          692
        6340         5678
        6341         9131
        6348         5444
        6356         2447
        6358         5854
        6359         1187
        6361           39
        6363         1926
        6365          870
        6366         2331
        6371          138
        6372         2288
        6373          189
        6375         9334
        6377          583
        6378           92
        6383          686
        6385            3
        6386          201
        6389         1714
        6391         6079
        6397         5792
        6402          986
        6404          114
        6408          218
        6411         3656
        6416         8935
        6418         2034
        6420          708
        6421         8155
        6425          323
        6431           37
        6436           29
        6440         3252
        6445         9036
        6450          148
        6451          142
        6455          280
        6456         4141
        6457           87
        6458         1563
        6459           10
        6460          107
        6461         7426
        6465          206
        6472          196
        6482           11
        6483          191
        6484           82
        6486         2330
        6493         2978
        6496           41
        6498           35
        6501            0
        6511          138
        6512         3448
        6513         6498
        6515          257
        6519         2861
        6523         3148
        6524         1271
        6528          444
        6529          536
        6534          124
        6539         1041
        6551           47
        6553         2861
        6558          147
        6562         6607
        6563            6
        6572         1017
        6577         4583
        6578          237
        6584         2256
        6587            0
        6590         5114
        6591           53
        6599         1351
        6600         6274
        6603         7183
        6606         1796
        6608         1073
        6611           27
        6617           91
        6618           52
        6625         1368
        6628         6046
        6632         3067
        6640          966
        6641            7
        6646         3462
        6647         2311
        6652          150
        6657         2539
        6659          500
        6664         5910
        6674           42
        6676         3962
        6682          576
        6684            3
        6685          696
        6691            0
        6692         8500
        6693          284
        6699         2158
        6700          325
        6701           30
        6702            6
        6703         3538
        6706          285
        6711           62
        6713           27
        6714         1055
        6716         2384
        6720         1941
        6722          206
        6730         1395
        6731            0
        6732         3657
        6734          137
        6738         1012
        6739          279
        6755          388
        6764           15
        6767         5332
        6770           16
        6773          177
        6777          462
        6780           54
        6799          916
        6804          385
        6805           30
        6819          189
        6823         5470
        6826          706
        6827         7951
        6831            4
        6833          425
        6839          163
        6841          625
        6842          159
        6854            0
        6858          369
        6864            0
        6870            0
        6873         8802
        6878          491
        6879         3580
        6882         2864
        6883         2175
        6886         1637
        6894          338
        6897            2
        6899          113
        6905         3600
        6908          353
        6909            8
        6910          607
        6911          607
        6914          924
        6916          605
        6922          230
        6925          207
        6932            3
        6934          882
        6938         1947
        6943          536
        6944          450
        6951         1748
        6954          121
        6967           40
        6969           83
        6971         1390
        6975           91
        6976          286
        6978         9161
        6986           46
        6988          158
        6991          783
        6992         1905
        6997         3044
        6999         2156
        7001         1351
        7003         1028
        7004         3825
        7009         8293
        7010         3923
        7011         9376
        7012         2311
        7014         2222
        7015           73
        7016         4703
        7018         6245
        7024          254
        7025          134
        7039          487
        7045         1477
        7046         9036
        7047           63
        7052         1483
        7057         2553
        7062          110
        7063         7056
        7065         3799
        7067          488
        7068         1902
        7072         6016
        7074           32
        7076         5415
        7087         1170
        7097         3913
        7098          121
        7103            0
        7104          246
        7105          187
        7110         6412
        7114            0
        7130          109
        7134         8680
        7138         1997
        7144          276
        7150           87
        7154         2794
        7155         2147
        7157         2215
        7161         3034
        7162           73
        7165         3439
        7167           16
        7168            6
        7171         1052
        7172         3030
        7173          806
        7183          617
        7188            7
        7190         2568
        7198         2338
        7201          232
        7209          358
        7211         1591
        7212         2801
        7218         9236
        7224          812
        7226         1627
        7230          292
        7234          273
        7235         6656
        7243           15
        7245          312
        7249            6
        7253         3162
        7255           76
        7256           45
        7257          119
        7263         4266
        7264         2864
        7268          223
        7270           10
        7276            0
        7283         3740
        7286          462
        7288          397
        7290           46
        7291          187
        7301         4276
        7306           27
        7313         1563
        7316         3792
        7325         4383
        7330           24
        7334           39
        7337          278
        7339          119
        7341         1627
        7351         1699
        7353         4007
        7354         4331
        7355         1935
        7356         4743
        7362          565
        7381           32
        7383         6528
        7384         2794
        7388         2919
        7391           81
        7392         8378
        7404         1490
        7405         2868
        7407           72
        7410         4043
        7432         4806
        7433         7323
        7435           17
        7450           46
        7465            4
        7468          154
        7479            0
        7480         2298
        7481         2580
        7485            1
        7487          750
        7489          934
        7491           34
        7494          376
        7496         1722
        7497         7076
        7499         7867
        7502           61
        7508         4922
        7525          114
        7526         1700
        7528         1041
        7537         5454
        7542           28
        7544          232
        7556          904
        7558          123
        7565          672
        7571         1244
        7572           42
        7573         8705
        7577          252
        7578          177
        7581          605
        7593          836
        7595         3452
        7601           44
        7602         5729
        7604         1215
        7612          161
        7624          872
        7627         2841
        7635           90
        7640           37
        7643         3594
        7645          691
        7650          108
        7656         2873
        7657         5301
        7663         1095
        7666         2603
        7669          819
        7670         1078
        7672          414
        7677         7665
        7681         7876
        7682          109
        7685           29
        7686         1615
        7691           34
        7696          223
        7699          451
        7703           67
        7708         4452
        7711         4027
        7712         3057
        7715         2505
        7726         3418
        7730            6
        7734         1081
        7735           61
        7739          237
        7746          107
        7758          712
        7763         1102
        7771          292
        7779          160
        7789          223
        7792         1551
        7799          246
        7802           25
        7807         7139
        7810           39
        7815         3370
        7817          983
        7822           18
        7825          588
        7827            0
        7829          114
        7841         2660
        7846          588
        7850         1328
        7858         5804
        7863            9
        7869         2428
        7873         3438
        7874          831
        7895          283
        7899         2487
        7902         3484
        7908         1779
        7915          403
        7919           25
        7929           73
        7930           22
        7934           67
        7941          154
        7955            1
        7967          933
        7971         1434
        7973         5658
        7974         5494
        7988         1763
        7990          150
        7994         1626
        7996            0
        8004           39
        8010         1412
        8011         9341
        8023         8072
        8031           27
        8032            1
        8034           41
        8043         2978
        8056           63
        8057         8159
        8058           16
        8067          618
        8070          371
        8073            3
        8075          162
        8077         2281
        8080           10
        8089           36
        8090           66
        8091         8080
        8092         1905
        8097          237
        8098         1477
        8103          402
        8107          868
        8109          248
        8112           22
        8116         9322
        8119          187
        8121           63
        8122          348
        8123         1030
        8125         5777
        8127           80
        8130         1414
        8132         4742
        8150          423
        8151            0
        8152         3269
        8156         3169
        8166           81
        8169          370
        8170         2417
        8175          291
        8179          187
        8181         6442
        8183           30
        8187          113
        8198         2599
        8206           16
        8207           73
        8210         1229
        8211         8189
        8216           35
        8221          995
        8226          718
        8227          102
        8235            2
        8243          538
        8251         4986
        8253         4217
        8255         1129
        8256          100
        8258            2
        8260          451
        8262         6400
        8265         2690
        8273         1700
        8286           17
        8309           11
        8310          246
        8317         2217
        8327         7720
        8329           16
        8334         1261
        8337           11
        8338          406
        8345         4788
        8352          531
        8363          276
        8368         1336
        8369          273
        8371          462
        8378         3512
        8393         3566
        8409           87
        8418          975
        8425          113
        8429         8738
        8435           18
        8437         6285
        8440         1479
        8446         3431
        8452         3684
        8453          105
        8470         1520
        8481           58
        8484            3
        8485          516
        8495          299
        8496          162
        8502         6953
        8503           10
        8505          128
        8510         7696
        8514         3742
        8518           49
        8519         3285
        8538          930
        8548          771
        8550            3
        8556           44
        8563           24
        8564           28
        8589           76
        8592         2133
        8599         3780
        8612         4061
        8622          782
        8629          781
        8635         2621
        8636           13
        8653         9164
        8658         2594
        8664            0
        8671         1510
        8674          588
        8681          124
        8694          246
        8707            7
        8712          398
        8718         5845
        8728          621
        8733            0
        8742         6838
        8751          414
        8752            1
        8763          426
        8764           86
        8765          122
        8766          503
        8772         2338
        8776         2156
        8781          678
        8782           79
        8783         3009
        8786          507
        8787         1042
        8795           73
        8796           18
        8805          350
        8807           63
        8808         2354
        8824          325
        8835         6601
        8837         1132
        8840         1431
        8843           46
        8844          693
        8851          179
        8855           59
        8861         2884
        8872         4608
        8873         9548
        8875           61
        8876            2
        8877         1530
        8878         7221
        8880         2347
        8882          879
        8887         4617
        8893          159
        8911          849
        8923          393
        8924         1529
        8925          288
        8927         1440
        8940         6323
        8948          846
        8956           42
        8967         1446
        8971         5067
        8980            0
        8981           66
        8989          941
        8992         3570
        8996         1578
        8997          102
        8999         9329
        9001          317
        9004          245
        9008          658
        9009          319
        9011          311
        9012            1
        9024         3843
        9025         4266
        9026          393
        9034            2
        9035         1115
        9042           15
        9047         1166
        9051          398
        9053         3152
        9057          321
        9070          732
        9084         3478
        9099          888
        9100            1
        9102          390
        9109          571
        9111           40
        9125         2213
        9128         2075
        9138           16
        9142          105
        9143          321
        9151            2
        9152         1305
        9159          815
        9172         1373
        9180          545
        9181         5384
        9185           40
        9186         7152
        9187            5
        9188         1091
        9196         7078
        9202         1305
        9204           40
        9214          237
        9219           60
        9223         1700
        9233          113
        9238         3177
        9243          294
        9248           42
        9249          760
        9253         4532
        9254          416
        9259         1162
        9281          847
        9283          786
        9292            0
        9295          475
        9300         5685
        9303          256
        9305         1800
        9317          161
        9321          295
        9341         2679
        9344          500
        9348         2623
        9351         2193
        9353          190
        9375          427
        9380            0
        9384          888
        9389            0
        9390          867
        9394         1328
        9395           35
        9406          421
        9413         7735
        9414          431
        9415         6572
        9423          289
        9430         5158
        9433         4127
        9436          142
        9440            0
        9447            7
        9473         9223
        9482          494
        9510           66
        9535          190
        9540         3793
        9542         2920
        9554         5198
        9557          228
        9563           44
        9568         2190
        9586         4922
        9595          524
        9602          720
        9607         5986
        9609          509
        9615         4435
        9616         3723
        9620          199
        9621         4891
        9624          647
        9625          202
        9629         8478
        9635         1761
        9649         2440
        9655         2300
        9663         1049
        9664         2178
        9667          355
        9676           46
        9680         5645
        9681         1522
        9683           18
        9697           42
        9699          487
        9726          392
        9733          254
        9743           46
        9755         6977
        9764          195
        9780            5
        9790          177
        9796           69
        9800         1265
        9809          859
        9821         4026
        9832         6313
        9837          751
        9841         3327
