# HaloID(1) HaloID(2)
           0            0
           1            1
           2            2
           3            3
           4           99
           5            5
           6            6
           7          592
           8            9
           9            7
          10          156
          11           11
          12          244
          13           14
          14         2920
          15          958
          16           17
          17           72
          18           19
          19          790
          20          588
          21            0
          22           34
          23         1544
          24         2024
          25           25
          26           36
          27          172
          28           28
          29          586
          30         1196
          31         1093
          32          535
          33           48
          34            3
          35          142
          36          117
          37         2751
          38         6168
          39           94
          40           39
          41           44
          42          427
          43           42
          44          108
          45           43
          46          204
          47           47
          48         1509
          49           46
          50         4567
          51         1089
          52           52
          53         2095
          54         6210
          55         4270
          56           56
          57         4521
          58           58
          59          272
          60          813
          61          523
          62           62
          63         8470
          64          397
          65          413
          66          244
          67         4042
          68          291
          69           70
          70         7685
          71         1259
          72         7350
          73           99
          74          483
          75         1624
          76         1222
          77         1235
          78         1291
          79         5465
          80           79
          81         4100
          82         2735
          83         3461
          84         2523
          85         1258
          86         1495
          87          350
          88         6818
          89         5127
          90         2502
          91         1629
          92         4568
          93          518
          94         2125
          95           97
          96         3072
          97          710
          98          454
          99         2856
         100         3562
         101          102
         102         6650
         103         8071
         104         2960
         105          881
         106         2059
         107          897
         108         2222
         109         2310
         110          200
         111          172
         112          111
         113          578
         114          115
         115         1698
         116         4295
         117          165
         118         1016
         119          122
         120          435
         121          375
         122          407
         123           38
         124          244
         125          375
         126         1327
         127          809
         128         6219
         129         5411
         130          133
         131          196
         132         3333
         133          136
         134          191
         135         4617
         136           85
         137         4917
         138         1704
         139          229
         140         3695
         141          148
         142         1642
         143         5100
         144         7104
         145          785
         146         5430
         147          599
         148           34
         149         1355
         150          153
         151         9044
         152          518
         153          210
         154          682
         155         4723
         156         2894
         157          160
         158          836
         159          205
         160         2211
         161          167
         162          154
         163          454
         164         5166
         165         1397
         166           31
         167          915
         168          171
         169          875
         170         2185
         171          181
         172         2846
         173            0
         174         3392
         175         7818
         176           93
         177         7919
         178         2712
         179         5328
         180         2183
         181         2569
         182         4643
         183         7083
         184         1195
         185          182
         186          950
         187           69
         188          190
         189           46
         190            4
         191          717
         192         5027
         193         1796
         194         2477
         195          397
         197         6549
         198         2690
         199           64
         200         3806
         201         5892
         202         6276
         203          877
         204         3733
         205         7452
         206         2361
         207         1474
         208          539
         209         3256
         210         5392
         211         2728
         212           31
         213          966
         214          176
         215         2359
         216         1303
         217         1376
         218         2470
         219         1035
         220         8597
         221         2642
         222          178
         223         1838
         224         6922
         225         6107
         226         9628
         227         9156
         228         3246
         229          717
         230         6254
         231         6797
         232           11
         233            2
         234            0
         235         7598
         236          242
         237           92
         238         3173
         239          442
         241          606
         242         3116
         243         1689
         244         4930
         245         2113
         246           95
         247         2656
         248           72
         249         3330
         250         1149
         251          163
         253         2567
         254          356
         255          788
         256          178
         257            7
         258           90
         259          925
         260         1334
         261         3622
         262         4644
         263         3334
         264         2948
         265         5313
         266          271
         267          486
         268         4708
         269         3200
         270          560
         271           48
         272          228
         273         7681
         274         7730
         275         2833
         276          429
         277         1552
         278         1015
         279          246
         280         1078
         282          676
         283         6725
         284         5407
         285         1046
         286         2588
         288          707
         289         6288
         290         2218
         291         1046
         292         5430
         293          726
         294          192
         295         6997
         296         1733
         297          117
         299            0
         300          849
         301          301
         302          244
         303         8945
         304         5479
         305         4585
         306          513
         307         2664
         308         9523
         310         2211
         311         7459
         312          309
         313          138
         314          301
         315           78
         316          316
         317          351
         318         3477
         320          250
         321         6638
         322           15
         323           20
         324         3476
         325            7
         326          885
         327          495
         328          155
         329           97
         330         7825
         331          685
         332         3002
         333          987
         334          339
         335          383
         336         5308
         337         1472
         338          214
         339          536
         341         2226
         342          360
         343           34
         344         4760
         347         5698
         349          235
         350          167
         351         4141
         352         1822
         353         1768
         356         7620
         357          935
         358          178
         359         7091
         360          414
         361         3146
         362          964
         363          239
         364          720
         365          358
         367            1
         369         8795
         370         2634
         371         9545
         373          211
         374          788
         376          314
         377           11
         378           29
         379          795
         380         1804
         381         2171
         382         2111
         383         4438
         384         3516
         385         7410
         386          314
         388          914
         389         8798
         390         4033
         391         2386
         392         1569
         393         9270
         394          394
         395         2024
         396         3361
         397         2004
         398         1085
         399         1544
         400         1975
         401         1973
         402          661
         404         7880
         405          292
         406         2881
         407         2644
         408         5903
         409          359
         410          168
         411         2245
         412         1573
         413           48
         416          414
         418         1115
         419         1944
         420         7757
         421         5739
         422         2164
         423         3413
         424         9594
         425          598
         426         1284
         427         4892
         429         2241
         430         4886
         431         5035
         432          351
         433         1449
         434           34
         435         2341
         436         4410
         437         1813
         438         2323
         439         6311
         440          787
         441         3768
         444         6704
         445          307
         446          717
         447          447
         448         1844
         449         7692
         450         3391
         452           32
         454         9540
         456          127
         457          811
         458         6925
         460         7050
         461         3662
         463         7500
         464           23
         465         3909
         466         5787
         467          942
         468           27
         469         2584
         470         6862
         472          959
         473         2161
         474           35
         476         8040
         477           87
         478          160
         479         1233
         480           98
         481          427
         482         2927
         483         3196
         484         1410
         485         2275
         486          491
         487          235
         488            0
         489           34
         491         3039
         492          404
         493         8437
         494         3267
         495         1149
         497          848
         498         6522
         499           17
         500          117
         501         1494
         502         5166
         503          929
         504         6360
         505         1139
         506          256
         507         8128
         508         5038
         509           70
         510         2744
         511           28
         512         6467
         513         2022
         514          251
         515         3575
         516          244
         517         1689
         518          270
         519           34
         520          521
         522         1017
         524         1457
         525          876
         526         4725
         527         1252
         528          579
         530           34
         532          303
         533          202
         534            0
         535         1836
         536           62
         538          540
         540          102
         541          238
         542           14
         543            5
         544         6514
         545           45
         546         1956
         547         1753
         548         1638
         549           93
         551          223
         552          331
         553         3790
         554          117
         555            0
         556            2
         558         7533
         559         1711
         560         1630
         561          171
         562         2083
         563          896
         564         2777
         565         7316
         566         6389
         567         8422
         569          753
         570          401
         571          114
         572          571
         573         8913
         574          508
         575         9263
         576         1699
         577            9
         579          257
         580         3217
         581          590
         583         8988
         584         1934
         585         3844
         586           92
         587           34
         588         1086
         589         6289
         590           71
         591         2920
         592         1574
         593         7212
         594          945
         595         2948
         596         1022
         597         7710
         599           80
         600         9159
         602         1405
         603           62
         604         1603
         606         4351
         608           80
         611          721
         612         3208
         613         3570
         614         1245
         615         1091
         616          290
         617          393
         618         7897
         619         6460
         620         8494
         622         2646
         623          386
         624         9511
         625          801
         626         4232
         627         6064
         629           94
         630          633
         631         2410
         632           70
         633           30
         634          229
         635         6553
         637          632
         638           80
         639         4069
         640         3091
         641          474
         642          441
         643         1089
         644          594
         645          389
         646         1260
         647         1289
         648          766
         649         3034
         650           92
         651         6107
         652          687
         653          188
         654         1188
         655           56
         656         1058
         657         2901
         658          679
         659         5163
         660         1497
         661         2141
         663         1636
         665         1359
         666         3801
         667          462
         668          683
         669          188
         670          684
         671         3541
         672         6203
         673         1666
         676         2999
         678           74
         679         2226
         680         1035
         681         2618
         682          662
         683         2975
         684           29
         685           72
         687         6011
         688         8382
         690         2370
         691          480
         692         8072
         693         3137
         695         7090
         696         4042
         697          471
         698          827
         699         1199
         701         1358
         702         5897
         703           73
         704           66
         705          348
         706           48
         709         1129
         710          314
         711          693
         712          708
         713         1437
         714         4270
         716         2002
         717          584
         718          391
         719         7324
         721          131
         722           62
         723           63
         724         3784
         725          730
         728         2751
         729          304
         730           29
         731          881
         732         2318
         733         3421
         734         2842
         737         3439
         738         6645
         739         1168
         740         3911
         742         5564
         744           93
         745          607
         746         1300
         747          211
         748         8664
         750           13
         751         4343
         752          170
         753         7807
         754           41
         755          151
         756          307
         758          310
         759           26
         760         2043
         761         2113
         762          765
         763         6944
         764         2125
         765           63
         766         1620
         768          246
         769          773
         771          139
         773         2395
         774         1042
         775         1100
         779          199
         780          730
         782           34
         783         1770
         784         2014
         786           12
         787          370
         788         4496
         790         4167
         791           12
         792         5668
         793         2431
         794          799
         795          802
         796          132
         797           22
         799          200
         800          270
         801          110
         802          256
         803          662
         804         9642
         806         1914
         807         1259
         808          399
         809         1765
         810          814
         812          244
         813         6455
         814         5424
         815           50
         816         1938
         818         6238
         819          295
         822         2756
         824          228
         825          361
         826         1847
         827         7071
         828           12
         829         3932
         831            4
         832          172
         833         5680
         834         9426
         835         1286
         836         3165
         837          188
         838         5707
         840          251
         841         1955
         842         4645
         843         7517
         844          328
         845           44
         846         2933
         847         1667
         848            1
         849         5336
         850          857
         851         3852
         852          244
         854         6889
         855         1089
         856          598
         857          859
         858         2459
         859          728
         860         5809
         861          862
         862         6712
         863          876
         864         1348
         865         1716
         867         5192
         869          144
         870          217
         871         3165
         872          332
         874         1564
         876            0
         878          530
         879         5562
         882          826
         883         6009
         886         2487
         888          244
         889         7362
         890         1833
         891         3209
         892         3190
         893         2267
         894          272
         896           10
         898          887
         900         3345
         903         4449
         904          100
         905         3490
         906         8600
         909           18
         910         5936
         911         7591
         912         9536
         913          941
         914           15
         915            1
         916         2690
         918         1547
         919         8551
         921         1196
         922         1602
         924         2022
         925         7278
         926         1024
         927           21
         929         3514
         930           54
         931          920
         932         6216
         933         1551
         936         2019
         943         2890
         944         2701
         945          264
         946          130
         947         1307
         948         6073
         949         4191
         952         4013
         953          420
         954         2056
         955           76
         956         1912
         957         1019
         958         6134
         959          962
         960         4421
         961          389
         962         7752
         963          975
         965          577
         967         3992
         970          976
         972         5031
         973         2577
         974         1924
         978            8
         979          563
         980          181
         982         7067
         983          124
         985         9280
         986          248
         989          221
         991         7095
         995          111
         996         3232
         997         2015
         998           61
         999          675
        1000         2602
        1001         7989
        1002          248
        1003         1520
        1004          103
        1005         2445
        1006         1687
        1010         4857
        1011          995
        1012         2346
        1013          269
        1015          357
        1016         4150
        1017         2533
        1018         1020
        1019         3045
        1022         8094
        1023          812
        1024         1058
        1025            0
        1026         3091
        1027         2203
        1028          260
        1029           76
        1031          225
        1032         5556
        1033         2273
        1034         6134
        1035         2158
        1036         1766
        1037         7035
        1038          416
        1040          238
        1041         1381
        1042         1504
        1043          604
        1044         4277
        1046          172
        1047         2405
        1048            9
        1049          136
        1050          431
        1052           92
        1053          622
        1056           17
        1057          426
        1058          149
        1060          105
        1064         2297
        1068          499
        1069         1316
        1070          720
        1071          984
        1072          838
        1074          178
        1075          231
        1077         1729
        1078         6151
        1080          235
        1081         4768
        1083          399
        1084         4113
        1085          387
        1086         1151
        1087         7394
        1088         1148
        1089         3715
        1090         1086
        1092         1792
        1093         2641
        1094         3021
        1095         2107
        1096           32
        1098          285
        1100         1673
        1101           27
        1102          798
        1103          498
        1104         1118
        1106          254
        1107          645
        1109         6445
        1111         2349
        1112          132
        1115         3448
        1116         2869
        1117           51
        1118          540
        1119         1123
        1121         2222
        1123          925
        1124           38
        1125         3657
        1126         1124
        1127           76
        1128          172
        1130         2018
        1132         8301
        1133         4587
        1134         4304
        1135         2846
        1136         4287
        1137         1190
        1139         4819
        1140          861
        1141            8
        1142         4545
        1145         3288
        1146         5078
        1147         2217
        1149         5781
        1150         1038
        1151         2779
        1153         5644
        1154          868
        1156         2624
        1157         2430
        1160           83
        1161         2495
        1162         8069
        1164         4544
        1165          296
        1166          626
        1167          486
        1170           55
        1171         1174
        1173         2605
        1174         2351
        1176          372
        1177         2633
        1178          811
        1184         8341
        1185         1182
        1186           96
        1188         1199
        1190         1447
        1191         2958
        1193          944
        1195         5425
        1196         1194
        1197          878
        1198         3620
        1199           74
        1200         6393
        1203          594
        1206          187
        1207         1333
        1208         2018
        1209            4
        1210         1160
        1211         1419
        1212          606
        1213         1204
        1215          912
        1216          123
        1218         5768
        1219         6108
        1220         4888
        1221         3462
        1224          327
        1225         7383
        1227         1957
        1228          702
        1229          883
        1230          136
        1231          591
        1232         1693
        1233         1197
        1234         7898
        1238         1673
        1239            8
        1240         5818
        1241           73
        1243         2954
        1248          248
        1250          897
        1251         4918
        1252           65
        1253          137
        1254         1261
        1255          145
        1256          158
        1258         3633
        1259         4749
        1261         1158
        1262          594
        1265          139
        1266          701
        1267         5303
        1268         3755
        1269         4244
        1270         5200
        1271         3819
        1272         4937
        1273         4971
        1274          450
        1275         4367
        1276         1606
        1278         2006
        1279          113
        1280         4861
        1281          797
        1284         3255
        1286            0
        1287          235
        1288         5110
        1289           30
        1290          337
        1293         3989
        1294         5388
        1295          221
        1297           41
        1298         7440
        1300         3927
        1301          701
        1302         5956
        1303          151
        1304         5175
        1305          498
        1306         3115
        1307           44
        1309         1319
        1313         8890
        1314         7480
        1315         1427
        1316         7554
        1317         1822
        1318          130
        1319         9402
        1321         3751
        1322         3613
        1323          244
        1325         4477
        1328            0
        1331           74
        1335         1276
        1336         7136
        1337          444
        1338         1540
        1340         6106
        1341         1168
        1344         4514
        1345         1851
        1346         1458
        1347         6479
        1349           59
        1351         1803
        1354          122
        1358         1369
        1359          119
        1360         2484
        1361           53
        1362         1129
        1366         1016
        1367          553
        1371           59
        1373          197
        1374          417
        1375         2810
        1376         3180
        1377         6341
        1378          332
        1381         7123
        1384         2898
        1385          228
        1388         7320
        1393         1393
        1395         3398
        1396         7482
        1401         2598
        1403          385
        1406          518
        1407         1052
        1411         1243
        1413         8384
        1414         5352
        1416         1423
        1418         1419
        1419           18
        1421           44
        1424          308
        1425          171
        1426           65
        1428         5583
        1431         1713
        1432          226
        1433         6564
        1436          369
        1437          266
        1439         1447
        1442         1573
        1444         2068
        1446          737
        1447         1844
        1448          651
        1449         2374
        1450         1331
        1451         4078
        1455         1217
        1456         7216
        1457         5759
        1458          847
        1459          264
        1460            0
        1462         9466
        1464         4987
        1465          966
        1467           96
        1468          172
        1472         3684
        1475         2065
        1477           72
        1479         7275
        1480         3007
        1481          857
        1482         2856
        1483          836
        1484         1847
        1486          328
        1487         1630
        1488         3534
        1489            0
        1491          642
        1492         5915
        1493          362
        1496         3381
        1498         2832
        1500           31
        1501          269
        1503          917
        1504           72
        1505          956
        1506          386
        1507         2298
        1508         1776
        1510         2403
        1511         5112
        1512         9173
        1513          407
        1516          182
        1523          566
        1524           60
        1525         1540
        1526          309
        1527          188
        1530          617
        1531          586
        1532         1016
        1534            9
        1537         5080
        1538          188
        1541         6678
        1543         6370
        1545         1489
        1546         6453
        1548         1724
        1549          244
        1551         3659
        1552         3879
        1553         9649
        1554           72
        1555         3080
        1558          524
        1559         1074
        1560         2919
        1561         1312
        1562          329
        1563         2232
        1564         3427
        1565         5189
        1566         2176
        1567          337
        1569         6263
        1570          739
        1571          395
        1572          450
        1573          646
        1575         8997
        1577          108
        1578         1143
        1579         1396
        1580         2205
        1581          483
        1584           84
        1585          700
        1586         4439
        1587         7354
        1588         7106
        1592         5882
        1595         1592
        1596          593
        1597         3291
        1598          302
        1600         1877
        1601         8051
        1602         1313
        1603          523
        1607         7684
        1608          481
        1609          232
        1610          956
        1611          320
        1612           19
        1614         2702
        1616         5614
        1623          347
        1624          132
        1625          302
        1626         4473
        1631         7480
        1632         3910
        1633         3469
        1634         8301
        1638         2514
        1639         5867
        1642           30
        1643         1646
        1645          278
        1646          327
        1649            7
        1652          269
        1654         2316
        1655          503
        1657         3885
        1658          586
        1660          685
        1662         8330
        1666         1270
        1671          102
        1672         4394
        1673         5430
        1675         3459
        1676         1992
        1677         2307
        1679          205
        1680         8219
        1681          217
        1684         4185
        1685         1119
        1689         1036
        1690          627
        1691         5456
        1693         5268
        1694         7091
        1695          878
        1696         4176
        1697         1866
        1700         1761
        1701         8657
        1702          497
        1703         8897
        1707         5882
        1709         1359
        1711         1722
        1715         8586
        1716          963
        1717         3196
        1718         8600
        1719           27
        1720          284
        1722          133
        1723         4756
        1724          115
        1725           81
        1728          256
        1731           65
        1732          600
        1733         3055
        1734         1722
        1735         1127
        1738         1180
        1739         2902
        1741         3288
        1742           13
        1743         8009
        1744         1757
        1747         8418
        1751         1396
        1752         2174
        1753         1751
        1754         5882
        1756         9586
        1760          826
        1761            0
        1763          120
        1765         3196
        1766         4324
        1770         1857
        1771         2911
        1773          745
        1774          752
        1780         3617
        1781          517
        1784          451
        1785          568
        1789         1509
        1792         3891
        1793         1788
        1795         5644
        1797          145
        1798          966
        1799          498
        1800         3571
        1802         1576
        1803         2405
        1807          132
        1809         6297
        1810          110
        1812          983
        1815         7876
        1816         2277
        1817          891
        1818         1524
        1819         5328
        1820         5201
        1821           19
        1823          101
        1825         1017
        1829         4682
        1830           87
        1831         5995
        1832         4873
        1834           81
        1836          138
        1841         1509
        1843         1002
        1845         3307
        1849         2779
        1854         5165
        1855            9
        1856         1920
        1861          140
        1862         2450
        1864         5689
        1865         5100
        1866         6315
        1868           96
        1869         8371
        1870         6892
        1872         1977
        1874          766
        1875          132
        1877         5198
        1878         5031
        1879          185
        1880            3
        1881         1457
        1885          131
        1886         1096
        1891          700
        1894           28
        1895           72
        1898         7231
        1899         2430
        1900         1696
        1901          278
        1902          310
        1903         2386
        1904           10
        1908         2467
        1910         1140
        1915           55
        1917          318
        1919          123
        1921         6710
        1923         1210
        1924          613
        1925          188
        1927           30
        1931          503
        1933         7468
        1934           87
        1935          162
        1937          188
        1938          114
        1942           43
        1943          331
        1948         3278
        1950          663
        1952          917
        1953         4153
        1954          603
        1955         1610
        1956           15
        1958          248
        1959          935
        1961         9443
        1962         1341
        1963         3632
        1964         2927
        1965            0
        1966         6900
        1969         7570
        1970          122
        1972         2770
        1974         7818
        1975          383
        1976           21
        1977          208
        1980         7571
        1981          727
        1982         1955
        1983          857
        1988         3305
        1989         9219
        1991          595
        1992         1213
        1995         4800
        1996          416
        1997          553
        1998         1033
        1999         5781
        2000          964
        2002         3237
        2003         2719
        2004            1
        2005         1463
        2006          947
        2008           93
        2011         1686
        2012         1162
        2015          143
        2016           49
        2017          124
        2020            6
        2022         7410
        2023         5074
        2025         7714
        2026            1
        2027         7480
        2028         2029
        2032          184
        2035         1301
        2038          962
        2039         5127
        2040          506
        2041          193
        2042         7737
        2046          509
        2050         6020
        2051         1655
        2058          127
        2059         5877
        2060         6771
        2061         4856
        2065         8621
        2066           99
        2067         3097
        2068         5126
        2070           46
        2072         4857
        2076          171
        2077           19
        2078           15
        2079         5962
        2081         1204
        2084          171
        2085          494
        2086         2426
        2093         2506
        2094           50
        2095         7848
        2096         1554
        2097          160
        2098          105
        2099          182
        2100          632
        2102           27
        2103         2067
        2104         3381
        2107         8957
        2108         8926
        2109           76
        2112         2219
        2113          966
        2114         7681
        2115          838
        2116         7208
        2117         3974
        2118          220
        2120         1117
        2121          312
        2122         3209
        2123          524
        2125           65
        2126         6952
        2127         3385
        2128           18
        2129          370
        2131          274
        2136          285
        2138          119
        2140         8534
        2143         5579
        2146         2162
        2147            0
        2150         1524
        2151         1923
        2153         2312
        2154         1150
        2155          750
        2156          941
        2161          788
        2162         2573
        2163         1048
        2164         8121
        2165          664
        2166         2176
        2167         1676
        2168          441
        2169         1661
        2175         4227
        2177         1002
        2179          982
        2180         1030
        2181         2023
        2184          206
        2185          640
        2187          158
        2188         2533
        2189         3218
        2192          113
        2193         4521
        2196           74
        2198         5785
        2200         4029
        2203           64
        2204            3
        2205           41
        2207          614
        2209         1710
        2213          220
        2216         1892
        2217         7214
        2219         1557
        2220          890
        2221          830
        2222          185
        2225         1396
        2226         6244
        2227            0
        2229         1478
        2233          532
        2235         8916
        2236         1995
        2237            8
        2238         3153
        2239           55
        2240          120
        2241         1127
        2243         2618
        2245         7582
        2246         6449
        2247         2605
        2248         1048
        2249          212
        2252          420
        2254          111
        2255          567
        2256         6182
        2262          246
        2264         3481
        2265          150
        2266         6617
        2267         3314
        2273         1445
        2275          181
        2276          197
        2278         4744
        2279           96
        2280         2312
        2281           22
        2283         1463
        2284          145
        2285         7202
        2287         3289
        2288         3767
        2289         1490
        2290         6773
        2292         3261
        2293         4482
        2294         1150
        2295          640
        2297         2533
        2298          383
        2302         5220
        2303         5144
        2305         1196
        2307         2323
        2309         1295
        2310          214
        2313         7633
        2316          557
        2318          534
        2320          629
        2323         8957
        2325         5967
        2326            0
        2327         2349
        2328          145
        2330         5385
        2333         7728
        2334           39
        2336         8903
        2340         1898
        2342          535
        2343          471
        2345         7848
        2347          181
        2349         1007
        2352         1096
        2353          794
        2355           30
        2361            0
        2362         2327
        2367         1861
        2368           38
        2369          101
        2376         7997
        2377          280
        2379          211
        2380          796
        2382          212
        2385          124
        2388         4142
        2390         1092
        2392          165
        2393           66
        2395          158
        2397         5266
        2398           68
        2400         4218
        2402         2060
        2407         1957
        2410         1078
        2411         3283
        2412           39
        2414         3521
        2419         4270
        2420          612
        2422          509
        2425          450
        2429          248
        2431         3080
        2432         1854
        2435          430
        2436         5645
        2438         4276
        2439         3514
        2441         3436
        2443         3663
        2445         4681
        2446          558
        2447         2412
        2449         1974
        2452         4624
        2453         2728
        2454          239
        2455         2615
        2458         4239
        2462         6066
        2463         5244
        2466          229
        2470         2164
        2471         1440
        2473         3617
        2474          286
        2476          147
        2478          124
        2484         9390
        2486         5180
        2487          648
        2490           94
        2491          950
        2494          382
        2495           38
        2497         8483
        2498         5456
        2500         5467
        2502         5900
        2508         8293
        2510         1465
        2511         1026
        2513          910
        2514         1627
        2518         5556
        2520         2497
        2521         4115
        2524           64
        2530         2716
        2531          769
        2533         6248
        2534           63
        2537         2962
        2539         5443
        2540         2503
        2546          242
        2547         2100
        2551         1149
        2552         7509
        2553          821
        2554          634
        2556         5668
        2558           21
        2560         2244
        2561         5323
        2565          830
        2566         2557
        2567           66
        2568           81
        2570         4621
        2571         1421
        2572         1360
        2574         1019
        2575          130
        2576         2346
        2579         5557
        2584         3134
        2585          254
        2586         6177
        2589         2936
        2590         1410
        2591          810
        2592         5429
        2594          138
        2596         1092
        2597         3206
        2600         1072
        2601         5597
        2602          116
        2603         1554
        2604           48
        2610          141
        2611          202
        2613         1898
        2614           30
        2618          608
        2620         2846
        2621          147
        2622          228
        2625         1218
        2626         5259
        2630         1667
        2633         2865
        2637          445
        2638         6966
        2640         3641
        2644          176
        2646         2161
        2647         1326
        2648          318
        2649         3097
        2651          133
        2653           48
        2654           27
        2655         2341
        2656           59
        2660          311
        2661         5103
        2662          883
        2666          746
        2668          627
        2670            2
        2674         2359
        2676         5836
        2678         3285
        2681          233
        2686         1217
        2687           73
        2691           10
        2693           38
        2694          144
        2695         3002
        2696          211
        2697          523
        2699          144
        2701         8577
        2702           48
        2704         1849
        2705         4413
        2708          423
        2715           36
        2718          974
        2719          299
        2721         7482
        2723          332
        2724         1270
        2726         4351
        2727         2049
        2729         2648
        2730            0
        2731         3730
        2736           65
        2738         4666
        2739          715
        2743          265
        2747         1863
        2749         3578
        2752         3329
        2755         4204
        2756         1033
        2758         2061
        2759         2285
        2760         2102
        2768            8
        2770         1161
        2775         2065
        2776           26
        2777          356
        2778         5554
        2779         3379
        2784         4189
        2787          129
        2792         2227
        2793           18
        2800         1088
        2802          602
        2803         6841
        2804         3686
        2806          679
        2808            0
        2809         1158
        2813         8729
        2817           24
        2819         3684
        2822          186
        2825          196
        2828           27
        2831         7275
        2832         2327
        2834         1157
        2836          584
        2837         2360
        2838          360
        2839         2641
        2840         2743
        2842         1461
        2844          895
        2845         5323
        2847         6526
        2849         2474
        2851          557
        2852          819
        2854         4627
        2856         1097
        2858         1319
        2861           24
        2864         2616
        2865           32
        2866         2445
        2870         2309
        2872         1204
        2873         2602
        2875          651
        2876           17
        2877          171
        2878            4
        2879          955
        2882           32
        2883         2142
        2886         1456
        2889          133
        2890         5603
        2891          160
        2892         1023
        2894         2488
        2896         3332
        2898          280
        2904          368
        2906         3761
        2908           33
        2910           87
        2918         3378
        2919         4686
        2921         1107
        2922         4925
        2924         5078
        2925         2915
        2927         2738
        2928          127
        2930         6076
        2932         4818
        2933           85
        2936         4766
        2937         3784
        2938         1110
        2939         3154
        2941          455
        2944          852
        2946         4933
        2947         2900
        2948          114
        2949         2621
        2951          353
        2953         1017
        2956          101
        2959           18
        2963          836
        2964          437
        2966          384
        2967         1785
        2969         1871
        2970         1250
        2973          327
        2974         2014
        2978          111
        2979         2694
        2981          841
        2983         1680
        2987         7246
        2989          623
        2991           13
        2996         1883
        2998         3391
        3000          169
        3001         2002
        3004          312
        3005         9533
        3007          368
        3008           73
        3013         4065
        3018         1301
        3026         1452
        3029           19
        3032         9341
        3033         3529
        3034          566
        3038         1092
        3039          591
        3040           97
        3041          148
        3045          450
        3046          798
        3053         1286
        3058          814
        3059          247
        3060          873
        3062         1005
        3064         3698
        3066         8563
        3070         3079
        3073          499
        3075         3082
        3080         4786
        3082         6336
        3084         5368
        3086         1819
        3089          650
        3092         1907
        3093         3293
        3095         6583
        3096         3513
        3097          133
        3098          520
        3101           25
        3102         7353
        3103          560
        3107          221
        3109         7624
        3110           46
        3112          153
        3113          736
        3114          691
        3115         7521
        3117           77
        3118         4271
        3119            4
        3120         2193
        3124         7704
        3126         7612
        3128          314
        3133         3249
        3135         4064
        3137         1021
        3138          114
        3139         1886
        3140         3512
        3141         2370
        3145         3439
        3146         4928
        3147          221
        3148          192
        3151          917
        3156            3
        3158          116
        3159            0
        3165         8748
        3166         4864
        3168          537
        3170         8586
        3171           48
        3172         3128
        3173           12
        3174          479
        3177          208
        3179         4982
        3181           78
        3185            2
        3187          613
        3192          109
        3196         5510
        3201         2988
        3203            8
        3204         3523
        3206         6517
        3207         4895
        3210         2426
        3212         1202
        3215         5184
        3216         2850
        3218          395
        3224          270
        3225          283
        3226           51
        3229          168
        3230         3373
        3233         3266
        3234          316
        3235          136
        3236         4224
        3239         1704
        3242          106
        3244           33
        3246         4563
        3247         2127
        3249          557
        3252           45
        3254         1280
        3256           95
        3260         5266
        3263          575
        3264         3720
        3265         2207
        3268         3322
        3269         1940
        3270          452
        3273         2731
        3276         1523
        3277           46
        3278         3316
        3281         4413
        3282           56
        3285           81
        3288         7188
        3290          220
        3291         2837
        3293         8754
        3294           42
        3298         3363
        3303          387
        3305           71
        3307         2920
        3311         3379
        3312          132
        3316         1451
        3317          148
        3318          384
        3321         2549
        3322            2
        3324         3312
        3327         3784
        3328           54
        3329         1604
        3332          451
        3333          388
        3334         4564
        3340         1929
        3342         1457
        3345         2587
        3350          665
        3352         1844
        3354         1552
        3358           39
        3360         5747
        3363         2455
        3368          631
        3371         1441
        3372         3368
        3374          368
        3375         6238
        3379            0
        3381           80
        3382          803
        3386          202
        3388         8828
        3395           81
        3398         1423
        3399          368
        3401          349
        3403         5433
        3405         8821
        3409         3889
        3410          949
        3411          352
        3413           87
        3414           55
        3416          154
        3417         9147
        3420           63
        3421            9
        3422         3614
        3426            4
        3429           81
        3431         8275
        3437          863
        3438         2309
        3439         3283
        3442          297
        3444         2958
        3445          530
        3448           95
        3449          588
        3456          147
        3457         2817
        3458          677
        3460         8916
        3461         5683
        3464         1188
        3466         5644
        3467            0
        3471         2646
        3474         1441
        3476         9032
        3479         3766
        3482          145
        3483         1002
        3485          787
        3486           72
        3495         8197
        3496         5024
        3498          272
        3499         7008
        3500          915
        3501         3454
        3502          824
        3504         1200
        3506          568
        3510         8551
        3512           84
        3518         2697
        3519         9050
        3520         1052
        3521          585
        3522          959
        3523          201
        3525         4851
        3528           18
        3529          254
        3530          446
        3531          461
        3535         1586
        3536         9134
        3539          188
        3545         7991
        3546         2308
        3549         2960
        3550         7322
        3557         3093
        3559           29
        3560         3786
        3565         6116
        3566         1935
        3567         3604
        3569         6257
        3570           24
        3572          151
        3575         2563
        3576         6605
        3581         3214
        3582         1090
        3583         5068
        3585         5759
        3588            4
        3590         4483
        3593          537
        3595         3848
        3596           58
        3597           52
        3601         1174
        3603         2157
        3605          855
        3609         2208
        3615          499
        3617          763
        3623          651
        3624         3652
        3625         3548
        3628          328
        3629         1692
        3630         3617
        3632         6616
        3634          483
        3638            1
        3639           19
        3640            1
        3643         1147
        3645           44
        3646         4056
        3647         1955
        3650           67
        3651          108
        3653          696
        3655         5323
        3658         2426
        3659         1733
        3660           57
        3661         2546
        3662         1300
        3664         7566
        3665          270
        3666         1092
        3668         3614
        3670          754
        3673          437
        3674         2901
        3675         2991
        3677         3146
        3678          101
        3680          729
        3685          180
        3688         3073
        3690         8560
        3691         3074
        3693         5005
        3697          612
        3698           87
        3702           85
        3703         2624
        3707         7188
        3709         6508
        3717           85
        3719          223
        3722         6334
        3725           39
        3726         2758
        3727         1476
        3729         6370
        3731         3681
        3732         4453
        3734         6396
        3738         5488
        3744         2364
        3745            2
        3747         2842
        3748         8629
        3753          200
        3754         1200
        3755          850
        3756         4025
        3758         3736
        3759         4819
        3763         1594
        3764         1330
        3769          496
        3771            0
        3774         3866
        3780         7563
        3781          200
        3783         2297
        3784           52
        3787         1750
        3788          280
        3790          849
        3792         6325
        3793            1
        3794         4708
        3795           29
        3798         1815
        3799         1650
        3801           18
        3802         5541
        3803         3670
        3804           27
        3805         2267
        3806         1107
        3812           52
        3816          392
        3818         1445
        3821         3208
        3822         2634
        3830          634
        3832         4645
        3833         2960
        3837         1669
        3839         1214
        3840         6550
        3842          274
        3843         4741
        3844         3577
        3850          245
        3855         4090
        3860          867
        3861          550
        3864           39
        3866         4474
        3867          685
        3868         1609
        3870           48
        3873          268
        3875         5897
        3876           58
        3880         2812
        3881          495
        3885          750
        3887         3310
        3888            9
        3892         6878
        3895         7006
        3896         1552
        3900           75
        3903         9670
        3905         1770
        3912         3385
        3918         8002
        3919         2988
        3922         3651
        3925           67
        3926          603
        3927         1354
        3936          477
        3939          843
        3941         4573
        3948          881
        3949            0
        3952         1404
        3953         7734
        3955          681
        3964            0
        3968         1072
        3970           15
        3972         1261
        3982         9633
        3983          702
        3987         4219
        3988         3324
        3989          169
        3991         3991
        3992         4936
        3993         8177
        3994         1523
        3996         2585
        4000         1405
        4004          330
        4007         5727
        4017           57
        4020           10
        4021           58
        4029         3112
        4030          256
        4032         2166
        4033         1944
        4034          209
        4035         1089
        4036         5796
        4041            4
        4048         1295
        4051         3945
        4052         9333
        4055           60
        4056          104
        4061         1806
        4063         8737
        4066         9556
        4068         4083
        4070          639
        4071          472
        4073         5193
        4079         2467
        4080          997
        4081         4595
        4085          431
        4086          581
        4090          101
        4091         3831
        4098         7286
        4104           61
        4105         2060
        4106         6286
        4107           31
        4112         4678
        4113          203
        4114           41
        4116            5
        4117         1286
        4118         7828
        4124         1495
        4125         4776
        4128         1313
        4132          181
        4136            2
        4137          787
        4139         2655
        4142          343
        4143         1588
        4145          153
        4147         1985
        4148           15
        4150          386
        4160         5643
        4163         1946
        4168          642
        4171          182
        4172           52
        4176          107
        4177         2370
        4180         6666
        4183          444
        4184          103
        4189            2
        4190         1046
        4191          115
        4194         5136
        4195         1580
        4204         7835
        4207          438
        4211         1440
        4212         3354
        4214            3
        4217           62
        4218           20
        4221           45
        4224         2036
        4225         4239
        4226         6572
        4227           89
        4228         1736
        4234         3003
        4235          678
        4240          890
        4241         1085
        4242          731
        4243          447
        4246         3452
        4247         1304
        4251           10
        4255         2112
        4256         4531
        4260         3138
        4262         1823
        4263          478
        4265          936
        4266           72
        4267          609
        4268         2713
        4270         2410
        4276         4620
        4281           72
        4284          148
        4293           17
        4294          297
        4298          122
        4299          320
        4304            2
        4313          266
        4320           27
        4322           84
        4324         1238
        4326           21
        4328         3098
        4330         1558
        4332         1946
        4333         8890
        4334            0
        4336           30
        4337         2312
        4340         1265
        4341            9
        4346          295
        4353          302
        4354          136
        4360         2315
        4362         2415
        4364         8063
        4377           55
        4383          328
        4384          324
        4389          390
        4390         4381
        4393         1151
        4395          419
        4398          364
        4399         1929
        4407           43
        4410          532
        4412         4093
        4413         2218
        4417         3301
        4418         2613
        4426          551
        4429          568
        4431         3375
        4432           83
        4433         2141
        4434         3830
        4435          153
        4439           14
        4442           56
        4445         1047
        4447         3361
        4455         6629
        4456         1285
        4464          209
        4465           57
        4469         2911
        4471          287
        4477         1165
        4478         1300
        4479         5241
        4483           94
        4484           37
        4487           54
        4491           59
        4493         5323
        4495         7255
        4500           90
        4503            9
        4505            1
        4513         3462
        4514          108
        4519         2624
        4520          144
        4522            6
        4523         2946
        4528         1820
        4531            7
        4533          158
        4535           15
        4539          548
        4540          808
        4541         5930
        4554           82
        4555          460
        4557          824
        4558          379
        4562         2722
        4563         2975
        4565           42
        4566         8746
        4567          230
        4568         1998
        4570         1284
        4578         1069
        4580         4560
        4582         8149
        4588          208
        4589          833
        4591           82
        4592           41
        4594         2271
        4600          174
        4601          750
        4603          267
        4608         6545
        4609         4897
        4612           19
        4614           36
        4619           40
        4621         1288
        4622         7165
        4628         8672
        4633          671
        4634         7746
        4635          471
        4639          361
        4640         2969
        4641         3172
        4642         3935
        4643         1655
        4647            8
        4653           46
        4658          318
        4661          575
        4669         2429
        4671          708
        4672          618
        4675          633
        4676         1086
        4678          951
        4680         5368
        4681          841
        4682            5
        4685         8665
        4692         1805
        4694         6543
        4698         2857
        4700         2699
        4703          141
        4706          258
        4707          158
        4713         3540
        4714         1804
        4717          288
        4720         5318
        4721         3314
        4722         2579
        4726          755
        4728         4639
        4729         2555
        4731         3247
        4734         8494
        4749         4987
        4751          189
        4753         6377
        4755         3375
        4763          286
        4765         1619
        4771           14
        4776         1116
        4777         1807
        4778           30
        4784         1095
        4785           55
        4786         7396
        4789         4823
        4793           50
        4797         2768
        4800         1092
        4801          765
        4802           19
        4803           68
        4810         1493
        4812         2925
        4818            0
        4820          148
        4823         1517
        4825         3829
        4827         2601
        4831         3456
        4832          823
        4834          338
        4835          328
        4839          852
        4840          823
        4843          307
        4846         2524
        4855          970
        4861         1943
        4862         1136
        4863            5
        4864         1680
        4866          318
        4882         5318
        4883           18
        4884         2798
        4886         6567
        4888         1415
        4889         5443
        4892          550
        4893          207
        4896          148
        4898          153
        4899          265
        4909         1169
        4912          377
        4918         6606
        4920          464
        4923         3434
        4927            0
        4931          766
        4933         6286
        4935         3525
        4938         5798
        4939         1857
        4943         3859
        4947          153
        4948         3073
        4951         4325
        4952          250
        4960          479
        4962         6641
        4964          165
        4965          200
        4966         1117
        4971            0
        4972           65
        4975         2726
        4979         5393
        4986         3711
        4987          248
        5001         2849
        5004         1023
        5007         2706
        5014          299
        5015           83
        5021         1548
        5023         1179
        5027           78
        5028         2087
        5036         6090
        5039          161
        5041         4299
        5043         3043
        5044          345
        5045         3266
        5048         3554
        5049         3373
        5051         4753
        5056         3125
        5057          497
        5064          312
        5074          640
        5076         1716
        5083          120
        5086         6936
        5088           19
        5089         1688
        5090           30
        5094         1048
        5096           29
        5098         6185
        5099          841
        5104         1151
        5105           15
        5107         3868
        5127         3546
        5134          209
        5137         1988
        5138         3719
        5139         1907
        5141         9330
        5142         1214
        5144          984
        5146         1544
        5148          711
        5149         4665
        5153         2680
        5154          290
        5158         1640
        5159            0
        5161         2642
        5163         2845
        5171            0
        5174         3069
        5179         7829
        5184          105
        5189         2601
        5195         2360
        5203         3079
        5206         1384
        5211          645
        5213         1820
        5215           37
        5220          372
        5222          755
        5228         5767
        5229           14
        5235          640
        5237         1664
        5241         8344
        5250          395
        5252         1568
        5258          708
        5262          481
        5265           43
        5270           29
        5280         1135
        5284          704
        5285           10
        5289         1553
        5290         4295
        5295         4814
        5299          184
        5302         1820
        5305          550
        5311            5
        5314         8600
        5315         5068
        5317            1
        5318          466
        5322          283
        5327           85
        5328          686
        5329         2347
        5332           81
        5335         4321
        5339         1753
        5342           41
        5344            0
        5345          288
        5347         1178
        5349         2722
        5350         9693
        5356            0
        5362            3
        5364           10
        5367         6357
        5369          763
        5371           27
        5374         4403
        5376         8641
        5379         1006
        5380         5148
        5385         1127
        5386          555
        5391         2587
        5394         2908
        5404           83
        5409         1646
        5410          137
        5411          421
        5414           85
        5422          859
        5427         1904
        5428         4665
        5429           43
        5432         1492
        5445         5326
        5453         5588
        5456            0
        5457         2804
        5459          329
        5462         1299
        5464          120
        5465         1604
        5467         5472
        5471         3050
        5476         2434
        5478          605
        5480         4627
        5494          114
        5495          133
        5498         2148
        5501         2892
        5505         1343
        5506         8657
        5508         5829
        5511         2954
        5514          280
        5516         5736
        5521            3
        5524          269
        5525          675
        5527         6480
        5535           32
        5538         1677
        5542           82
        5543          777
        5549          924
        5552         3417
        5553            4
        5556          181
        5561         1333
        5562          814
        5564          114
        5569         3829
        5570          448
        5573          491
        5574          734
        5580          597
        5581         3209
        5583         2216
        5584         3867
        5585         1295
        5589          443
        5591         1180
        5594          111
        5595         2616
        5600          120
        5604         1826
        5605         7561
        5608         1023
        5609          331
        5614         5656
        5618          506
        5620           14
        5624         8691
        5625         1595
        5628         2108
        5632          680
        5637         6902
        5638           14
        5642         4731
        5643           17
        5647         7223
        5649         2112
        5650          175
        5651          821
        5653         1663
        5656           64
        5662          540
        5667         2556
        5670           79
        5671         3351
        5675         2555
        5676          136
        5685          542
        5688           39
        5692           16
        5693           55
        5695         3576
        5696          736
        5701         8052
        5703         8505
        5707         3683
        5709         7804
        5716         1913
        5726          170
        5729           21
        5730            1
        5735         1588
        5738         1355
        5739          145
        5740         1059
        5748           89
        5749          760
        5750           14
        5751          182
        5754          354
        5756         2634
        5757           35
        5759         2945
        5761         5806
        5762         2216
        5764          950
        5766          350
        5768         6185
        5769         4227
        5772            0
        5775         1295
        5776         2084
        5777         2630
        5781          147
        5784          260
        5787         3191
        5792          760
        5798         1003
        5799          981
        5801         4587
        5803          890
        5805          951
        5806            1
        5812         1660
        5813          297
        5814         4521
        5815         2323
        5819          621
        5821          472
        5822         3024
        5828           83
        5833         1385
        5834          101
        5835          147
        5837          132
        5839           14
        5848          766
        5861         1430
        5866          263
        5868         6154
        5870         6439
        5872          379
        5874            4
        5879            4
        5882         2444
        5885         1878
        5887            6
        5888          712
        5899           32
        5907          263
        5908         3673
        5909          111
        5913         2284
        5914           26
        5920         4302
        5921         3523
        5922          675
        5924         1836
        5934          413
        5942          615
        5956          557
        5968          903
        5977         7681
        5982          160
        5983          410
        5987          651
        5997         2129
        5999         1902
        6000         1058
        6001           66
        6002         8256
        6004          853
        6013         1285
        6017          328
        6022         5928
        6023         2664
        6024          845
        6026          412
        6028          148
        6031         5625
        6039         1922
        6041          597
        6042          714
        6043         4879
        6044         7415
        6052          101
        6054         8182
        6055          987
        6056          458
        6057          799
        6062          142
        6064          839
        6067          364
        6082         2413
        6085            7
        6093          763
        6102         3671
        6104          148
        6107          545
        6113         3595
        6115         2216
        6116         9256
        6123          739
        6125           19
        6128          211
        6130         6270
        6135          461
        6139          540
        6142         2506
        6150         3758
        6152         2060
        6154          474
        6156         2018
        6159         6133
        6165         1848
        6168           84
        6177         6259
        6181         2429
        6182          177
        6183          451
        6189         5880
        6193           29
        6204         5822
        6206          630
        6208          188
        6211          597
        6212         2078
        6214          733
        6215           26
        6218            0
        6222         1763
        6225         1068
        6226         1494
        6227         5781
        6232          221
        6236         2969
        6238         5665
        6247         1151
        6254         6605
        6257           79
        6268         1095
        6269         7258
        6272          538
        6273         7496
        6282          457
        6291           61
        6293         5256
        6296           14
        6299         4889
        6305            0
        6308         3129
        6311           30
        6318           60
        6321          836
        6325         1388
        6328         7832
        6330          438
        6333         2050
        6337           13
        6339          986
        6348           24
        6349         4465
        6351            4
        6356          302
        6357         3227
        6361         3314
        6367          836
        6371          598
        6376         2485
        6379         2938
        6380         4730
        6381           59
        6383         5609
        6392         5219
        6395         4641
        6401         1734
        6402          395
        6404         4197
        6413          871
        6420          254
        6421         2258
        6422         1558
        6426         1606
        6432           18
        6440          132
        6445          384
        6446          197
        6449           72
        6450         2329
        6452         7683
        6455          903
        6457          284
        6458         6355
        6460          263
        6461         7191
        6462          913
        6463          311
        6466          148
        6468         1239
        6470          250
        6473          984
        6479          226
        6480           84
        6487          859
        6489          223
        6494          948
        6497         7935
        6500         6308
        6505          160
        6509            0
        6515         3588
        6520           15
        6523          863
        6525          704
        6531         9023
        6532          113
        6540         1299
        6541          540
        6543         5884
        6547           53
        6552         4550
        6553         1620
        6555         1308
        6561         1753
        6562         4610
        6565         1861
        6566          559
        6577         3149
        6581           61
        6588            6
        6594         5783
        6596           56
        6598         7152
        6601         3314
        6605          347
        6606           47
        6610         5289
        6614         3529
        6617         1506
        6624          191
        6625         6592
        6629         6589
        6633          509
        6643         2898
        6648         2207
        6649         1651
        6652           16
        6653           50
        6657          301
        6664           79
        6665          879
        6668         6649
        6674            2
        6676         2320
        6678         3544
        6680          544
        6683         1403
        6686         2059
        6692          180
        6693         4595
        6694            0
        6711         1108
        6718         7750
        6719         3156
        6721         1554
        6722           21
        6724            6
        6726         1785
        6727         6388
        6737         3512
        6741           37
        6742         1582
        6754          446
        6758          209
        6762           24
        6769          252
        6771          299
        6772         1383
        6778          514
        6782         2030
        6787           66
        6789         1431
        6796         5126
        6806          114
        6807            8
        6813         2910
        6815         7080
        6817           45
        6824         1282
        6828           32
        6829           54
        6830          113
        6831          861
        6840         3796
        6841         2206
        6868         6799
        6875           30
        6878          372
        6885         6174
        6892          533
        6896         1669
        6898         5556
        6899          113
        6901         1688
        6902          245
        6906         3301
        6907         7731
        6909            0
        6919          985
        6921          851
        6931         6821
        6934           45
        6935          451
        6936           53
        6950          184
        6956          632
        6960         9090
        6961          320
        6962         2676
        6963           37
        6964          360
        6965          910
        6967         2398
        6971          812
        6979          162
        6983         1678
        6992           53
        6994            1
        6999          302
        7003         5189
        7006          242
        7008          272
        7012         3287
        7013          290
        7014          805
        7017         2346
        7022            0
        7023         6830
        7028           18
        7034         7628
        7035          755
        7036           72
        7037         2664
        7046          113
        7049          686
        7054          921
        7058         8966
        7064            0
        7066         5136
        7073            0
        7074         1929
        7075          437
        7076         5421
        7080         1390
        7085         2621
        7086         4687
        7091          106
        7093           91
        7097          995
        7102           11
        7103          201
        7104         2806
        7107         1150
        7108         1848
        7110         2989
        7114            0
        7124         2713
        7126          571
        7127         1540
        7128           95
        7135          389
        7149          972
        7150            0
        7151          746
        7158         4550
        7159         3098
        7162          219
        7164          564
        7172            4
        7185          508
        7188         4337
        7189           28
        7191         4321
        7193           50
        7195          704
        7196         3075
        7197           15
        7206         4640
        7207           60
        7208          167
        7212         1954
        7221          153
        7222           17
        7223         7961
        7224         1930
        7236         1219
        7238          950
        7239         1833
        7242          914
        7248            5
        7250         1943
        7261          389
        7264         9273
        7273          302
        7276           52
        7285         1200
        7292            0
        7295          517
        7298         1177
        7299         6109
        7311            0
        7316          797
        7327          161
        7331         1718
        7333         5665
        7334          822
        7344         1267
        7346          828
        7356         7232
        7359         1516
        7363          100
        7364         2033
        7366          335
        7367         5891
        7371         3011
        7375         1923
        7377           15
        7378          671
        7381         3658
        7383          451
        7394           40
        7396          461
        7398            0
        7402         1020
        7406         1538
        7408         2207
        7421         3377
        7427         3375
        7433          287
        7436           32
        7437          412
        7440           59
        7444          521
        7447         1032
        7459         3885
        7468          193
        7470          205
        7471          389
        7474          241
        7475         5191
        7476         2346
        7479          750
        7483          272
        7485          250
        7491         4824
        7497         6099
        7498         1238
        7499          633
        7501           66
        7510          304
        7513            4
        7514          786
        7515         2210
        7529         2371
        7534          655
        7536         4390
        7539           19
        7541          458
        7553          261
        7561         2172
        7577         1238
        7578          161
        7581           10
        7594         4967
        7599         3894
        7602           10
        7615         8493
        7620         6589
        7622            0
        7627         2444
        7635          106
        7637          597
        7639            0
        7645         1728
        7647         1686
        7649          833
        7655         5034
        7657          251
        7661           59
        7663          127
        7666            0
        7671         7497
        7677           62
        7685            1
        7688          715
        7694         3139
        7697          572
        7699          122
        7706            0
        7710          183
        7713         2655
        7714         1343
        7719           89
        7724         5084
        7727         1003
        7729         2292
        7734         1857
        7737         4175
        7743          614
        7746           57
        7753         3760
        7758         3134
        7767          127
        7768          225
        7771         4681
        7779         2420
        7787           73
        7790          736
        7792         1302
        7796          200
        7801            1
        7806           63
        7814            5
        7816           57
        7817          225
        7819          193
        7821         4034
        7824         1116
        7826          129
        7827         1774
        7828          110
        7829         8987
        7833         1477
        7837         1213
        7845         1841
        7857          161
        7860         1655
        7862          221
        7866         5605
        7871         3666
        7874         5375
        7875           65
        7882           21
        7888          736
        7894         3431
        7899           74
        7903            0
        7904         3093
        7906          454
        7909         4083
        7916         1116
        7918         1177
        7919            0
        7920           48
        7923         1977
        7927         1705
        7935           23
        7940          642
        7949          260
        7954         6529
        7958          445
        7959         6429
        7961          443
        7962           41
        7964         3652
        7967            3
        7972          332
        7977         3704
        7978          165
        7983          599
        7988           72
        7993         3345
        7996          614
        8002          553
        8005           57
        8009         3674
        8010          430
        8013         5249
        8015            0
        8027          736
        8043         6975
        8047           56
        8053          674
        8060          442
        8062         5375
        8068         1541
        8072          174
        8076         6858
        8078            2
        8080           65
        8085         2501
        8090         1664
        8092         8072
        8094         1529
        8095         4086
        8099            1
        8127         2443
        8131          272
        8136          312
        8141         8269
        8155         1664
        8158         1043
        8166         1683
        8168         1202
        8172         3348
        8175         4605
        8180         1996
        8181          420
        8184          540
        8188           61
        8201           40
        8204         1677
        8205            0
        8210         2152
        8214         4933
        8215          113
        8223         1687
        8228         1249
        8238         2876
        8239         7498
        8243          340
        8248          773
        8251          165
        8253         6582
        8255          582
        8260         5978
        8269         2839
        8270          110
        8275          548
        8276           42
        8278          966
        8302          263
        8303          385
        8307          697
        8308            5
        8322          540
        8323         1839
        8329         2746
        8361         1281
        8363            9
        8369         7179
        8378         2198
        8383          704
        8389           33
        8392         9199
        8393         2225
        8397         3643
        8398         2477
        8412            0
        8416          115
        8422         3192
        8426          575
        8430          161
        8431         2278
        8438         5690
        8443         1329
        8454         6308
        8457          684
        8458         2396
        8485         5376
        8488          482
        8493           33
        8502          497
        8503         3826
        8505         3850
        8512          111
        8515            0
        8520         1392
        8521          468
        8523         1625
        8525         5255
        8528            0
        8535           68
        8538           30
        8546         1838
        8547           24
        8553         7481
        8557          445
        8561           19
        8567         2545
        8568         3723
        8569         4778
        8574         2396
        8583          608
        8600            8
        8601          341
        8609          138
        8610         1036
        8617         6948
        8626          598
        8640          283
        8650         9548
        8656          112
        8657           40
        8658         1761
        8665          290
        8672         1037
        8681         6693
        8694          437
        8696         3312
        8699          764
        8707            0
        8708          904
        8724          118
        8726          451
        8731         6152
        8734          714
        8735            5
        8743          936
        8749           10
        8753            0
        8763           54
        8764           29
        8773         4575
        8788          586
        8790           49
        8798          183
        8806          333
        8810         1302
        8811            0
        8813           24
        8822         1178
        8825          109
        8827         1419
        8839            8
        8841         1031
        8842         1194
        8843         1887
        8847         4642
        8849         1366
        8851          260
        8853          277
        8859          245
        8860         3697
        8861          559
        8878         1317
        8886           36
        8889          724
        8891            0
        8893          302
        8910         4026
        8913         4619
        8920          895
        8927         1138
        8947            4
        8949            1
        8950         2246
        8961           97
        8962         6562
        8963           39
        8980          127
        8984          900
        8988          194
        8989         1805
        8992           41
        8995          683
        8999           43
        9007            0
        9028           13
        9032         1388
        9036          108
        9038         1910
        9046         8720
        9049          112
        9053         1555
        9054          651
        9055           35
        9058         2946
        9063           77
        9069          258
        9077          605
        9082         1443
        9085         6526
        9094           74
        9095          469
        9096          108
        9104           15
        9106          545
        9108          153
        9121         3572
        9122         1435
        9126            5
        9141            0
        9143           60
        9155         2181
        9163          605
        9167           52
        9183           13
        9184         3726
        9191         1699
        9193         3764
        9198         1213
        9201          437
        9205         3947
        9207         9706
        9226          427
        9234         1101
        9250          340
        9253            9
        9258           51
        9266           26
        9271          228
        9273          445
        9274         2903
        9284         1219
        9287         1334
        9290          412
        9308         2022
        9315          724
        9319         3139
        9323         1595
        9328         2569
        9330          275
        9334         3401
        9344          109
        9346          396
        9349          359
        9367         2626
        9369         1550
        9372          281
        9395           72
        9400         1653
        9402          302
        9418            1
        9425         3791
        9428            0
        9435          289
        9441           66
        9453          385
        9459          137
        9468          111
        9471         3369
        9482         2410
        9493         7768
        9494         6377
        9525           46
        9531          604
        9549          950
        9552         2279
        9554          764
        9556          678
        9568          920
        9570          852
        9580          631
        9586         4376
        9599         8650
        9601          455
        9621          391
        9637           45
        9640           81
        9660          442
        9674          114
        9680          328
        9690         5543
        9704         1749
        9706         1087
        9717          625
        9718          121
        9725         8211
        9728         1136
        9734         4836
        9735         1087
        9751            3
