# HaloID(1) HaloID(2)
           0            0
           1            1
           2            2
           3            0
           4            4
           5            3
           6         1132
           7         2558
           8            0
           9         7332
          10           58
          11           10
          12           11
          13           12
          14           13
          15           14
          16         1470
          17          291
          18         8557
          19           18
          20           38
          21         6010
          22          114
          23            3
          24         4227
          25           23
          26           25
          27         7372
          28         6595
          29           15
          30          350
          31           29
          32         1382
          33          506
          34           34
          35           36
          36           96
          37          147
          38         1679
          39           35
          40           39
          41         1221
          42         8980
          43         6110
          44           42
          45           44
          46         6986
          47         6539
          48           46
          49           45
          50            2
          51           42
          52          812
          53          483
          54           52
          55         1564
          56         2929
          57         7883
          58          559
          59           48
          60           58
          61           59
          62          166
          63          291
          64         6877
          65           64
          66           65
          67         5677
          68           22
          69           61
          70         2752
          71         3737
          72          580
          73          167
          74           70
          75         1371
          76         2409
          77           32
          78           77
          79           74
          80         6277
          81          312
          82         1106
          83         1379
          84         2116
          85         3373
          86          718
          87          156
          88         2749
          89           90
          90         7361
          91          482
          92         2513
          93            3
          94         2188
          95           93
          96          205
          97           94
          98         3896
          99         7008
         100          284
         101          489
         102          100
         103         7107
         104         3936
         105         1125
         106          107
         107          109
         108         7161
         109            9
         110          594
         111          117
         112         1703
         113         7032
         114           10
         115         4276
         116          116
         118          118
         119         5256
         120          365
         121          343
         122         1321
         123         8005
         124         2201
         125          125
         126          579
         127         5441
         128         3067
         129          870
         130          658
         131          611
         132          131
         133          952
         134          133
         135          136
         136           95
         137         7622
         139         6709
         140         2561
         141         8755
         142         2329
         143         3264
         144         1354
         145         5842
         146         1048
         147         2888
         148           61
         149         4747
         150           75
         151          742
         152          154
         153         2083
         154           12
         155         7139
         156         2474
         157          609
         158          157
         159         8899
         160         3139
         161           80
         162          465
         163         3815
         164          165
         165           67
         167         6696
         168           60
         169          168
         170          172
         171          363
         172         1034
         174          175
         175          176
         176         1743
         177         3237
         178          179
         179         2442
         180         1171
         181         3796
         182          159
         183         5256
         184         1138
         185            2
         186         6916
         187          258
         188         4418
         189           13
         190           19
         191           10
         192         2836
         193         3993
         194            6
         195         2446
         196         2258
         197         1132
         198         1911
         199         2590
         200          228
         201          197
         202          202
         203          203
         204         4823
         205         2833
         206         5146
         207          473
         208          623
         209          324
         210          185
         211          290
         212           67
         213         1145
         214         2015
         215         2152
         216           61
         217         4588
         218         4395
         219         7561
         220         5848
         221         8557
         222          217
         223         8955
         224           40
         225         8320
         226          312
         227         7792
         228         8154
         229         2955
         231          136
         232         6834
         233         6489
         234          237
         235          859
         236          236
         237         3909
         238         2969
         239          233
         240         5411
         241         3021
         242            7
         243           41
         244          328
         245         8257
         246         2317
         247          246
         248         1191
         249         3715
         250         4929
         251         9216
         252         2600
         253         9336
         254          949
         255          779
         256         1779
         257         5239
         258         5281
         259            0
         260            0
         261          242
         264          261
         265         3638
         266          701
         267         6947
         268         3051
         269         2219
         270          410
         271         3781
         272          597
         273          266
         275          279
         276          643
         277         1371
         278           19
         279         7417
         280         8174
         281         1441
         282         5833
         283         3183
         284         8611
         285         4125
         286            0
         287         3472
         289         4587
         290           76
         291         5114
         292          531
         293         1853
         294         5269
         295          469
         296          920
         297         2371
         298          310
         299         1524
         301         3612
         302          291
         304          871
         305         4429
         308            0
         309          318
         310          315
         311          198
         312         5627
         313          701
         314         1489
         315         2348
         316          314
         317           96
         318           69
         319         1706
         320          320
         321          325
         323          330
         325         1214
         326         5295
         327         1731
         329          208
         330          331
         331          334
         332           53
         333          269
         334         8781
         336           15
         337          287
         338         1518
         339         2304
         340         1958
         341         1322
         343         8223
         344         2009
         345         6271
         346         3326
         347          299
         348          348
         349          125
         350          517
         351         2579
         352         8252
         353         4075
         354         3390
         355         3048
         356          962
         358          718
         359           67
         360         5857
         361         7653
         362         7255
         364          349
         366         5972
         367          125
         368         1106
         370          754
         371         7011
         372          376
         373          424
         374         1234
         375         5170
         376         5041
         377         8003
         378         9420
         379         8113
         380          871
         381          395
         382          659
         383         5188
         384         3245
         385         3674
         386          390
         388          955
         389         1490
         390          397
         391          755
         392         4751
         393         1634
         394         8137
         395          407
         396         8036
         397         1597
         398         2403
         400         2519
         401          253
         402         3099
         403          418
         404          404
         405         1837
         406           48
         407          473
         408         2460
         409          137
         410         2438
         411         1592
         412          347
         413          871
         414          417
         416          414
         417           67
         418         8024
         419         1348
         420           56
         422          445
         423           45
         424           10
         426          512
         427         4201
         428         7227
         429          957
         430         9317
         431          436
         433           25
         434          505
         435          225
         436          708
         437         9224
         438         7098
         439           35
         440         7018
         442           19
         444          924
         445         3261
         446         2976
         447         3605
         448         6739
         449         6840
         450         5991
         452            9
         453          744
         454         1436
         455         1952
         456          139
         458          241
         459         3008
         460         6733
         461         1611
         462         2864
         463          377
         464         1305
         465         2942
         467           26
         468         6101
         469         1194
         470          307
         471         2791
         472           40
         473          464
         474         3335
         475          510
         476         1032
         477          251
         478         3545
         479          312
         480          442
         481         6280
         482           39
         483         2144
         484         5889
         485          492
         486         1537
         487          594
         488          602
         490          312
         491         5838
         492         1348
         493         6198
         495         1996
         496          562
         497           75
         498         6664
         500         1157
         502           25
         503          531
         504          393
         505          659
         506         6371
         507          577
         508         3509
         509          515
         510         2567
         511          147
         512         2738
         514         1807
         515         1008
         516          489
         518           55
         519           50
         520         3319
         521          526
         522         1606
         523          682
         524         1628
         525         1019
         526         4684
         527          528
         528           25
         529          954
         530         2236
         531          535
         532           75
         533          542
         534          546
         535          767
         536           66
         538         1351
         539         2730
         540         6311
         541         4538
         545         6740
         547           57
         548          551
         549         3705
         550         6783
         551         4499
         552         3262
         553           25
         554         7471
         556           45
         557         5978
         558          276
         559         2085
         561          381
         566          820
         567          559
         569         5027
         570          692
         571         1634
         572          926
         573          396
         574           70
         576          590
         577           14
         578         2621
         579         4122
         580          608
         581         2888
         582          397
         583         3948
         584         2328
         585           75
         586          614
         587         4561
         588         4234
         589         6696
         590          123
         591         2049
         592          258
         593         8507
         594          420
         596          610
         598         3554
         599          900
         600          258
         601         3129
         602            2
         603          222
         605         1708
         606          681
         607         3927
         608         6389
         609         4250
         610         3345
         611         1824
         612         2353
         614           64
         615          218
         616         1628
         617         4821
         618           61
         619         1850
         621          630
         622         6319
         623          232
         624         6683
         626            6
         627         2640
         628          189
         629         2302
         630         1326
         631         2116
         632         2594
         633          116
         635         5441
         637          494
         638         5707
         639          519
         641          632
         642         3725
         643         4789
         644          645
         646          655
         647         2674
         649         5305
         650          656
         652         1761
         653         1621
         654          410
         655           44
         656           25
         657         2377
         658         3370
         659         7937
         660           66
         661          632
         665           85
         666         8589
         667         6899
         668         8628
         670          682
         672          104
         673         5660
         675          184
         676           58
         677          731
         678         8890
         679          481
         680         1489
         682           65
         683         4809
         684          185
         685          650
         686         1152
         687          703
         688         1306
         689         2063
         690          101
         691         6636
         693         1902
         694          594
         695         1212
         696          289
         698          373
         699         5605
         701         1549
         702         9299
         703         1397
         704         2894
         705          798
         708          404
         711          826
         712          316
         713         4753
         714            0
         716         5682
         717         8601
         718           11
         719           45
         720         4716
         721          391
         722         2485
         727            0
         731          732
         732          442
         733          312
         734         4136
         738         5508
         739           45
         740          152
         741          245
         742         1577
         743         4176
         744          782
         745         1961
         746          662
         747          529
         748         2174
         749         1814
         750         2741
         751         2190
         752         4808
         754          455
         756           49
         757          761
         759         1978
         760          214
         763         3952
         764         2618
         765         1146
         766         1911
         767          494
         768         5427
         769          803
         770         1151
         771         1998
         772         9369
         773         8851
         774          477
         776          472
         777          782
         778          396
         780          792
         781          208
         783          252
         784          406
         785         8994
         786          347
         787          810
         788         3856
         791            0
         792          373
         793         3495
         794           11
         795          272
         796         2009
         797         1666
         799          144
         800          733
         801         3229
         803         1139
         804            9
         805         1858
         806          901
         811          207
         815          609
         819         1901
         820         1408
         821         1179
         824         3235
         826         1134
         829         5561
         830         1024
         831         7199
         832          320
         833          846
         834          186
         835         1682
         836         7699
         837         2421
         838          128
         842          659
         843            0
         845          860
         846           95
         847          607
         848          844
         850          293
         851         3317
         853         2173
         854         3335
         855          592
         856         1777
         858         1038
         860         2305
         861         2173
         862         6850
         863          857
         864         6823
         865         2337
         866         3127
         867         3196
         868         1251
         869            2
         871          115
         872          882
         873          249
         874          127
         875          689
         876         1770
         878         6245
         879          328
         880          183
         881         5938
         882          858
         883         1048
         885         7805
         886          592
         888          465
         889         2288
         890          899
         891         5337
         892          459
         893          667
         895           95
         896          146
         897           17
         898         4431
         899          720
         900          909
         901          394
         902         3199
         903          958
         904         8288
         905          522
         906          103
         907          359
         908          656
         909         7149
         911         7510
         913            0
         914          928
         917           67
         920         9366
         921          273
         922          157
         923          921
         924         5890
         925         8565
         926         1755
         928         1485
         929          703
         931          624
         932         2726
         934          944
         936         6450
         938         7268
         940         1993
         941         1802
         942          255
         943         2083
         944           71
         945           53
         946         7298
         947         8766
         948         5844
         949         7428
         952          314
         953          312
         954         6615
         957          975
         958          813
         959         6767
         960         1340
         962           96
         963         5446
         967         4103
         968          950
         969         4075
         970          991
         971         1532
         972         2406
         973         1271
         978         2281
         979          383
         980          291
         981          979
         986         7883
         990         9260
         993         8865
         994         1315
         995         2842
         996         1005
         997         8674
         998          670
         999         3981
        1000          517
        1002         6094
        1003           99
        1005          388
        1006         1000
        1007         1004
        1008            0
        1009         4601
        1010         2447
        1011         7346
        1012         9350
        1013         2793
        1014         8148
        1015         3509
        1016         1039
        1019         3994
        1022          247
        1023         6591
        1025         5713
        1026         1512
        1027           81
        1028          730
        1029          140
        1030         1365
        1032          228
        1033         6726
        1035          452
        1036          494
        1038         1243
        1039         3150
        1041         7918
        1042           29
        1044         2849
        1045         9152
        1046         1307
        1047         3773
        1048         4992
        1049         2906
        1050         1152
        1051          414
        1052          993
        1053         4522
        1054          747
        1055         8297
        1057          388
        1059          156
        1060           77
        1061         1034
        1062         1634
        1063         1942
        1064          408
        1065         7118
        1067         1973
        1068         1053
        1069           56
        1071           13
        1072         1568
        1073         1971
        1074         1080
        1075          655
        1076         1971
        1078         7268
        1079          137
        1080         3118
        1082          546
        1083         9203
        1085          459
        1087         2470
        1089         4608
        1090          552
        1092           76
        1093          293
        1094         2459
        1095         2092
        1096         1168
        1100           17
        1102         3619
        1103         6909
        1104         2474
        1105         6380
        1106         1386
        1107         1117
        1108         4050
        1109         3197
        1110          792
        1111         1371
        1113         2781
        1114          717
        1115         1007
        1117            2
        1119           83
        1120         2805
        1121         1683
        1122         4238
        1124           59
        1125         2288
        1126         3223
        1127         7267
        1128          989
        1129         1142
        1130          204
        1132         1139
        1133         2969
        1134         5139
        1138          369
        1139          383
        1140         2319
        1141          413
        1143         5133
        1144         5148
        1147         1600
        1148         4676
        1149         1462
        1150         1496
        1151           67
        1152         1255
        1153         1185
        1155           38
        1157          395
        1158          856
        1159         2739
        1164          748
        1165         3584
        1167         1502
        1170         4972
        1171          667
        1172          692
        1174         9260
        1175         2976
        1176          452
        1177          215
        1178          439
        1179          237
        1181         2443
        1182          104
        1184         1756
        1185          133
        1186          958
        1187           39
        1189         1150
        1190          944
        1192         2091
        1193          312
        1195         2534
        1196          769
        1198         1208
        1199         2068
        1200           68
        1201         1195
        1202         1277
        1203         1268
        1205           33
        1206          180
        1207         1196
        1209         1454
        1210         1305
        1213          206
        1214          867
        1215         1630
        1218         3472
        1220          336
        1221          900
        1222         3000
        1223           67
        1225            4
        1226          212
        1227           32
        1228         9374
        1229         3738
        1230          195
        1231          502
        1232         3051
        1233          230
        1234         1531
        1235         8160
        1237          518
        1238         3584
        1243           72
        1244         1236
        1245         4213
        1246         5153
        1247         1077
        1249           62
        1250         1283
        1251          591
        1254         1335
        1255         4874
        1257           28
        1258           74
        1260          859
        1262         7779
        1267          567
        1269           13
        1272          373
        1274         8269
        1277         3406
        1278         4395
        1280         1619
        1281          452
        1283         1348
        1285         1689
        1287         1294
        1288         2114
        1290         9241
        1292         2502
        1293         2475
        1295         2734
        1296         1292
        1297         1378
        1298         6447
        1299          261
        1303          465
        1305         1668
        1307         1683
        1308            6
        1309          414
        1310          739
        1312         4670
        1314         1575
        1315          152
        1316         1385
        1317          262
        1318         2119
        1322         7969
        1323         5468
        1324          123
        1325           20
        1328         8407
        1329         9074
        1331         2280
        1332         3117
        1333         5953
        1335          531
        1337         1179
        1338         2894
        1339          868
        1340         2093
        1342         3693
        1343         1910
        1344          105
        1346          782
        1349          332
        1350         5465
        1351         6146
        1352          577
        1353         4997
        1354         2210
        1356           47
        1358         2938
        1359          454
        1361         1682
        1362           24
        1363         2066
        1367           35
        1369         1136
        1370         1522
        1371          465
        1372          162
        1373         1930
        1374         1579
        1376          310
        1377         1114
        1378         2967
        1381         2580
        1382         5707
        1384          397
        1386         1743
        1389         5767
        1390          699
        1391         3815
        1394         1087
        1395          117
        1399         5306
        1400         4037
        1401         7108
        1402          291
        1403         4997
        1404          343
        1405         6276
        1408         6183
        1411           47
        1412         1418
        1413          191
        1414         1863
        1416         1819
        1417         2015
        1422         7915
        1423         1646
        1425         8004
        1426         6057
        1428          935
        1432          395
        1433          341
        1435         1855
        1436         1351
        1437          217
        1439         8804
        1440          809
        1441          162
        1442         1409
        1443         1176
        1444         1437
        1445         1446
        1446         1447
        1448         4761
        1450         3019
        1451         5358
        1452          491
        1453         4967
        1455          966
        1458         1607
        1460         2596
        1461         3919
        1466         8185
        1470         2123
        1471          597
        1474         1321
        1475         1409
        1477         1409
        1478         1482
        1479         1066
        1482          527
        1485         1789
        1490         7264
        1492          198
        1493         4488
        1494         1351
        1497          901
        1498          111
        1499           40
        1503           32
        1504          431
        1505         4739
        1507          237
        1508         4334
        1509         6296
        1510          444
        1511          543
        1512         5398
        1514         2537
        1517         1166
        1519            9
        1520         5563
        1521          766
        1522         4205
        1523         9013
        1524         1367
        1530          197
        1534           66
        1535         9206
        1537         6110
        1542          415
        1543           24
        1544           67
        1545         1329
        1546           75
        1547         2073
        1550         2237
        1553           83
        1555         3057
        1557          305
        1559          253
        1562          248
        1563          330
        1564         6525
        1565         3141
        1566         1685
        1567         6595
        1569         6025
        1570         1514
        1571           55
        1572         3006
        1573          537
        1574          196
        1576           28
        1577          140
        1578         2416
        1579         2923
        1587           26
        1591         3326
        1592         2174
        1593          591
        1595          324
        1600           29
        1601         4656
        1604          689
        1605           13
        1606         2402
        1610         4733
        1612          686
        1614         1598
        1615         1613
        1618         2087
        1620           75
        1622          415
        1623          297
        1630           74
        1632          137
        1633         1662
        1636         1615
        1638         1664
        1639           58
        1640           60
        1641         1018
        1643         5173
        1645         1997
        1646         1946
        1648           85
        1650         1616
        1651         2292
        1652          346
        1654         6641
        1655         1643
        1658         1642
        1659         1789
        1660         7032
        1664         6594
        1665         2010
        1666          978
        1670          199
        1671          850
        1674         2949
        1675          294
        1676          413
        1677          137
        1678           20
        1680         1443
        1681          324
        1684         1097
        1687           42
        1690           38
        1691          122
        1692          804
        1693         4189
        1694         2305
        1695            5
        1696         8161
        1697         1687
        1698         3801
        1700          284
        1702         9305
        1703          726
        1706           58
        1708         6759
        1709           55
        1711         6599
        1712         1012
        1715          106
        1716          459
        1717         3376
        1718         1634
        1721          198
        1722          307
        1724         1724
        1725         8894
        1727         5451
        1728           64
        1730         3230
        1732         1286
        1734         8342
        1735          387
        1739         8337
        1741           36
        1742          132
        1745         1726
        1746          157
        1747          147
        1748            6
        1749          410
        1750          131
        1752          789
        1753           26
        1754           44
        1757         4901
        1758         3864
        1761          172
        1763          966
        1764         6711
        1766         9427
        1767         1506
        1768          302
        1770           49
        1772         6875
        1773           72
        1774         1720
        1775          324
        1776         7008
        1777          171
        1778           72
        1779         4186
        1783         2064
        1784         1864
        1785          841
        1786         7364
        1787          126
        1788         7723
        1791         1784
        1794          883
        1798         1564
        1799          324
        1800         3880
        1801         5129
        1802         1138
        1803         5236
        1806           43
        1808         2031
        1809          434
        1810         5469
        1812         3226
        1813         5127
        1814         5434
        1816          324
        1821           97
        1822         1483
        1823         4458
        1825         2851
        1826          347
        1827          598
        1828           94
        1830         1119
        1831           41
        1832         1795
        1834          369
        1836         2249
        1838          492
        1839          293
        1845          467
        1846         8617
        1847           51
        1849          465
        1850         3164
        1851         7060
        1852          504
        1854          491
        1855          837
        1856         3156
        1857          665
        1859          117
        1861         2368
        1863          268
        1864         3814
        1866         3332
        1867         1070
        1868          289
        1870         4750
        1871         8771
        1873         2690
        1874         2407
        1876         2281
        1877          569
        1880         7557
        1884           33
        1885         4755
        1886          525
        1889         1558
        1891           26
        1897         1726
        1899         5687
        1901         6564
        1902         1490
        1903          214
        1907         5773
        1908         1590
        1910         2344
        1913         4757
        1914         4596
        1916         4385
        1917           40
        1919          224
        1920         1114
        1921         7841
        1923         1892
        1924          164
        1927          681
        1928           16
        1929         5664
        1930         7942
        1933         8402
        1934           54
        1935         1359
        1936         1879
        1937         3527
        1939         1918
        1943           68
        1944           66
        1945         7559
        1948         4349
        1951         3793
        1952         6148
        1953         1965
        1954         3257
        1955           45
        1959          189
        1960         4500
        1961         3378
        1962         2492
        1964         6047
        1965         2295
        1969          291
        1970         1857
        1972         2680
        1973          902
        1974         4472
        1979         3067
        1980         6042
        1985         4980
        1990          491
        1991           67
        1992           19
        1997          284
        1998          180
        1999         5026
        2000         1097
        2002           67
        2004         1631
        2005         4617
        2009            0
        2010         3237
        2013          994
        2014          209
        2015         1221
        2016         1187
        2017         4019
        2020         2112
        2028          100
        2029         4267
        2032           81
        2036         6444
        2042          433
        2043          713
        2046         5003
        2047         5267
        2048         7958
        2049         6324
        2051         1315
        2052          284
        2054          284
        2055         1106
        2056          491
        2059         1630
        2060          258
        2063          164
        2064          151
        2065          147
        2066         4149
        2067         3672
        2068         4266
        2069           37
        2071         2090
        2072           60
        2074         3178
        2076         3996
        2078         2021
        2080         4209
        2081         1075
        2082          763
        2084         2553
        2086         3155
        2087           83
        2088          720
        2090          260
        2091         4064
        2092          336
        2093          129
        2094         2077
        2095          785
        2096          641
        2097         3006
        2099         1056
        2104          110
        2105          599
        2108         2097
        2109         6303
        2113         8158
        2116         8008
        2117          718
        2118         6368
        2119         4007
        2120         5652
        2121          233
        2123           95
        2127          649
        2129         3232
        2130           74
        2134          243
        2135          137
        2136         2247
        2137         2185
        2139          646
        2140          199
        2146         2141
        2147         2137
        2148         2123
        2153         1447
        2154         5428
        2155         2286
        2159          278
        2164          546
        2167          824
        2171         2392
        2172         3070
        2175         5690
        2176           42
        2177          606
        2178            0
        2182         9112
        2183         6408
        2186         1859
        2189         4148
        2191          107
        2193         1957
        2194         3841
        2195          837
        2196          502
        2198         1411
        2200         8782
        2201          448
        2202           66
        2206          105
        2207         5371
        2208            5
        2209         2201
        2212         3358
        2219         3503
        2220         3554
        2221         5468
        2222          179
        2224          196
        2227         1958
        2228         3796
        2230          440
        2236         3031
        2240          150
        2241         2204
        2246          363
        2248         4919
        2249          966
        2252          632
        2253           75
        2255         2195
        2256         2212
        2261         2807
        2262         4085
        2264          626
        2266         4378
        2267         2175
        2268          708
        2270         6639
        2272         7463
        2274         4694
        2276          218
        2278         4861
        2282         2716
        2283         2137
        2285         3710
        2287          224
        2288         2311
        2289         2085
        2291           19
        2292         2303
        2293          460
        2294         2292
        2297          174
        2300         6283
        2305          491
        2306          400
        2307         4959
        2308         1902
        2312          247
        2313         6315
        2314           24
        2319         8334
        2322         7898
        2324           32
        2325         3801
        2327         2469
        2328         1367
        2331         5411
        2334         2245
        2338         2864
        2341          632
        2342          167
        2343          543
        2344          345
        2351            8
        2353          318
        2354         3225
        2356          336
        2357         9024
        2361         4443
        2362         1129
        2365         6005
        2367           69
        2370         2643
        2372         5997
        2375         7026
        2376         1311
        2378          297
        2379         2799
        2382         6113
        2383           78
        2384         3149
        2386         1847
        2392          114
        2393         9288
        2396          552
        2398         7652
        2400          220
        2401          373
        2404          164
        2406         1769
        2409         6771
        2411         1866
        2413         2397
        2415           32
        2419         4143
        2420         2688
        2421           93
        2422         5267
        2425          551
        2427         9241
        2429         4901
        2430          833
        2432          329
        2433         8334
        2434         2572
        2437         6354
        2438         2182
        2439         3231
        2440          108
        2441          195
        2442          535
        2447         1140
        2448         7610
        2455         7182
        2458          279
        2461         6013
        2463           88
        2465          672
        2466          154
        2468          391
        2470         5588
        2473         2416
        2475         9091
        2477         4172
        2479         2357
        2480         1755
        2481         1046
        2484          404
        2489          503
        2490         6615
        2491          330
        2494         3410
        2495         1546
        2498         5400
        2500         4064
        2502          140
        2503         2505
        2505         1010
        2506          578
        2511          566
        2513         7873
        2515         4907
        2521           58
        2525          527
        2527          388
        2528           73
        2531         1091
        2532         3342
        2534         6757
        2535         1703
        2536         1736
        2537            2
        2539         4019
        2542           11
        2544          180
        2548          782
        2563         1634
        2564         2361
        2565         2139
        2566          964
        2568         7740
        2570         5153
        2572          295
        2573           46
        2575          490
        2577         1383
        2579         2993
        2582          558
        2584         2345
        2585         5671
        2588           26
        2589         3178
        2590         1953
        2593         7952
        2595         2689
        2596         2287
        2597          116
        2598         6894
        2600          285
        2601         2551
        2602          955
        2603          950
        2606          103
        2609         2204
        2612         2582
        2613         2567
        2614         1151
        2615          502
        2618         2721
        2619          359
        2620         4675
        2621         8003
        2623         5316
        2625          199
        2627         2858
        2629         4111
        2631         1080
        2632          310
        2637         8135
        2638         4562
        2639         2773
        2640         5236
        2643          989
        2644           64
        2647         1255
        2650         8720
        2652          324
        2654          533
        2655         2875
        2661          123
        2668          343
        2671           76
        2674         3339
        2683         2681
        2685         5972
        2687           49
        2689         1842
        2690          262
        2691         2893
        2693         5835
        2694          896
        2695         2095
        2696         3558
        2699         3974
        2700         1893
        2703         2676
        2707         1052
        2708         2711
        2711         3060
        2713         5972
        2714         2733
        2718          145
        2721         6154
        2723         1505
        2727         2426
        2731          129
        2732          837
        2736         2029
        2738         2219
        2742           45
        2744           56
        2745         1649
        2747         4034
        2748         1371
        2751         3928
        2756           98
        2757          144
        2758         8214
        2762          310
        2763          242
        2764         1107
        2765         2404
        2766          545
        2767         6939
        2773         3332
        2776         1734
        2777          477
        2778           26
        2780            6
        2787         1476
        2788         1627
        2789          712
        2791         3853
        2797           55
        2801         9031
        2802         2607
        2803         2368
        2804           43
        2805          527
        2809          258
        2810         4598
        2814         8185
        2818         7035
        2819         2038
        2822          462
        2825         2882
        2830         1048
        2831         2280
        2836          268
        2837            0
        2842         1493
        2843           29
        2845          549
        2846         3503
        2847         6635
        2848         6261
        2849          645
        2851          653
        2853         1263
        2857          844
        2858         3610
        2859          152
        2863         2888
        2864         1342
        2867          185
        2868          126
        2869          681
        2872         5400
        2879         3100
        2880          129
        2882         8612
        2883           93
        2884         8667
        2886         3685
        2887         2910
        2889          970
        2890          450
        2891           23
        2892         2900
        2896         2401
        2902         3786
        2907         3176
        2912          333
        2914         2870
        2915         3421
        2917         6337
        2918          994
        2919          133
        2924           63
        2925           52
        2928         4045
        2929         3232
        2931         2502
        2937         2069
        2938          464
        2944           29
        2948         4712
        2949         6188
        2951          517
        2952         8544
        2953         1751
        2956           88
        2957            0
        2958         7118
        2959           17
        2966           14
        2970          891
        2971           26
        2972          166
        2973         3028
        2975          813
        2976          706
        2977         3998
        2980          291
        2981          556
        2982          505
        2983          608
        2991          832
        2992         3460
        2995           24
        2997         3756
        2998           15
        3000         1144
        3002         1651
        3003         3037
        3004          335
        3005         2064
        3009         1512
        3011          145
        3012          984
        3013         3016
        3014         2205
        3015         1555
        3016         1148
        3017         5864
        3018         2892
        3021         6699
        3022         3106
        3024          732
        3029          983
        3037         1125
        3038         3865
        3041          462
        3044          185
        3045          511
        3046          334
        3047         2833
        3048          195
        3053         6191
        3057          656
        3058          251
        3059         4779
        3061         4467
        3062         3041
        3063          319
        3065          159
        3066         4030
        3069          673
        3072         2618
        3076           60
        3077         3567
        3078         6576
        3079          321
        3081           82
        3082         5506
        3083         1050
        3084         1601
        3086         2172
        3090         1638
        3091         2553
        3093         4184
        3096         1675
        3097           88
        3098         7108
        3099          156
        3101           67
        3103           51
        3104         1933
        3107         1629
        3111         1000
        3114         4888
        3115         1519
        3117          189
        3126         5854
        3127         3975
        3128           65
        3129          501
        3131         2077
        3133          442
        3134         4530
        3135         1342
        3136           38
        3139          307
        3142          377
        3143           94
        3149           38
        3151         3655
        3155         3999
        3157         4731
        3159          581
        3160         1759
        3161          369
        3164          928
        3166         7467
        3168         2459
        3169         7699
        3172         5643
        3174         6683
        3175         7622
        3179         2901
        3182           60
        3188          191
        3189            0
        3191           43
        3193           54
        3194         1098
        3195         1151
        3199         1940
        3201         4494
        3202         3340
        3205           90
        3206         7572
        3207           19
        3209          155
        3211         1668
        3213         7709
        3214          465
        3217         5867
        3224         3163
        3226         5114
        3231         2366
        3232         3227
        3235         2258
        3237         4719
        3241           12
        3242          284
        3244         3523
        3246         4364
        3248          312
        3249         1325
        3251          681
        3252         6641
        3253         8570
        3256         4339
        3262            5
        3263         5939
        3267         3670
        3268         1861
        3270         2173
        3271          442
        3275          938
        3277         4765
        3279          173
        3280         6665
        3283         2015
        3285          251
        3288         5951
        3294           19
        3295          258
        3296         3177
        3298         6251
        3301         2532
        3302           65
        3304         1760
        3308            3
        3309            0
        3316           85
        3318         3124
        3319         4234
        3320          392
        3322          472
        3324         8700
        3326           19
        3327         3429
        3328         1044
        3329         1935
        3330         4271
        3331         3276
        3342          282
        3346         1998
        3347          275
        3349         2764
        3351          574
        3352         4049
        3356         2277
        3359         3325
        3360          459
        3361         3062
        3363          223
        3366         5151
        3368          346
        3372           43
        3373          774
        3374         1640
        3375         1971
        3377          238
        3381            1
        3383         7096
        3385          419
        3389          210
        3390         3683
        3392           23
        3394         5864
        3396          646
        3399           27
        3400           24
        3402          517
        3404         1240
        3406            0
        3407         3067
        3410          112
        3413            0
        3414          554
        3418         3678
        3419          185
        3421            2
        3423         2052
        3424         3367
        3425          231
        3434           53
        3444          277
        3446          535
        3447         1105
        3452         1819
        3454         3402
        3455         3451
        3457          147
        3458          190
        3460          831
        3461          258
        3462          286
        3466           42
        3468            3
        3469          223
        3472           38
        3473         9224
        3474         2413
        3475         5380
        3479         7109
        3480          369
        3483         1408
        3484         1990
        3486         4276
        3490           95
        3494          604
        3495           87
        3496         2532
        3499         1074
        3500           32
        3502         1728
        3503         2443
        3505          176
        3510         1677
        3516          166
        3518          231
        3522         2711
        3524         1209
        3528         4789
        3529         3478
        3530         3856
        3536         4532
        3538         1902
        3541          983
        3544           28
        3549          268
        3550          377
        3552         6008
        3555          667
        3556         7554
        3561         3588
        3562         2360
        3563         5016
        3567         1642
        3577         1266
        3583          198
        3584           91
        3586          265
        3588         3630
        3589         3546
        3598         3586
        3600         1196
        3602            2
        3608          533
        3609         1272
        3613         3948
        3614           94
        3615          275
        3616          225
        3618         1268
        3625         2181
        3628          962
        3631          802
        3632          843
        3636         3615
        3638         2041
        3645         3245
        3646         3612
        3650         4744
        3652           70
        3653         4942
        3655          528
        3657         2355
        3659          276
        3660         2371
        3661          138
        3664         3610
        3665            0
        3667           32
        3668         8282
        3676           74
        3678         4221
        3679         3212
        3681          288
        3684         2024
        3685          174
        3687         6996
        3689         3043
        3691          947
        3695           72
        3696           12
        3697         1223
        3698           29
        3700         7713
        3702         2558
        3703          462
        3704         1027
        3710         1657
        3716         3805
        3719         4075
        3722          953
        3725          126
        3727         3161
        3728          133
        3732          900
        3734         1043
        3737         9193
        3751          617
        3754          111
        3755          460
        3758         4750
        3759          291
        3760          798
        3762          978
        3763         6352
        3765          482
        3769           52
        3772         1359
        3775         2247
        3778          328
        3779         3909
        3781         2864
        3788          331
        3790          208
        3793           89
        3794          165
        3797          414
        3799          271
        3800          269
        3802         3802
        3805         1495
        3808         3947
        3812         4473
        3813           69
        3814          360
        3816           58
        3821         1012
        3824         1607
        3826         4874
        3828         6311
        3829          222
        3839          560
        3840          215
        3841          560
        3853          174
        3854            0
        3856         5261
        3857         3284
        3864          142
        3865           26
        3866          331
        3870          197
        3872          199
        3873           34
        3877         5643
        3883         2077
        3888          106
        3889          199
        3890         2741
        3894          922
        3895            8
        3900         1537
        3918         2758
        3922         2247
        3924         3883
        3925         1100
        3927         7011
        3928          446
        3934          250
        3937           52
        3941         5337
        3943         6364
        3944           56
        3947         7292
        3949         2900
        3951          118
        3954         3754
        3957          248
        3960         6054
        3962          150
        3971         2091
        3975         4644
        3977          268
        3979         2555
        3980          214
        3981         3847
        3987         3093
        3997         1139
        3998         9434
        3999           85
        4004          241
        4007          798
        4008         7463
        4010          271
        4011            0
        4012         2722
        4013         2929
        4020         1202
        4023         1007
        4026            9
        4030         3073
        4034            0
        4035          108
        4038         1442
        4039         1739
        4040         2720
        4042         9346
        4045         3142
        4047         5029
        4049         9327
        4051          116
        4061          227
        4062          170
        4067         2409
        4068          678
        4070          278
        4071         5710
        4080         4025
        4082         2714
        4083         1069
        4086         6449
        4088           79
        4091         6592
        4094         1833
        4096         2926
        4097         5539
        4099          236
        4100          254
        4101         3755
        4108         8441
        4111         1505
        4112         6241
        4114         4171
        4116          751
        4117         2490
        4120          420
        4130          443
        4131          151
        4132          431
        4144         8500
        4150           37
        4152         1038
        4156         3900
        4158          875
        4160         4128
        4165           71
        4168         4209
        4170          569
        4171          317
        4172           96
        4174         2716
        4175         8774
        4176          280
        4178         1266
        4179         4191
        4180            9
        4189          533
        4193           31
        4195           27
        4202          543
        4204         1138
        4207         3575
        4209         2627
        4213           52
        4214           23
        4215         3095
        4216           93
        4220         4310
        4224          582
        4225           40
        4226          721
        4227         2741
        4228          206
        4232         1557
        4240         7239
        4242          425
        4243         4672
        4248           73
        4249         1234
        4253         8890
        4254         3508
        4255         3894
        4256         2366
        4258          160
        4261          269
        4264         4283
        4265           16
        4267           23
        4276         2854
        4278          151
        4279          893
        4282         2795
        4287          215
        4289         8407
        4290          911
        4291         4261
        4292          459
        4295         1179
        4297          614
        4299          636
        4300         1423
        4301         2252
        4302         4175
        4303         2746
        4307         1540
        4309            8
        4311          179
        4312          587
        4317         4101
        4318           14
        4319         4397
        4320         2324
        4321         1528
        4322         9343
        4324         5290
        4334         6543
        4335         7819
        4336         5474
        4337          160
        4341          864
        4343         1278
        4349          212
        4356           12
        4357            0
        4358         1050
        4362          343
        4367         2418
        4368          275
        4371         1449
        4372         5206
        4382         9225
        4384         2448
        4386         2791
        4390         2595
        4394          369
        4395         8201
        4400         2263
        4408         4266
        4415         1140
        4420          310
        4422          573
        4423         1883
        4426         4401
        4427         4500
        4430          274
        4431          593
        4435           26
        4436            0
        4437         2624
        4438         3588
        4440         1013
        4442          373
        4446         5803
        4448           32
        4451         1099
        4453         4470
        4455         1924
        4456         6198
        4459         1417
        4460         6154
        4463         1786
        4464         2281
        4470         1885
        4474         3162
        4476           13
        4478         6447
        4480          295
        4483         1901
        4500         1827
        4501            9
        4506          307
        4510         4523
        4513           32
        4515         2316
        4518         6501
        4520          245
        4524           58
        4525         1958
        4528         4064
        4533          320
        4534         3527
        4535          278
        4538         5820
        4541         2663
        4545         1848
        4550          702
        4552         2975
        4564         1191
        4565         6632
        4567         9231
        4576         4965
        4581         1186
        4582          209
        4586         7074
        4591         1013
        4598          440
        4601         8612
        4602          731
        4604         6259
        4607          580
        4609          251
        4613         6143
        4614           40
        4622         9051
        4623         1595
        4630         2073
        4632           26
        4633         1328
        4635         2351
        4638         1502
        4639         1847
        4640         1460
        4642           44
        4643           14
        4648         5621
        4650         3291
        4657           44
        4658          192
        4660          222
        4662          574
        4663         9087
        4664         1432
        4671          348
        4672         6240
        4676         1863
        4680          763
        4683          249
        4686          493
        4687         2733
        4692          916
        4694          611
        4696          261
        4700         6494
        4702         2244
        4707           28
        4710          288
        4711         6689
        4712         1703
        4713          761
        4716          594
        4718          196
        4720          589
        4721         4619
        4722         6098
        4728         6376
        4730         4238
        4731           43
        4734           60
        4735          137
        4740          546
        4745         1799
        4751            4
        4752           55
        4755         6740
        4757         1851
        4759           48
        4760         8037
        4761          944
        4767         1195
        4768            1
        4769          208
        4770         8844
        4771           10
        4775         3372
        4777         3189
        4780           91
        4782          159
        4786          251
        4792          193
        4794         1314
        4796         3471
        4803         1824
        4808         6032
        4811           19
        4818           72
        4820         1496
        4822         7870
        4829          336
        4832         4282
        4834         2573
        4836         6292
        4838         1537
        4841         2596
        4846         4253
        4847          486
        4850          310
        4855         1355
        4857          689
        4858         2893
        4859         4771
        4865         3845
        4869          776
        4870          440
        4871         2685
        4872         1355
        4873          597
        4876          692
        4878          530
        4879          145
        4881          346
        4883          148
        4884         5881
        4889           85
        4891           71
        4895         4813
        4896          108
        4901           53
        4902          108
        4908           28
        4909         4872
        4910          106
        4912          167
        4913          551
        4917         8303
        4918         7852
        4920          602
        4925           49
        4927         1044
        4928         3359
        4934         2318
        4936          238
        4942         5112
        4944         2401
        4946          272
        4948         1350
        4957         7308
        4958          759
        4961            2
        4975         4921
        4979          102
        4981         2553
        4982          791
        4986          273
        4988         2525
        4990           13
        4994           34
        4999          774
        5000          365
        5005          333
        5012         1265
        5013         1045
        5019         5006
        5021          393
        5024         5131
        5026            4
        5028          295
        5029            0
        5033         1918
        5039          206
        5040         1377
        5046         3474
        5047           96
        5048         4408
        5053         1664
        5055           65
        5057          610
        5061         4935
        5063          375
        5065          978
        5070         3486
        5072          203
        5074           77
        5075         5045
        5078         5082
        5079          872
        5080           55
        5081         2975
        5083         3612
        5084         4873
        5088           46
        5091         1415
        5092            0
        5094          780
        5103            8
        5106         4349
        5111            0
        5112         5274
        5117          349
        5120          566
        5124         2271
        5127          760
        5129          310
        5130         5092
        5131         2491
        5137          279
        5139            0
        5140         2627
        5141         4527
        5142         1401
        5143         6524
        5146          158
        5147          261
        5152         3329
        5153         3746
        5154         1578
        5162          237
        5163         2339
        5165         2205
        5168         6555
        5170          556
        5173         2630
        5180         1799
        5182            6
        5186         2742
        5187         1234
        5188         1460
        5191         8443
        5193            5
        5195         1922
        5199         1007
        5200         2569
        5202         8557
        5206           26
        5208         6969
        5210         5558
        5211           52
        5213         8509
        5215         2572
        5219            0
        5220         3823
        5221         4806
        5222         3027
        5223         1636
        5225         7576
        5226          589
        5235          357
        5240          275
        5242         2899
        5244         4133
        5245           96
        5246         1691
        5256          561
        5259         4264
        5263         7691
        5265           66
        5272          218
        5274         1232
        5275          288
        5276          356
        5277          610
        5280         2626
        5282         5163
        5288          207
        5295         3693
        5298          111
        5299         8817
        5308           77
        5309           58
        5311           55
        5313          233
        5317         1978
        5318          714
        5322         3686
        5323         9025
        5325          390
        5332          968
        5333           55
        5335         5207
        5336         7856
        5338           36
        5343         1946
        5345         2981
        5346          736
        5348          295
        5358         1651
        5359           58
        5365         3722
        5371           73
        5378         7951
        5381         2947
        5384         1557
        5388         5112
        5398         4750
        5399           32
        5400         5174
        5409          809
        5414          185
        5416         1120
        5417         5507
        5421         1214
        5424         2096
        5430         6915
        5432          261
        5437          427
        5439         4102
        5440         2656
        5442         6835
        5443           26
        5452          790
        5454          158
        5459          105
        5460          686
        5466           96
        5468         1636
        5477         9137
        5488         2763
        5490         5193
        5491         3418
        5496          385
        5500         6315
        5507         4686
        5510          226
        5512           37
        5515          471
        5516          623
        5518         4936
        5520         7114
        5522          975
        5523           28
        5527           72
        5528          153
        5530         1615
        5531          731
        5532            8
        5535         1641
        5537         2818
        5540         2021
        5543            5
        5552         5192
        5558         1872
        5559            0
        5560         2129
        5565          391
        5569          359
        5577         6165
        5583         5659
        5589          234
        5591          839
        5592         7430
        5593          263
        5595          455
        5603          280
        5606         5863
        5608         2895
        5611         3436
        5612         1150
        5613          750
        5615         1675
        5624          495
        5627         4596
        5629         3196
        5634            0
        5639          566
        5640         3805
        5645         3443
        5646          199
        5649          558
        5651         5506
        5657         5369
        5667         1312
        5670          534
        5675          115
        5679          370
        5680          339
        5682         5934
        5684            5
        5686         7109
        5690           66
        5692          111
        5694          354
        5696         3133
        5697         2357
        5700           70
        5703         3335
        5706           28
        5708         1134
        5710           37
        5712         2279
        5717         5189
        5721          236
        5723          471
        5727          297
        5728           43
        5731         5108
        5734           48
        5736          820
        5742           27
        5748         5295
        5749            0
        5750            0
        5751         3840
        5752          529
        5757         1205
        5763         8899
        5764           76
        5765          677
        5766         1327
        5768         7964
        5769         4776
        5772           20
        5773          675
        5774         5748
        5778            3
        5780         1107
        5785          110
        5790         3677
        5793          333
        5796         2723
        5797          394
        5802         8148
        5803         6055
        5806           40
        5811          260
        5814          636
        5816         5220
        5819           21
        5824         5733
        5827          141
        5829         5804
        5830         3664
        5835         6733
        5838         6113
        5842          233
        5843           79
        5847         1175
        5849         5496
        5851         2073
        5858          204
        5866         5523
        5867          863
        5868            0
        5869           57
        5875         4561
        5876          236
        5890          103
        5891          256
        5894         1246
        5896            0
        5898          615
        5901           37
        5906           16
        5912          927
        5915         3570
        5918         2544
        5928           24
        5930           23
        5938         4253
        5945          486
        5946         1643
        5947         5833
        5948          377
        5949          433
        5951         5644
        5955         6228
        5959         1406
        5964          876
        5965         5945
        5967         1343
        5978         2463
        5988         1862
        5994         2993
        5995         1802
        6000           18
        6014         1129
        6015         3201
        6024         4575
        6027          785
        6028            9
        6032         6262
        6039          111
        6043         3436
        6048         3163
        6051           44
        6061         6563
        6062         2629
        6065         3062
        6066          353
        6067         2678
        6070         1113
        6072         6596
        6073         3590
        6074          391
        6075           50
        6080         6579
        6084         1685
        6085           29
        6096           37
        6097         8504
        6099         3280
        6100         1136
        6102          256
        6103          953
        6104         3164
        6105          131
        6113         1328
        6116         7895
        6118         5980
        6127         3397
        6134         4436
        6137          459
        6139            0
        6140          407
        6143           51
        6155         3441
        6156         2877
        6159           32
        6163          107
        6172         7697
        6178         2595
        6179         2219
        6184         1971
        6194         1251
        6195          859
        6200          116
        6203           16
        6205         1413
        6207         6287
        6209          212
        6212           48
        6214           66
        6215          113
        6220         5240
        6221         1176
        6225         1261
        6227         1858
        6235         1508
        6239          212
        6250          150
        6253            0
        6254          658
        6257         2339
        6264         1177
        6267         4359
        6271         2694
        6272         1394
        6273         1501
        6274          107
        6275         6531
        6277         8766
        6278          315
        6283         1272
        6286          106
        6287          796
        6291          222
        6292          284
        6304         1514
        6305         4543
        6307         1456
        6311         8622
        6313         3053
        6316          452
        6317          339
        6318          226
        6324          506
        6330         1465
        6333          108
        6336         4466
        6344         2565
        6346           71
        6347          122
        6352          325
        6353          151
        6359         3821
        6363         6647
        6366          144
        6376         3128
        6381            0
        6382          969
        6383         3603
        6395          730
        6410         7473
        6419         1274
        6420         1572
        6428          199
        6433          615
        6436          418
        6439          549
        6441          379
        6458         1080
        6459          189
        6464          664
        6465         2137
        6467         1802
        6469          767
        6473           94
        6475          234
        6477           91
        6478         7863
        6483         1323
        6484          968
        6494         6159
        6495         1240
        6498          190
        6511         4283
        6512          618
        6513          153
        6519           40
        6520          271
        6530         1202
        6532           56
        6539         5780
        6544         4229
        6546         6525
        6547         4827
        6548         2501
        6552         6674
        6553         1268
        6556         2222
        6557         4487
        6563         4227
        6564         2769
        6567           31
        6568           35
        6569          400
        6572         6635
        6573         6355
        6580         2324
        6584         3014
        6585         4369
        6586          309
        6588          460
        6591           52
        6604           52
        6605         1977
        6613         3376
        6615         2182
        6619           40
        6621         2733
        6625         1272
        6626         1916
        6628         3654
        6629          595
        6632         1769
        6634         4732
        6636         1180
        6638          354
        6642            8
        6644          302
        6646           41
        6648         7787
        6658           31
        6662         6261
        6663          339
        6665         1687
        6674         7512
        6681          148
        6684         1566
        6685            2
        6691           71
        6698         1208
        6706         6698
        6708          106
        6712         6585
        6717         3215
        6723         1430
        6725          614
        6729            0
        6731          499
        6745         2904
        6752         1755
        6753         1158
        6757         5707
        6764         1185
        6771          218
        6773         3414
        6775          351
        6776          617
        6777         7688
        6783          974
        6785         5787
        6790           49
        6806         1151
        6812           31
        6819         5291
        6825         3346
        6826          121
        6837          245
        6857          131
        6861          461
        6865         2767
        6870          158
        6872          199
        6873          879
        6877         4159
        6881          333
        6885         2064
        6886          140
        6898         4337
        6900            2
        6903           91
        6907          517
        6909            0
        6910          115
        6911         2211
        6912          599
        6914          979
        6917         6255
        6920           31
        6926         1508
        6937          166
        6941         1165
        6947          247
        6951         3698
        6952           76
        6960          107
        6966         1044
        6970          529
        6972          150
        6973          465
        6975          798
        6978          766
        6979         1703
        6980         1095
        6990         1046
        6999         4656
        7005         5362
        7006           13
        7010         2220
        7011          129
        7012         1675
        7021           69
        7027         1631
        7033         2621
        7035         1703
        7051         1348
        7054          805
        7056         5273
        7060         1586
        7063         5227
        7065          167
        7066         1223
        7069          502
        7070          309
        7071         4238
        7075          944
        7082         6381
        7084         1851
        7087         6906
        7093         1863
        7094         5621
        7096         1824
        7102          178
        7116         1364
        7117         9232
        7122          929
        7131          246
        7132         3894
        7136         1050
        7144           13
        7152         8929
        7159         7296
        7163         1992
        7171          106
        7173          936
        7175            5
        7176          524
        7178         8084
        7179         7902
        7180          393
        7185         1465
        7186         3308
        7190         3443
        7194          275
        7196          117
        7197          676
        7204         7137
        7205            0
        7206         5026
        7227         8251
        7228         1701
        7231          503
        7232         2583
        7234            0
        7236           57
        7245         6244
        7247         6952
        7252            0
        7257          805
        7258           65
        7265           53
        7275          230
        7282           23
        7288         4380
        7289          897
        7290         6796
        7299          574
        7301          142
        7303         1622
        7310          621
        7311         4598
        7316           20
        7317         1622
        7319            1
        7320         2582
        7321          863
        7327         8216
        7329          179
        7334         6227
        7338          502
        7339         1951
        7341         4002
        7347         7379
        7349         2744
        7356           92
        7357          334
        7358          686
        7361         7466
        7364         5037
        7369         2748
        7378          209
        7379         8774
        7387           40
        7388          199
        7391            9
        7401           26
        7402         6790
        7423         7052
        7429            0
        7430         1358
        7431         3308
        7436          112
        7442         3931
        7469         2888
        7470         7523
        7478         1873
        7479            6
        7483          229
        7486         5118
        7488           64
        7490         2610
        7494         5840
        7498         4784
        7506            4
        7509         3670
        7510         3996
        7515         3823
        7520         6543
        7525          308
        7529         1802
        7532          705
        7533          166
        7538          112
        7546          191
        7548         2392
        7553          955
        7555          334
        7557         2401
        7558         4711
        7559          111
        7568          385
        7570         3148
        7571         8904
        7578         4906
        7591           23
        7592           32
        7598         1889
        7600           27
        7602         8410
        7607         5358
        7615         7322
        7619         9327
        7630         1098
        7632          809
        7637         5057
        7640           54
        7647          220
        7649            6
        7654         4347
        7655         2013
        7659         2915
        7663         1533
        7667          418
        7668         4849
        7670         5070
        7674         6863
        7677         1365
        7678         5107
        7680            0
        7686          260
        7690           89
        7694         8969
        7696            0
        7698         6546
        7702         2356
        7704         1513
        7705          108
        7707           40
        7711           29
        7718         1205
        7722         1491
        7734          461
        7735         1774
        7741         5467
        7742         4334
        7743         5366
        7760          178
        7762         2152
        7766         2674
        7768           14
        7769         9443
        7771          555
        7773          234
        7775          572
        7786          577
        7795          577
        7796         8665
        7801          179
        7803          232
        7809         2738
        7813         3575
        7819         2774
        7826         5660
        7827         2519
        7828          435
        7839            0
        7841          235
        7843          621
        7844         1509
        7847         6550
        7851          560
        7855          268
        7858            0
        7861          267
        7865         1062
        7878         4771
        7882         5627
        7899            2
        7914         4408
        7917         1646
        7918         7015
        7926          452
        7934           42
        7940          822
        7943           37
        7960         2298
        7963         6171
        7964          759
        7966         5506
        7967         5596
        7970           44
        7985          195
        7989          232
        7991          166
        7992          675
        7993           24
        7995          451
        7998          109
        7999           63
        8000         1491
        8003         1038
        8016          150
        8024         3203
        8030          288
        8034         3299
        8037          286
        8040            0
        8049          140
        8052         7991
        8053           73
        8057            0
        8058           26
        8060           92
        8067           12
        8070          461
        8088          702
        8089          865
        8091          860
        8101          935
        8105           19
        8111         1131
        8116          295
        8118         6929
        8129         5643
        8132         4118
        8134         1391
        8144          129
        8145            7
        8163          342
        8165         2719
        8166           15
        8170           74
        8171         3417
        8186         4224
        8195         3477
        8223         1034
        8229         4790
        8235         5467
        8236          866
        8239           13
        8247         2747
        8271            8
        8275           18
        8278          928
        8280         4454
        8284            1
        8285         4749
        8304         1911
        8324         4308
        8334          275
        8337         8239
        8338          374
        8342            2
        8356           29
        8360         6137
        8361            5
        8373          493
        8375          381
        8379         6550
        8381            8
        8382          584
        8389         2921
        8395          108
        8417            9
        8419          370
        8421          155
        8432         5619
        8433          443
        8434         8993
        8437           33
        8445           46
        8446          775
        8454          178
        8458          305
        8470          576
        8475         7344
        8487         4522
        8512         5042
        8513         4285
        8521           36
        8533         3976
        8537            1
        8548          246
        8552            5
        8559         8184
        8563         6737
        8565          789
        8566         5128
        8577         1934
        8578          822
        8584          288
        8586         1925
        8591           12
        8596         2256
        8617         4055
        8621           57
        8626           23
        8628          109
        8634          760
        8639          291
        8649         2114
        8680         4492
        8683          331
        8695          934
        8699         2895
        8703         3831
        8725            0
        8729         6994
        8744          595
        8765          614
        8781         1699
        8783            6
        8790          902
        8806          589
        8812          621
        8813         2615
        8814           44
        8822         3223
        8826         1840
        8828            7
        8829         6107
        8835         1459
        8884         4507
        8916          370
        8922         3996
        8927           51
        8935          161
        8938          452
        8955         2542
        8957           19
        8971         6266
        9004          775
        9019           76
        9024         7109
        9028         3239
        9038         6438
        9045          158
        9081         3806
        9100            5
        9102          596
        9111         1501
        9112         1217
        9113          529
        9116         2900
        9146          288
        9156           84
        9157          335
        9161           54
        9163            6
        9175         1263
        9179          152
        9184           73
        9191           10
        9201          390
        9211          736
        9218         4174
        9232         4901
        9248            0
        9278           71
        9280          878
        9286          234
        9292          942
        9300         5333
        9305         1957
        9312          775
        9317         4793
        9328         1983
        9339           14
        9342         1275
        9349         9351
