# HaloID(1) HaloID(2)
           0            0
           1            1
           2            2
           3            3
           4           10
           5            4
           6            5
           7            6
           8          583
           9            8
          10           11
          11         4352
          12            9
          13           13
          14         5244
          15           15
          16          462
          17           17
          18          102
          19         1338
          20           31
          21         2253
          22         2181
          23           23
          24           39
          25           44
          26           77
          27          795
          28         1879
          29          120
          30         6780
          31          310
          32           31
          33         1252
          34           34
          35          278
          36          410
          37          797
          38         6030
          39          583
          40           38
          41           40
          42         3683
          43          433
          44          470
          45           45
          46           46
          47          259
          48          372
          49         4306
          50           92
          51           50
          52           49
          53           52
          54          444
          55           53
          56         5199
          57          742
          58         2942
          59           60
          60         1973
          61           56
          62          492
          63         2584
          64            2
          65           21
          66           65
          67         8391
          68         3844
          69          603
          70         4163
          71          147
          72          340
          73         1597
          74            8
          75         2762
          76         1847
          77         1147
          78         3467
          79           51
          80         4878
          81         2002
          82           83
          83         1941
          84          384
          85           91
          86         1731
          87          571
          88          665
          89           87
          90          226
          91         4316
          92           95
          93         4057
          94         1345
          95         3909
          96          164
          98          858
          99          103
         100         7913
         101         1617
         102         1260
         103          946
         104            1
         105         2688
         106           93
         107         1151
         109          112
         110         2836
         111          116
         112          111
         113         4936
         114          712
         115          122
         116          115
         117          127
         118         5360
         119           94
         120         1100
         121         3254
         122          897
         123          123
         124           11
         125          121
         126          806
         128         7617
         129         9213
         130         1384
         131           33
         132         4780
         133         2757
         134          592
         135           92
         136         5348
         137         1068
         138         2705
         139         2335
         140          402
         141         1882
         142          584
         143         3490
         144         8851
         145           74
         146          168
         147          673
         148         4229
         149         3625
         150          153
         151         1031
         152          197
         153          215
         154          261
         155         3349
         156         1356
         159         5631
         160          163
         161           87
         162           22
         163          347
         164         1545
         165          542
         166         2432
         167         2871
         168          383
         169         5363
         170          106
         171         5408
         172         7714
         173          312
         174          212
         175          610
         176         1614
         177           11
         178           35
         179            0
         180         2247
         182          215
         183          621
         184         6849
         185         1747
         186         5529
         187         3213
         188          342
         189         4473
         190          195
         191          194
         192         1561
         193         4630
         194           81
         195         1172
         196          187
         197          198
         198         2694
         199         1381
         200            2
         201         3618
         202         3037
         203           11
         204         2019
         205           71
         206          918
         207         3207
         208         8826
         209          538
         210         5998
         211          664
         212          129
         213         4186
         214         5730
         215         4760
         216         1647
         217          218
         218          485
         219         3772
         220         2179
         221         1824
         222         1193
         223          520
         224         1105
         225          228
         226           32
         228         6131
         229         3330
         230         1364
         231         1170
         232            1
         233          839
         234          166
         235            2
         236            0
         237         1282
         238         3090
         239         7115
         241         6262
         243         2150
         244          665
         245         6681
         246          124
         247          264
         248          252
         249         5335
         250         6511
         251         8308
         252          206
         253          582
         254         6376
         255         4187
         256          262
         257           14
         258          638
         259          660
         260         3021
         261          504
         262          142
         263          138
         264         1561
         265          275
         266           72
         267         7064
         268         7816
         269         3220
         270          305
         271          422
         272           33
         273         1338
         274         3729
         275           54
         276          732
         277         5069
         279         1879
         280           32
         281         1313
         282         1338
         283          558
         284         1107
         285            1
         287         4491
         288         8545
         289         1582
         290         5642
         291          185
         292         7055
         293         5386
         294         3857
         295          160
         297         5940
         298          299
         299         3929
         300          296
         302          429
         304           14
         305         3457
         306         1330
         307          427
         308          893
         309          940
         310         3454
         311          277
         312         3536
         313         4050
         314           24
         315         1391
         316          517
         317         3072
         318         7127
         319          314
         320          579
         321         2165
         322           31
         323          381
         324         1909
         325         2292
         326          945
         327         1559
         328          134
         329         8093
         332          337
         333         3876
         334          972
         335         2144
         336         3425
         337           18
         338          844
         339         1587
         340         7051
         341          264
         342          126
         343          345
         344          405
         345         9215
         346           33
         348         7010
         349         2347
         350           30
         351         2842
         352         1614
         353          356
         354          277
         355         1592
         356          735
         357          939
         358         2715
         359          168
         360         6946
         361         5281
         362          764
         363          212
         364         9491
         365          450
         366          366
         367          305
         368         7768
         369         7044
         370          377
         371         1376
         372         6094
         373          328
         374         2563
         375          278
         376         2378
         377          371
         378         1502
         379          411
         380         1384
         381         3160
         382          159
         383         1160
         385         2254
         387          391
         388         1287
         389          395
         390         4549
         392          449
         393           66
         395           14
         397          689
         398           21
         399         5101
         400          406
         401         4574
         403         7509
         404          405
         405            6
         406          117
         407          642
         410         1404
         411         2857
         412         1995
         413            0
         414           24
         415         2491
         416         1114
         417           35
         418           14
         419         2221
         420          402
         421         4075
         422           77
         424           35
         425         1647
         426         2983
         427          792
         428          168
         429           40
         430          225
         431         1199
         432          575
         433         1649
         434         5504
         435         5060
         436          476
         437         1299
         438         2064
         439         2571
         440          113
         441         7915
         444          523
         446          172
         447          253
         448          926
         449         6351
         451         1810
         452         2240
         453          130
         454          607
         455           37
         456         1561
         457          459
         458         3603
         459         5539
         460          624
         461            9
         462         4188
         463         3790
         464           44
         465         5904
         467          471
         468          791
         469         6576
         470         3619
         471         3708
         472         6182
         473         1522
         475            0
         476         4862
         477          105
         478         2743
         479          998
         480         6488
         481         2623
         482         1406
         483          163
         485         4536
         486         2830
         487           30
         489         1013
         490          521
         491         7794
         492         3578
         493          383
         494         9085
         495         2902
         496         5199
         497           14
         498         2277
         499          389
         500          410
         501          369
         502         4946
         503         2097
         504          511
         505          168
         506         5400
         508         8556
         509          446
         510           22
         511           80
         512          301
         515          932
         516          518
         517         6310
         518         1514
         520           42
         521         1549
         522           31
         523          465
         524         1155
         525         1749
         526          528
         528          530
         529         1185
         530         1532
         533            0
         535           50
         536         1259
         538         2620
         539          251
         540         2971
         541         3733
         543         1708
         544         4743
         545           31
         546          546
         548           71
         549          550
         551         4166
         552         5156
         555          565
         556         3534
         559          559
         560         2105
         561         5063
         562            2
         565          144
         566          387
         567         3638
         568         1041
         569         7616
         570           79
         571         5024
         573            0
         575         6492
         576           98
         579           48
         581         4985
         582         7388
         583         4598
         584          297
         585         7980
         586          985
         587         1243
         588         4842
         589         4525
         590         8001
         592         1667
         593         7086
         594         3081
         595         1981
         596         4110
         597          270
         598          253
         601           39
         602          990
         603         2803
         604            0
         605         1001
         606         4634
         607         2634
         608         3400
         611          609
         612          375
         613          733
         614           16
         615          774
         616         5672
         618         6582
         619          214
         620         1740
         621         1140
         622          154
         623           63
         624         6600
         625         1619
         627         5684
         628         7152
         629         5948
         630         3307
         633           78
         634         9318
         636          248
         637         7123
         638         2485
         639         1644
         640         8984
         641          891
         642         4617
         643         3486
         644          573
         646           14
         647          977
         649          516
         650          651
         651         8931
         653           39
         654           44
         656         1100
         657           91
         660         3467
         661         5317
         662         9245
         663         2607
         664          374
         665          184
         666           24
         668          580
         669         1069
         670           48
         671         7572
         672          967
         673         3038
         674         9344
         675          136
         676         5607
         677         7528
         678          174
         679         8811
         681          713
         682          945
         683         5093
         684         1155
         686          206
         687         2698
         688          701
         689           29
         690          661
         691          806
         692          101
         693         3264
         694          719
         695         2150
         696         4762
         697         4067
         698           65
         699          511
         700         2242
         701           47
         703         9345
         704         8918
         705          156
         706         5547
         707         4726
         708          364
         709         4514
         710         2280
         711         7192
         712          278
         713         3343
         716          121
         717         1728
         719         4871
         720          728
         721         8662
         722         1641
         723           54
         724          715
         725         1927
         726          866
         727          817
         729         1063
         730          894
         733         7907
         734         1263
         735          434
         736           75
         737          719
         739           73
         740          109
         741         5242
         742          620
         743          523
         744         2091
         745          167
         747         1230
         749         8194
         754           72
         757            0
         759          146
         760          710
         761         1858
         763         5648
         764          413
         766           98
         767         8089
         768         1618
         769         1534
         770           87
         771          224
         772         1568
         774          172
         775          533
         776         8843
         777         2683
         778         2243
         779          944
         780         1470
         781         1735
         784         5006
         785          406
         786           14
         787         2453
         788         9400
         789         2181
         790          671
         791         6637
         792         9123
         794          582
         795         4274
         796          353
         797          467
         798         7226
         799          941
         801         5558
         802           10
         803         3990
         804          515
         805         1331
         809           72
         810           21
         811         6557
         812         6114
         813          152
         814           44
         815          813
         817         3746
         818          408
         819          327
         820         3688
         821         3366
         822           14
         823         9506
         824          529
         825         1116
         826           11
         827          360
         833          466
         838         5877
         839         4595
         841          824
         843         3004
         845         3130
         846           26
         848         2728
         849          776
         850          837
         851          825
         852           37
         853           24
         854          792
         855          322
         857          518
         858          239
         859          578
         860          462
         861           27
         863         2495
         864         1110
         865         5686
         866          350
         868         3386
         869          853
         870          333
         873          341
         875           74
         876           33
         877         5052
         878         1195
         879          870
         881          536
         882          568
         883           14
         884         4272
         885          361
         886          998
         887          736
         888         3209
         891         2166
         892         4477
         893         3400
         894         7619
         896         2233
         897           84
         899         1572
         900         3883
         903         3608
         905          212
         906           66
         907         7687
         908         2007
         909          191
         911          311
         912          115
         914         1557
         916          917
         917          905
         918         1632
         919         5973
         920         8352
         921          527
         922           21
         923         1974
         924         1296
         925         1935
         926         1597
         927          781
         928         9471
         929         3879
         930          647
         931         3529
         932         8111
         934          122
         935          272
         937          952
         938          774
         941         1070
         942          799
         943          766
         944          537
         945         1167
         947         1525
         948          955
         949         3293
         951          954
         952         3367
         953          604
         954          943
         956         1553
         957         1038
         958         4904
         959          734
         961         1458
         962         5336
         964         2925
         965         4246
         966          962
         968         9112
         969          325
         970            9
         971         3511
         975         5816
         976          841
         977         4047
         980         3652
         983         6925
         985         8791
         987          794
         989         6411
         990          241
         991          996
         994         7300
         996          979
        1000         9123
        1002         2753
        1003          154
        1005         1026
        1007         2774
        1008         3680
        1009         1019
        1010          689
        1011          712
        1012         2675
        1013          983
        1015          823
        1016         4117
        1017          606
        1018         6825
        1019         1597
        1020         2783
        1021         1068
        1022         4305
        1024          131
        1026         1028
        1027         3904
        1028          627
        1029         1473
        1030          548
        1031          593
        1033         5709
        1034            0
        1035         1264
        1036          489
        1038         5202
        1039         1868
        1040         2254
        1044         2925
        1045         1046
        1046          871
        1047         6948
        1048         4651
        1049           41
        1050         8056
        1052          976
        1053         3132
        1055         1912
        1056         9385
        1059         7163
        1060          932
        1063         9404
        1065           33
        1067            7
        1068         6164
        1070         6630
        1072         1080
        1073           21
        1074         9609
        1076          702
        1077         3975
        1079          680
        1081          148
        1082          506
        1083         1827
        1084         7133
        1085         2111
        1088           28
        1089          453
        1090          423
        1091          210
        1092         2604
        1094         3812
        1095         2257
        1096          343
        1097          247
        1098          355
        1099         1852
        1100         1500
        1101          897
        1103         4696
        1105         2811
        1106          564
        1107            8
        1111           56
        1112         2315
        1113         4490
        1116         4757
        1119         5395
        1121         6637
        1122          230
        1123           92
        1126          212
        1127         1214
        1128          334
        1130         2452
        1133         1139
        1136           76
        1141          254
        1142         1582
        1143          803
        1144         6786
        1149         3879
        1150         8327
        1151         3349
        1152         2475
        1153         1063
        1154            0
        1155           94
        1156          162
        1157          680
        1158         1127
        1160         9472
        1162          611
        1163         6639
        1164         4346
        1165         3790
        1166         9409
        1167           42
        1168         1175
        1169         7135
        1170         2087
        1171         8487
        1173         6318
        1176          872
        1177          148
        1178         3970
        1180         1184
        1182         1190
        1183         1868
        1187         6534
        1188         9608
        1191          327
        1192           91
        1193          645
        1194          221
        1195           95
        1196           47
        1197         4168
        1198            0
        1199         1420
        1200          857
        1202         6076
        1203         3923
        1204         6156
        1206           75
        1207          716
        1209          484
        1211         1046
        1212         2037
        1213         1045
        1217         4229
        1218         1296
        1220          310
        1222         2113
        1226          372
        1227         1229
        1228         1333
        1229          473
        1237           72
        1238         1327
        1239         9486
        1240           70
        1242         6762
        1243         1002
        1244          669
        1245         6423
        1247         1243
        1248          174
        1249           42
        1250           63
        1252         8462
        1253         1030
        1254          161
        1255         2070
        1256         9250
        1257         2302
        1258         5913
        1259          624
        1260         1396
        1261         2288
        1262           33
        1263          686
        1266          452
        1270          126
        1273           26
        1274          161
        1276          299
        1278          102
        1279         6063
        1280          206
        1281          102
        1282         2884
        1283          294
        1285         4893
        1287         1291
        1289         2837
        1290         1267
        1291          625
        1294         3245
        1296           22
        1297         2895
        1298          218
        1299         4948
        1300         1282
        1301         1197
        1304          471
        1306         2411
        1307          343
        1311         4062
        1313          161
        1314          139
        1316          771
        1317         1290
        1318         1868
        1323          543
        1324         3188
        1325          529
        1326         1305
        1328         2303
        1329           69
        1330         1510
        1332         8300
        1333         2217
        1336         1186
        1339          599
        1340         1332
        1341           81
        1342         2299
        1343         1927
        1345          482
        1347          243
        1348          304
        1349          457
        1354         4842
        1355         1766
        1357         1573
        1358          480
        1359            1
        1362         2254
        1364          322
        1366         2531
        1367          167
        1369         1370
        1370         9068
        1371           24
        1372         6116
        1373         1390
        1376         1368
        1379         1239
        1380         1508
        1383          114
        1384         1672
        1387         1593
        1388         3386
        1389         1383
        1390         6259
        1391          756
        1392         5108
        1401         3192
        1402         5528
        1404         5648
        1406          296
        1410         1409
        1411          811
        1413         6092
        1417          434
        1418         1263
        1419           63
        1420         6631
        1424           14
        1425           69
        1427          358
        1428         4464
        1429         2923
        1432         1077
        1434         4828
        1436           61
        1440          103
        1442           65
        1443          165
        1444         6625
        1446         3902
        1447         3881
        1449         7044
        1458         1407
        1460         2604
        1461         4409
        1462         2397
        1465         6526
        1466         4349
        1467          339
        1468          467
        1469           60
        1471          271
        1472         1479
        1474         9107
        1476         9216
        1477         6547
        1478         9503
        1479         1402
        1481           14
        1482         5376
        1483            1
        1484          473
        1485         5089
        1486          695
        1487         3022
        1488         8927
        1490         9483
        1491            2
        1492         1483
        1494           33
        1497           72
        1499          387
        1500         3483
        1502         3656
        1503            9
        1505           90
        1506         6481
        1512         1627
        1516         1487
        1517            0
        1521          194
        1522         1810
        1525         2347
        1527         1548
        1528           72
        1529          537
        1532           69
        1533         1056
        1535         1172
        1537          796
        1538         1544
        1541           33
        1545         5416
        1546          323
        1549          357
        1550         6519
        1551         2962
        1552         5037
        1553         2650
        1559          641
        1562          852
        1563          335
        1564          335
        1566         1554
        1568         2041
        1569          205
        1570          209
        1571          329
        1572          737
        1574         4877
        1575          158
        1576         1581
        1581         3064
        1582         2334
        1584         3080
        1585         6416
        1586         2136
        1587         2347
        1588          612
        1589          134
        1591         1596
        1592         2247
        1596          978
        1603          748
        1604         7568
        1605         3449
        1606         1246
        1608           68
        1610         1035
        1612         1257
        1614         6318
        1617          937
        1618           57
        1619          266
        1620         4681
        1621         3053
        1623         5536
        1624         9168
        1626         1636
        1628         3202
        1630          197
        1632          619
        1634          361
        1636         5820
        1637         1713
        1638         9296
        1639         1680
        1641           27
        1642         1027
        1644         4674
        1646         1667
        1647         1815
        1649         1779
        1653           14
        1655          318
        1657         7384
        1658         1658
        1665         5416
        1668         1125
        1670         9406
        1671         3187
        1673         7430
        1676          474
        1678           65
        1679          593
        1682         6019
        1686         1764
        1687         6372
        1689          864
        1690         1005
        1694          161
        1695         1686
        1697         5117
        1699          212
        1702         4382
        1703           72
        1704          548
        1705         1707
        1706          197
        1710           56
        1711         7679
        1712          760
        1713            0
        1714         3550
        1715          678
        1717         8969
        1723         3710
        1724         5957
        1725         1369
        1726          939
        1732         3478
        1733         4848
        1735          233
        1736           63
        1737         3808
        1738         1573
        1739          639
        1742         8551
        1744         3988
        1745         1787
        1746          203
        1747         1778
        1748         1341
        1749         9293
        1752            2
        1759         1778
        1761         7802
        1762         5949
        1763          761
        1769          544
        1771          971
        1772           37
        1773         1264
        1776         3561
        1779          333
        1780          152
        1781         2902
        1783         5914
        1784           37
        1785         1048
        1786         6244
        1787         5540
        1788         2034
        1791          140
        1793           43
        1795           76
        1797         1806
        1798         8973
        1799         3859
        1800         5812
        1802           19
        1803         2499
        1804          155
        1805          403
        1808         1646
        1811         1456
        1813         3601
        1814           90
        1816         5360
        1817         1013
        1818          255
        1819          409
        1820          228
        1821          241
        1827          619
        1829         5363
        1831         3322
        1832         1094
        1833         3966
        1835         7464
        1838          318
        1841         1905
        1843         2098
        1844         1171
        1845          627
        1846         8980
        1847         3173
        1848          402
        1851         1520
        1852          294
        1853           55
        1854         2951
        1858         3364
        1861         1436
        1862         1113
        1863         4996
        1864            0
        1866         1024
        1870         2020
        1871          542
        1875         4128
        1876         5125
        1878         5160
        1879         4071
        1882         1892
        1884           34
        1886         4672
        1887         1803
        1889          889
        1892         6650
        1893         4585
        1896         1653
        1898         1906
        1899          107
        1902         9237
        1904            0
        1905         1512
        1906         9081
        1907         2187
        1908         4453
        1910          159
        1911         8770
        1916           90
        1921         2652
        1922          177
        1923         2388
        1924         1731
        1925          935
        1927         6935
        1928         3448
        1930          150
        1931          407
        1932          234
        1933         1929
        1935         1745
        1936          915
        1938          979
        1940         1934
        1941         8192
        1943         1607
        1944         3694
        1945         8035
        1947          489
        1948         2041
        1949          494
        1950         7255
        1952          256
        1953         2790
        1956          294
        1957          270
        1960         3617
        1961          176
        1962          208
        1963         8266
        1964         8111
        1965         1874
        1968           83
        1969         1988
        1970          645
        1971         2842
        1972         3441
        1973         5179
        1976           69
        1978            9
        1979          114
        1980         8696
        1982          147
        1983         4967
        1985         2027
        1988          512
        1990         1459
        1991         4407
        1992         1963
        1999          511
        2000         8170
        2001         3959
        2002         1849
        2005           65
        2006          900
        2007         9532
        2008         2003
        2009         2191
        2010          105
        2011            8
        2012         2003
        2013         1153
        2014         3263
        2018         4933
        2019            6
        2024         1252
        2025            5
        2026          429
        2028         5281
        2033            1
        2034            5
        2035           14
        2040         2037
        2043          501
        2045         2408
        2046          161
        2047         2073
        2052         3077
        2053         3207
        2055          656
        2056          672
        2058         3641
        2059         7669
        2062         2476
        2066          957
        2068          598
        2070         3793
        2072         6843
        2073         4396
        2075         9107
        2081           17
        2083          260
        2087         1136
        2095         7003
        2097         2211
        2098         1047
        2099          176
        2100         7913
        2101          941
        2103         1747
        2105          452
        2110          955
        2112         1003
        2114           45
        2115         1217
        2116         7887
        2118         6807
        2120           15
        2122         1653
        2124            0
        2128          240
        2129         2149
        2130         2442
        2131          147
        2134          162
        2136         3665
        2139         2329
        2142         2899
        2147          350
        2151         3384
        2152         3207
        2153          290
        2154           14
        2160          713
        2163         3213
        2165         7054
        2173         1251
        2175         8486
        2178         4905
        2180         2360
        2185         6927
        2186         6843
        2187          351
        2188          575
        2189          520
        2190          269
        2194            1
        2195          866
        2197          735
        2198           41
        2201          161
        2202         1572
        2204         3608
        2208           14
        2209          147
        2211         2257
        2213          609
        2214         6079
        2215         1577
        2216           34
        2218         1176
        2220          992
        2221         5233
        2222          903
        2225         6370
        2226           96
        2227         1909
        2228          126
        2231         6209
        2234         2728
        2236         5553
        2241         2244
        2242         7759
        2243          672
        2244           97
        2247          320
        2250           29
        2255          614
        2258          478
        2259           28
        2260         4630
        2261           23
        2267         2842
        2268          318
        2269         2224
        2273          408
        2274         2533
        2275          698
        2276         1054
        2278           70
        2280         2808
        2281          128
        2282          661
        2283           40
        2284         2146
        2288         1205
        2292         1844
        2294         5059
        2296         9323
        2299         2082
        2303         3905
        2304         2299
        2305         1231
        2306          927
        2309          421
        2310          744
        2314            0
        2315          812
        2318         2185
        2322         3310
        2323           92
        2325         4656
        2327         3736
        2328         1229
        2329         5076
        2330         3378
        2331         9238
        2332         4499
        2336          869
        2339          213
        2342          500
        2344          483
        2345         1206
        2349          172
        2351          283
        2352          982
        2355         6329
        2358          306
        2361         6806
        2362         1919
        2363         3710
        2365          784
        2366          109
        2368           82
        2370          754
        2371          446
        2374          724
        2375          628
        2377         2330
        2378         4832
        2379         1571
        2381         2363
        2382         1816
        2383          759
        2384         5451
        2385         5535
        2387          294
        2388         3133
        2391            0
        2394         2191
        2401         1391
        2403           48
        2407          220
        2409         6887
        2410         3815
        2413         1140
        2414          241
        2415         6569
        2418          211
        2419         1232
        2420           93
        2421          261
        2422         2091
        2423         2540
        2427         1981
        2428          824
        2429         2467
        2431          483
        2433         3456
        2435          211
        2436         1601
        2437         1532
        2439          179
        2442            8
        2443          434
        2445         6115
        2447          197
        2455          472
        2457         3680
        2459           39
        2460         2507
        2462            7
        2463          209
        2464         4221
        2465          214
        2466          118
        2467          169
        2469         2492
        2470         2757
        2475          367
        2477         1592
        2482         3565
        2484          845
        2490          979
        2491         6143
        2492           83
        2493          333
        2495         6283
        2496         2166
        2497         1436
        2498         5992
        2499         4479
        2502           57
        2508          126
        2512          145
        2513         2906
        2514         4453
        2521         4516
        2525         1484
        2526         8744
        2530         5006
        2531          212
        2532         4954
        2535         5894
        2536         4004
        2537           84
        2542           87
        2546         2998
        2547         1081
        2548         2690
        2549         2541
        2550          174
        2551          991
        2554          976
        2555         5807
        2556         3316
        2558         8491
        2560         8385
        2562           17
        2566         3370
        2567         7884
        2572          124
        2573            2
        2574         3970
        2581         1013
        2582         2670
        2597         2576
        2598         1121
        2600         3902
        2602          264
        2603         1083
        2604         3635
        2606         6479
        2609         3082
        2614         4520
        2616          548
        2617         6656
        2618          459
        2621         2588
        2622          521
        2623         8448
        2625         1082
        2632          372
        2634         8812
        2635         4405
        2637         4301
        2640          537
        2642           63
        2643         7954
        2646          106
        2647         2327
        2651            8
        2653         6667
        2659         2971
        2660           40
        2661         8766
        2664           21
        2665         7823
        2668          975
        2671         6067
        2672          484
        2676         4164
        2680          252
        2683          692
        2685         6733
        2687          957
        2688         5064
        2689          341
        2691            2
        2692         2721
        2698         4869
        2699         5894
        2703         5193
        2704          162
        2705         4292
        2711         2275
        2712          134
        2713         9491
        2714         1988
        2715            0
        2718         1038
        2720         5812
        2721          550
        2722          304
        2723          102
        2725          674
        2726         1635
        2728          256
        2730         2776
        2733         2701
        2734           74
        2736          813
        2738          355
        2739          791
        2743          227
        2744         1880
        2745         2261
        2748         2365
        2752         3671
        2757         6653
        2760         6982
        2761           10
        2765          458
        2766          540
        2768         6147
        2770         4211
        2772         3254
        2773         1451
        2775         5844
        2776         5686
        2779         2802
        2781         1798
        2782         3775
        2788         5517
        2789         4426
        2790           31
        2791          212
        2792          191
        2793         1310
        2795         1512
        2798         9524
        2804         3436
        2805         7759
        2808         5006
        2809         2076
        2815          787
        2817         4884
        2818         2918
        2820          606
        2822         3425
        2823          649
        2827         5333
        2828         3186
        2829         6878
        2830          698
        2833           83
        2834         2252
        2837          605
        2839         7585
        2840          625
        2841          360
        2842          208
        2843          488
        2845         2063
        2846          608
        2847          584
        2850         6885
        2852         1062
        2853           93
        2855         3675
        2858         3011
        2859          260
        2860         5101
        2861          524
        2864          294
        2865         1501
        2869          848
        2877          168
        2880          618
        2881         3262
        2882         2785
        2885          422
        2888          706
        2890         1153
        2892          776
        2894         7464
        2896         6793
        2900          163
        2901         5255
        2903         8458
        2906          788
        2908         2953
        2911         2887
        2914         2570
        2917         5814
        2922          684
        2925         4068
        2929          279
        2930          631
        2931         7633
        2932          290
        2934         8392
        2935         2254
        2939           86
        2944           64
        2946           75
        2949         7670
        2950          277
        2952         3199
        2954          838
        2957          811
        2958          713
        2960         2721
        2961          256
        2963          464
        2965           27
        2966          133
        2968         2641
        2969           63
        2970         6932
        2973         8423
        2975         2739
        2976          129
        2977         8213
        2979         1436
        2980           72
        2981         5870
        2982            0
        2987           34
        2988         9500
        2989          789
        2990         5504
        2992         2924
        2993         2863
        2994         2335
        2996          497
        2997            8
        3001          486
        3003         2360
        3004         2839
        3005         4091
        3010         1400
        3013           10
        3014         4497
        3018         2897
        3025          886
        3026         2539
        3028            0
        3029          604
        3030           98
        3033         1083
        3036         6187
        3038          436
        3042           26
        3044         2716
        3045         1288
        3048          130
        3055         2326
        3056         1055
        3063          351
        3066           18
        3068         3005
        3069         2954
        3070         7935
        3073         5042
        3074          222
        3079         6887
        3082          500
        3087         2271
        3092         2985
        3096         2343
        3097           71
        3099          141
        3100          470
        3103            5
        3105         4013
        3106         2924
        3107         3611
        3109         6562
        3111          110
        3112         1237
        3113          262
        3116         1045
        3117           90
        3120           22
        3123          529
        3124         3114
        3125          423
        3131         8285
        3132         4845
        3137         3054
        3138          464
        3139         4024
        3143         3249
        3146          455
        3149         1175
        3150          615
        3152          786
        3153          880
        3155          852
        3157         3831
        3164          192
        3170         1785
        3172         5548
        3175            0
        3179            0
        3182         3041
        3183         3124
        3186         2664
        3190         2027
        3191          938
        3192         1534
        3193         6069
        3196         1926
        3200           68
        3202         4560
        3205         3191
        3210           88
        3215         7706
        3216          848
        3217          318
        3219         3623
        3220         7917
        3221          228
        3224          522
        3229         6156
        3231         2837
        3234            0
        3236         6153
        3239          886
        3243         7615
        3246         6448
        3247          501
        3249         2416
        3250          770
        3251         7463
        3256         4879
        3258          126
        3260         2461
        3261         3011
        3263         1581
        3264          103
        3265          818
        3267          691
        3269         3201
        3270         2792
        3271         3285
        3272          515
        3273          184
        3280            2
        3281         7897
        3282            3
        3286         7398
        3287          180
        3289          222
        3295         8136
        3300          719
        3304          529
        3305         9507
        3306         3004
        3307          192
        3308         8765
        3309         4278
        3310          550
        3313         4301
        3314         4868
        3316          149
        3321         3977
        3322          271
        3325           43
        3327         4182
        3329         8717
        3330         1258
        3331          307
        3333         2224
        3336          754
        3338         3124
        3339          715
        3343         3483
        3344          198
        3346         2636
        3356         1083
        3359            2
        3360           19
        3364           57
        3367           17
        3368          863
        3371         2172
        3374         1761
        3375         7674
        3376          176
        3379          522
        3381         5749
        3385          123
        3387           17
        3388           54
        3390          449
        3391         1026
        3392          789
        3396         1081
        3397            6
        3401          476
        3403         6729
        3406            7
        3412           40
        3414           30
        3415          449
        3416          360
        3417         1317
        3418          333
        3419         1116
        3421          615
        3425          341
        3426           27
        3427         3340
        3430         3405
        3431         4498
        3432         4173
        3433         1345
        3434          531
        3435         4290
        3436          438
        3437           14
        3440          244
        3446         7483
        3447         3578
        3449         5090
        3450           37
        3451          280
        3453          162
        3454          954
        3458           38
        3463          141
        3464         2221
        3465           29
        3478          304
        3481         6094
        3482         1672
        3483         1369
        3484          650
        3485            8
        3487          321
        3489         3476
        3497         3481
        3498           30
        3502         2857
        3505          361
        3507          108
        3508         5339
        3513          219
        3514         3299
        3518         1172
        3523         2823
        3525          803
        3528         4967
        3529          301
        3531          882
        3532         4671
        3533          566
        3534         1554
        3535         4696
        3536         2212
        3537         1575
        3541          209
        3542         3569
        3544         4484
        3546          678
        3549          164
        3551         3413
        3553         5584
        3555          214
        3557          222
        3558         7838
        3559            2
        3560          187
        3568            2
        3572         7209
        3573         2327
        3575         1107
        3579         3510
        3580         2787
        3583         2319
        3585         1613
        3586           25
        3597         5624
        3598            1
        3599          488
        3602         3305
        3605          343
        3607           52
        3609         1281
        3611         3329
        3612          858
        3614         1994
        3618          537
        3619         6475
        3620          492
        3621          271
        3622         1214
        3629          607
        3634         2808
        3636            1
        3637          115
        3638         1453
        3641          444
        3643         5886
        3646          456
        3648          530
        3650          982
        3657           69
        3659         4308
        3661         8327
        3662         6310
        3664         3295
        3665            0
        3666          335
        3667         1242
        3669          281
        3672          107
        3679         7298
        3684           68
        3685           13
        3687         3491
        3688         1358
        3689          299
        3690         7829
        3692            6
        3693         5232
        3694           87
        3695            8
        3698          238
        3700         6723
        3704         4313
        3705         1366
        3708         6653
        3709         2195
        3711          404
        3719         2234
        3721         6737
        3722         3682
        3723         1501
        3724         4876
        3726         2017
        3727           37
        3729         6395
        3730          199
        3731         8521
        3733         3299
        3735         1338
        3737          276
        3739         1999
        3745          296
        3746         1800
        3747         8662
        3753          897
        3757          195
        3759         5934
        3761          796
        3764         1165
        3765          103
        3766          596
        3768          130
        3770          541
        3775         3661
        3776           45
        3777         8171
        3781         1464
        3782         4196
        3787         6873
        3791         1145
        3792         4742
        3793         3778
        3795          537
        3797          124
        3798         4900
        3803          576
        3810         3253
        3811         1165
        3812         6232
        3817         1331
        3824         3030
        3831          270
        3834         1701
        3840         4750
        3843          404
        3845         6910
        3850          271
        3857          104
        3860          370
        3862          252
        3867           15
        3868         6551
        3870          132
        3871         3130
        3876          326
        3879         1407
        3881         2066
        3882          271
        3883          278
        3884         3313
        3889          231
        3890         1101
        3892           40
        3893         3786
        3897         1045
        3898         7829
        3902         4288
        3905         7003
        3907          363
        3910           57
        3912         1614
        3913         5230
        3914          257
        3916         4588
        3922          523
        3925         4262
        3926         2419
        3927            8
        3928         1453
        3929         1557
        3932         1038
        3938            0
        3943          671
        3944         3757
        3945           86
        3947          858
        3952         7419
        3953          343
        3954          366
        3974         1165
        3979          796
        3987         3529
        3988           90
        3989         1483
        3990         1502
        3998         2082
        4001          523
        4007         1848
        4012         1140
        4014            8
        4015         1987
        4016          727
        4018         6462
        4019          194
        4022           42
        4023         4231
        4024          379
        4026          115
        4028           96
        4032          478
        4034         2853
        4035            0
        4039           17
        4040         2056
        4041         1171
        4044         6513
        4046         1711
        4049         1483
        4051          426
        4061         6217
        4066          432
        4069         8008
        4072         1713
        4080         1047
        4081          578
        4083           43
        4089         3282
        4090          199
        4091          488
        4094         3897
        4097          930
        4103         5810
        4104           11
        4106           92
        4107          150
        4108         1302
        4110         5628
        4119           96
        4125         1500
        4126         1627
        4129         5306
        4130         1824
        4131         3239
        4132         3938
        4133         1440
        4135          815
        4136          257
        4138         2101
        4139         7075
        4140          631
        4141         4055
        4142           45
        4145           13
        4148          372
        4153         3929
        4154           42
        4155         1691
        4157         1890
        4158         5707
        4159          154
        4160         1562
        4167         1354
        4170          919
        4171         1056
        4178           18
        4179           12
        4180           72
        4181         5230
        4182          811
        4183         2388
        4186          129
        4189          279
        4190         3596
        4192         3772
        4195         4274
        4196          161
        4200          439
        4202           72
        4204         4418
        4206         4128
        4207          253
        4208          784
        4211         2788
        4212          155
        4216         7752
        4219          246
        4224         3109
        4226          456
        4228            0
        4234         2036
        4237         8132
        4240         4012
        4242            8
        4243          209
        4245           33
        4246          245
        4247            0
        4251         4625
        4253           72
        4256          269
        4258           50
        4259          923
        4260           43
        4268         3915
        4274          457
        4277           34
        4279         4502
        4280          596
        4281          126
        4291          320
        4292          126
        4293         1153
        4294         9526
        4295         2212
        4296            0
        4297          141
        4299         1623
        4304           16
        4307           48
        4313         5730
        4315           46
        4316         3860
        4321          218
        4323         3990
        4324          131
        4326           63
        4330           29
        4331         6033
        4333          144
        4341         2495
        4343           98
        4344          480
        4351         2493
        4352         2351
        4355          386
        4356          154
        4357         3551
        4362         4006
        4365         1283
        4367          252
        4370          161
        4374         6843
        4375         2135
        4378         3141
        4382          391
        4383          134
        4384          378
        4388           78
        4389          102
        4392         4079
        4393           25
        4394         1947
        4395         8014
        4396            0
        4398         4340
        4400          107
        4403         1000
        4405            8
        4406         2094
        4418         1611
        4419          298
        4426         5509
        4429         1555
        4430          469
        4431         7340
        4435         4467
        4437            0
        4440           23
        4446          516
        4448            0
        4449         4883
        4455         2829
        4460         1366
        4464         1364
        4465         3995
        4467          167
        4469         1713
        4471           83
        4472          406
        4473         1264
        4476           29
        4478         3559
        4479          352
        4482         2453
        4488           49
        4492          223
        4495         5810
        4497           18
        4500         2442
        4501            0
        4503          212
        4504         3712
        4505         1486
        4506          421
        4507          418
        4514          488
        4516          961
        4520         2523
        4521         3486
        4527         4522
        4530         2936
        4534           63
        4537         1392
        4539          198
        4544         4244
        4555          255
        4556           74
        4557         2717
        4561          915
        4562         2926
        4563          419
        4565         3253
        4566           91
        4567          806
        4569         4520
        4571          246
        4577           25
        4584         5024
        4590         2006
        4599         3423
        4600         1051
        4602         3791
        4605         2180
        4611         4800
        4613           55
        4614         5600
        4617          775
        4618          322
        4620         3166
        4621         2531
        4626          550
        4628         1054
        4629           11
        4637         3265
        4640          289
        4642         1596
        4644            0
        4651           40
        4655         3077
        4667            7
        4670         6058
        4673         2689
        4674           73
        4675           63
        4678         1256
        4679          516
        4681         2043
        4683         5009
        4685         2022
        4686          122
        4699         7635
        4704         1005
        4705         8283
        4707           52
        4708          285
        4709            0
        4711          895
        4712         7946
        4713         1346
        4715         2296
        4717         2938
        4720          893
        4725          866
        4737         4366
        4743          532
        4745         6109
        4747         4235
        4754           34
        4755         1696
        4756            0
        4757         4313
        4759         3712
        4763          316
        4766           45
        4767         6285
        4781         4084
        4782         3340
        4785         4557
        4798          132
        4803         7881
        4808         3993
        4809         3666
        4810         3943
        4812            7
        4813         4777
        4816         7044
        4817         1459
        4818         4880
        4823          209
        4824         5320
        4826            5
        4827           61
        4828          787
        4834           51
        4837         3635
        4841         2048
        4842          150
        4853         3183
        4854         6156
        4855         1296
        4856           13
        4857          610
        4860         3795
        4862         3043
        4863          554
        4867         1150
        4868          735
        4871         1199
        4879         2642
        4884         4420
        4888         1514
        4889         6077
        4890         2926
        4891         2125
        4894           17
        4895          701
        4897           37
        4900         3023
        4902          332
        4906         2546
        4907           65
        4908         2049
        4919         2936
        4922         4414
        4923         4186
        4924         4479
        4931           79
        4936           16
        4938         1626
        4939           96
        4940          675
        4945          363
        4946         2350
        4951         4607
        4952         1717
        4953           96
        4960           64
        4965         1558
        4967         4451
        4968           57
        4969          136
        4971          591
        4972         1993
        4973         1309
        4974          322
        4977         6834
        4985         1585
        4987          222
        4988          159
        4990          760
        4993          662
        4996          141
        4997         9589
        4999         3369
        5003          561
        5004          314
        5005         5395
        5007          594
        5011         5029
        5012         6404
        5014           86
        5015         5835
        5018          590
        5024           12
        5025          611
        5028           96
        5033           88
        5034         7466
        5038         1296
        5045           63
        5046         2546
        5047          124
        5048         3556
        5050         6293
        5055            1
        5060          941
        5064         1115
        5066         6898
        5068         8487
        5071         4670
        5072           71
        5074           30
        5077         2883
        5079         2752
        5082          391
        5084         7966
        5091          421
        5095         3476
        5098         6048
        5100         1003
        5102         1381
        5104         1555
        5106         4816
        5107           54
        5115         6882
        5118          667
        5120          211
        5124         1386
        5125          187
        5129          169
        5130          641
        5132         5112
        5133         2586
        5135           59
        5136         6572
        5138           36
        5139         2481
        5140         3257
        5141            0
        5142         1190
        5144          815
        5147         1906
        5150          281
        5152         9385
        5155          984
        5156          177
        5157         5152
        5160         1263
        5163          420
        5165         6407
        5169          162
        5171          838
        5173         2007
        5176          373
        5178            0
        5179         1237
        5183          115
        5184          134
        5185         5205
        5199         2410
        5201         1099
        5204          678
        5213         8629
        5221           52
        5225         2316
        5230         2975
        5231          320
        5232         5206
        5234          694
        5242          397
        5250          284
        5251         2525
        5252         4634
        5256          306
        5257           86
        5258           16
        5260         3997
        5266         2466
        5269         2803
        5272          129
        5277         5094
        5278         1701
        5282         5171
        5283          381
        5287            3
        5290          120
        5291         6653
        5292            0
        5295         6733
        5297         1035
        5299         5528
        5300         1566
        5302         7067
        5305          392
        5306          281
        5307         3979
        5315         5251
        5317         3534
        5319          240
        5320            0
        5324           63
        5325         1348
        5327         7760
        5328         6660
        5337         6798
        5340         7298
        5344            0
        5345           17
        5348         1572
        5349         3504
        5354          652
        5355           88
        5356          559
        5358         5383
        5359         7803
        5360           29
        5361          832
        5362         5083
        5369         6291
        5379         2350
        5381            4
        5383          397
        5385          930
        5386           88
        5390         8209
        5391          755
        5393         2172
        5397            6
        5399         9199
        5402           85
        5403         4240
        5408         1163
        5413          554
        5414         6768
        5417         7158
        5421         1627
        5425            0
        5428          963
        5430          954
        5432            1
        5434          316
        5442          531
        5446           56
        5447         1731
        5450          387
        5451           91
        5455         5866
        5460         1092
        5461         4493
        5464           13
        5466          106
        5470           18
        5471         6899
        5473          283
        5476         3042
        5479         4774
        5481         3499
        5487         1963
        5488          694
        5489            3
        5492          228
        5496         1165
        5497           65
        5500          320
        5501         7198
        5503         3790
        5507         2577
        5511         7241
        5513          632
        5519          507
        5520          682
        5526          203
        5533         4977
        5535          967
        5539         6926
        5540         4142
        5541         8490
        5545         6288
        5546          197
        5547         6241
        5549          255
        5553            2
        5554         8766
        5556           53
        5558         5524
        5559         5920
        5565          109
        5587         5615
        5591         1597
        5593         2017
        5595         5402
        5596          653
        5597         2622
        5606          529
        5612         6317
        5615          759
        5616           67
        5621         4064
        5624           87
        5631         2854
        5643         1919
        5652           43
        5657         3120
        5659          228
        5660           47
        5668          507
        5671          273
        5674         6407
        5677          279
        5681          117
        5683          159
        5691         8729
        5692         2499
        5694         4338
        5695          269
        5698         5616
        5702           98
        5704         1556
        5707         2538
        5711          228
        5712          257
        5714          593
        5717           42
        5720         5744
        5721           20
        5724          503
        5725            9
        5726          671
        5727         1337
        5729         3854
        5732         4814
        5738         2638
        5741         7725
        5747         1763
        5753         1393
        5754          181
        5755         7002
        5758          488
        5759          341
        5765          894
        5767          361
        5768         5717
        5771          863
        5775          457
        5776         1252
        5779          345
        5784         1608
        5799         2319
        5802         5402
        5805           82
        5806          465
        5807           40
        5809         5282
        5815         4968
        5819         6408
        5822         5506
        5824         2331
        5834            0
        5838         1397
        5848         5745
        5850         3313
        5851           68
        5852           37
        5858          825
        5860         7389
        5864           13
        5865         7539
        5869         2225
        5870          341
        5880         5953
        5881         7426
        5882         6230
        5884          245
        5890          112
        5894          521
        5897          707
        5899         5579
        5900           37
        5905          222
        5909         8173
        5912           34
        5918         4956
        5926          653
        5930         5919
        5931         1686
        5938         8385
        5939         1250
        5942         1315
        5944          120
        5951          537
        5959          221
        5960            0
        5961         3610
        5963         1149
        5964         2742
        5967         4222
        5972           50
        5973         5463
        5975          814
        5976         2856
        5981         7445
        5982           17
        5983          228
        5988           37
        5989         2520
        5995         6299
        5997          851
        5998         5893
        6002          304
        6005         5053
        6006         4508
        6007         4182
        6009         2628
        6011           63
        6012          256
        6014         1520
        6017          256
        6019         1731
        6021          428
        6024         5976
        6032          262
        6034           48
        6045           61
        6050         6027
        6051         2139
        6052         9148
        6055         3296
        6065          160
        6066         3142
        6075          339
        6077          163
        6084         5738
        6085         8893
        6089         1987
        6093         8695
        6094         7838
        6100          758
        6101         2569
        6102         7619
        6107          624
        6111         4224
        6112           39
        6113           85
        6117            5
        6120          371
        6123          217
        6124         1047
        6136           94
        6141          507
        6142         5384
        6143         9165
        6149          529
        6150          127
        6152           60
        6155          216
        6156         1797
        6168          478
        6171          103
        6176          531
        6178         1258
        6191         2667
        6194          355
        6195         1005
        6200         1219
        6201         5068
        6205          343
        6207           43
        6211         2229
        6213           88
        6219         7712
        6220         2332
        6221         1015
        6223         2668
        6229          744
        6230         6177
        6236         1061
        6237          423
        6241         2688
        6247          619
        6259         1208
        6266           52
        6269         1058
        6270         6026
        6271          965
        6272         5314
        6273          598
        6280          858
        6281          104
        6284         2877
        6286          306
        6287           88
        6289         1332
        6290          117
        6293         6972
        6296          122
        6297          610
        6303          795
        6308         6962
        6311         1080
        6312          622
        6315         7909
        6324          142
        6325           17
        6327          971
        6328         4251
        6329         5149
        6334          150
        6347            0
        6371           75
        6373         3039
        6375         7202
        6377            0
        6381            0
        6382           65
        6387         2635
        6390          240
        6396          492
        6399          478
        6406         1134
        6412         7195
        6413           43
        6420            0
        6421          672
        6424            2
        6427         2177
        6434         7774
        6435          107
        6436           13
        6443         6518
        6451         1066
        6454          243
        6455         1026
        6459         3659
        6465         1950
        6467         1689
        6469          208
        6474         1674
        6476           53
        6479         4269
        6480          699
        6489         4577
        6492           32
        6494          859
        6496           34
        6498          158
        6501         1036
        6504          356
        6512         1551
        6521           30
        6528           43
        6530           13
        6531         2611
        6534         2971
        6537         7260
        6540         8573
        6543         2299
        6544          753
        6547          328
        6549         5454
        6553         2384
        6556         1518
        6557         2382
        6559            2
        6571          350
        6573         5763
        6577         1015
        6582         5070
        6585          220
        6586           46
        6587         7076
        6590          841
        6597          754
        6598         1461
        6599         6966
        6601           26
        6603         1256
        6604          503
        6611            7
        6616          106
        6626          582
        6629         7061
        6631         3134
        6632         3666
        6638         5630
        6639         3001
        6641         5990
        6642          228
        6644          344
        6648         1339
        6651         2089
        6653           12
        6656            6
        6657          701
        6658          402
        6671           72
        6677          158
        6678         5312
        6682         1370
        6688         1228
        6690          546
        6697            0
        6702         2125
        6708          329
        6709           34
        6710            1
        6717          927
        6718          844
        6723          792
        6735         9193
        6736         3331
        6741          754
        6748           16
        6751            0
        6754         2350
        6758          727
        6759            0
        6760           12
        6765          565
        6766         1094
        6767          662
        6773         1635
        6784         1520
        6792          675
        6796         2018
        6803          985
        6806          466
        6808           92
        6811          286
        6822          985
        6826          987
        6849         1508
        6852         5645
        6853          406
        6856         7008
        6857          129
        6858         1581
        6859         7694
        6861         2061
        6864          685
        6866          549
        6872         6872
        6877          539
        6880         1644
        6882          788
        6889          568
        6892         2525
        6893          298
        6894          360
        6895           63
        6896         4073
        6898         7072
        6900           64
        6901           55
        6903         7986
        6907            0
        6909          283
        6910           10
        6911          473
        6913         4954
        6916         6514
        6920          580
        6921         8592
        6924         7906
        6925            7
        6928          879
        6931          304
        6935         1597
        6938         8928
        6948          198
        6949          751
        6965         4425
        6978         5630
        6981         4672
        6983         1750
        6986         1121
        6990            8
        7008         1038
        7010         3646
        7012           53
        7014          158
        7017          125
        7018         1151
        7019          767
        7020          859
        7024         9620
        7030          619
        7033          419
        7041           83
        7048          404
        7049          322
        7050          544
        7055          231
        7061           47
        7069         2243
        7072         7278
        7076           22
        7079          529
        7080         3793
        7101         2721
        7109          640
        7117          649
        7118           34
        7122         2900
        7123         1228
        7124         1583
        7130          111
        7132         7761
        7137         1324
        7138          524
        7149          115
        7152            0
        7161         1468
        7163          590
        7166          220
        7167          444
        7168         9393
        7169           96
        7172         2205
        7175         2925
        7182         1273
        7183         8394
        7188         5491
        7193         8500
        7197         1298
        7202         1208
        7204          257
        7207          985
        7210         6411
        7212         2076
        7217         2751
        7218           38
        7220          354
        7222         1368
        7223         7592
        7226          187
        7230         9222
        7232         5609
        7234         2088
        7235         1046
        7239         2050
        7243          323
        7256          304
        7260          343
        7263          106
        7265          131
        7269          320
        7277         4800
        7281         2626
        7282         1164
        7289            0
        7290          159
        7292          378
        7294          641
        7295         7270
        7297         3563
        7302         4217
        7319         1712
        7324            3
        7329         3082
        7337         2086
        7338         7425
        7339          209
        7342         2220
        7353         5814
        7354         8009
        7358         1495
        7362         3499
        7364            0
        7367           30
        7379         1468
        7387          559
        7389           98
        7391          206
        7392         6378
        7393           68
        7394          481
        7395          105
        7404         2867
        7407         2781
        7408         4558
        7410         5875
        7413          574
        7418          767
        7423          674
        7428         4662
        7436          154
        7438         5691
        7439         1654
        7443           62
        7452           65
        7457         2515
        7463            0
        7469            0
        7471         3987
        7478           71
        7480         1088
        7482          139
        7483          481
        7495         2676
        7496          896
        7500         1723
        7501           36
        7502         6799
        7503         4798
        7504          373
        7522          863
        7525          766
        7528           88
        7530         2252
        7531         7041
        7534         1011
        7540          637
        7545          241
        7552          316
        7553         4258
        7554         1208
        7556          681
        7557         6249
        7573          211
        7574          249
        7576            7
        7582            9
        7584           37
        7590         2650
        7595          593
        7597         1440
        7598          272
        7605          320
        7610          374
        7616         7259
        7618          480
        7619         3313
        7620         3624
        7623            0
        7628         4319
        7637         3385
        7639         3634
        7647         2773
        7651         1282
        7653           34
        7657         1459
        7660         2018
        7663          233
        7664         8127
        7667         7808
        7682         2082
        7683         2158
        7690          397
        7696           48
        7702           28
        7704         6551
        7711         1255
        7712         1874
        7714          903
        7716           40
        7721         6167
        7723           99
        7728          598
        7729          339
        7732           53
        7738         5578
        7753          203
        7755         4746
        7763            5
        7764          765
        7765          150
        7775         8798
        7782         6416
        7790           94
        7797           47
        7801         2832
        7803         4125
        7805          606
        7808            7
        7811           67
        7814          356
        7818         6520
        7819           25
        7824          281
        7827          192
        7831            8
        7832            0
        7833         1455
        7838          107
        7842          106
        7843           55
        7860          729
        7863         4221
        7867            4
        7869          283
        7871          500
        7874           81
        7877          590
        7881         2634
        7882          635
        7886         1997
        7890         2948
        7895         3322
        7899         3927
        7900         1762
        7904           68
        7909         3738
        7914         2543
        7917          413
        7931         1946
        7935           16
        7946          199
        7950            5
        7963          996
        7967          407
        7970         6382
        7971         1316
        7973          260
        7977           28
        7981         4841
        7992         2694
        7993         1134
        7998          130
        8001         6223
        8007         5141
        8008          759
        8010          283
        8011          164
        8016         1080
        8020         3062
        8022          745
        8027          896
        8028            5
        8035         6826
        8036            1
        8038          702
        8043         7813
        8052           30
        8060          254
        8073         5397
        8074          363
        8075           86
        8099         6083
        8100          167
        8108         2262
        8116           50
        8118          802
        8122         5789
        8125         1456
        8129         2462
        8130         1536
        8135         3253
        8137          220
        8147         7177
        8154         6794
        8158          965
        8169          310
        8171           98
        8173         9221
        8187           59
        8189         6994
        8195           68
        8204          289
        8213          802
        8216          227
        8217          704
        8219          512
        8221            4
        8225         2158
        8231         2591
        8236         3872
        8237         8159
        8240          963
        8243          361
        8249          971
        8252         1266
        8254           53
        8255         8004
        8256         6260
        8262            1
        8268         1005
        8271           87
        8276         3434
        8278         2419
        8283           85
        8301         8216
        8304           11
        8311         2646
        8320         5859
        8324           73
        8325           59
        8327          983
        8329         2036
        8337          817
        8343         3082
        8346            0
        8353           22
        8354          482
        8356         3431
        8360           73
        8370          156
        8383          128
        8398         4869
        8401         4501
        8411         2751
        8412           87
        8418         1137
        8419         4736
        8420         6737
        8423         2573
        8425          531
        8426          296
        8428          387
        8429         2145
        8438         6143
        8445           73
        8459           13
        8462         1865
        8477          365
        8480          629
        8488            0
        8496         4068
        8497          139
        8501           85
        8515          390
        8523         2290
        8542          307
        8543         6382
        8545          343
        8547           10
        8562         2250
        8563            0
        8566         3030
        8567          252
        8568          124
        8573          397
        8581         3650
        8585         1273
        8590           30
        8591          938
        8597          578
        8603         3925
        8608           13
        8609          687
        8620           55
        8626         4221
        8627          286
        8628            8
        8636          145
        8637          102
        8638          161
        8640         8889
        8643         1638
        8647         7508
        8649         1095
        8657          889
        8668           61
        8678          590
        8691          836
        8693         2247
        8695          440
        8703         6897
        8715           27
        8727          684
        8741          683
        8744         4146
        8765         2612
        8767          303
        8776         5712
        8778          100
        8785          113
        8786           78
        8790         2368
        8794           82
        8803         1297
        8805         2802
        8816         1012
        8821         2406
        8823          154
        8841         1946
        8845         7277
        8853         5275
        8867            0
        8872         1419
        8875         3161
        8877          531
        8888            0
        8896          178
        8904          389
        8912           46
        8913          219
        8927          515
        8937         2681
        8955          557
        8960          737
        8967          632
        8986           23
        8989         1680
        8993         3619
        9002         2382
        9005         1478
        9012         1290
        9039          700
        9042            0
        9054           28
        9057         4478
        9061           90
        9069         4200
        9073            7
        9083         1599
        9084         4561
        9086           63
        9087         1318
        9096          378
        9097          608
        9100          288
        9102         2290
        9110         1745
        9111         6184
        9112           37
        9125         1848
        9129          393
        9130         2802
        9137         2041
        9150          950
        9156         3461
        9157         8890
        9170          189
        9172           62
        9177         1382
        9180          221
        9184         3842
        9185          144
        9186            0
        9192         9324
        9194          692
        9197         6246
        9202         1933
        9210           88
        9220           40
        9222          800
        9239         3137
        9246         2131
        9251          130
        9256          360
        9257         1349
        9259         1362
        9262          367
        9271         3309
        9280         4205
        9285          167
        9286         2925
        9298         2986
        9302         2687
        9309          675
        9312           62
        9317         1267
        9326         8835
        9343            0
        9344         3049
        9346           45
        9350         1122
        9351         1960
        9358         9299
        9359           25
        9360          284
        9361         3440
        9371          326
        9378          506
        9381          481
        9383           19
        9386          619
        9393         5692
        9395           89
        9400          459
        9416         3908
        9423         5864
        9424          361
        9437         2156
        9438         1857
        9439           48
        9441          230
        9448         3049
        9451         4999
        9456          123
        9458          255
        9476          173
        9479            9
        9483         1153
        9484         1896
        9485          997
        9493         3400
        9495          291
        9499          420
        9503           51
        9509          249
        9511         7749
        9512            0
        9513          228
        9522          566
        9524          301
        9531         2678
        9535         4407
        9536          349
        9547         5060
        9548          735
        9554          222
        9557           37
        9560         3842
        9566           25
        9567            0
        9583         7800
        9584         1161
        9586          743
        9587         1474
        9591          543
        9596          290
