# HaloID(1) HaloID(2)
           0            0
           1           11
           2            3
           3            0
           4          101
           5            0
           6            7
           7            6
           8            8
           9           11
          10            9
          11           11
          12         4890
          13         4611
          14           14
          15            2
          16           15
          17          153
          18           18
          19           19
          20           20
          21          459
          22          764
          23           24
          24          630
          25           26
          26         2713
          27          419
          28           27
          29           30
          30         1788
          31         1066
          32         3071
          33           35
          34           37
          35         1056
          36           87
          37           40
          38           28
          39          891
          40          832
          41         4419
          42           45
          43         3231
          44            3
          45         1042
          46           49
          47         2182
          48           17
          49          114
          50           53
          51         7255
          52          472
          53          193
          54         1226
          55         5796
          56           58
          57          810
          58         3588
          59         2820
          60           62
          61         1494
          62         4010
          63           25
          64         7443
          65         7471
          66          689
          67          875
          68           68
          69          432
          71           55
          72         2387
          73         6289
          74          302
          75         2192
          76          724
          77          136
          78          613
          79         1043
          80         2366
          81         7765
          82           83
          83         1915
          84           23
          85          662
          86         1038
          87         4790
          88         1847
          89         5077
          90          319
          91         2150
          92           92
          93           95
          94          629
          95           97
          96          151
          97         1507
          98         8376
          99           91
         100         7552
         101         3936
         102         4471
         103         3049
         104         4199
         105           11
         106         4429
         107         2432
         108         7800
         109         4470
         110         3709
         111         2430
         112         3623
         113         3206
         114          213
         115         3797
         116          277
         117          110
         118         5157
         119          302
         120          173
         121         1758
         122         1127
         123         1570
         124           27
         125         8582
         126         1092
         127          762
         128         5385
         129            9
         130         6014
         131         1769
         132           14
         133         4213
         134         4233
         135          543
         136         5099
         137         2330
         138         7993
         139           14
         140         2014
         141         5837
         142         4209
         143         2443
         144         3728
         145          198
         146          125
         147           30
         148           21
         149         1514
         151            5
         152           88
         153          685
         154         5840
         155         6542
         157         1002
         158         2809
         159         2432
         160         2279
         161         2140
         162         8935
         163         5668
         164           73
         165          501
         166         6537
         167           41
         168          170
         169          947
         170          103
         171         3701
         172         8328
         173          328
         174          209
         175         5847
         176         1594
         177           30
         178          112
         179         1787
         180         2799
         181         2475
         182         1040
         183          174
         184         5664
         185         4897
         186         2639
         187          623
         188         1989
         189         1370
         190         2435
         191           11
         192         6805
         193         1952
         194          158
         196          106
         197            8
         198           31
         199          610
         200          106
         201         2975
         202         4389
         203           20
         204         9009
         205         2717
         206           64
         207          204
         208          203
         209         5377
         210          432
         211          403
         212          565
         213          865
         215          268
         216         2410
         217           52
         218         1188
         219         4095
         220         3102
         221         1746
         222         1076
         223          727
         224         6179
         226          193
         227         5116
         228         5295
         229         4676
         230         6124
         231          145
         232         2932
         233         1301
         234         8328
         235          121
         236         6236
         237         1919
         238           31
         240         1551
         241           84
         242         8399
         243          212
         244         4175
         245          643
         246         1690
         248         1974
         249          707
         250         2661
         251         8031
         252         3621
         254         1068
         255         2997
         256         2987
         257          257
         258          545
         259          256
         260         6695
         261            0
         262         3692
         263         4475
         264         3308
         265          301
         266         1516
         267         4292
         268         7828
         269            9
         270          387
         271         1272
         272         6003
         273         4747
         274          599
         275         4461
         276         2903
         278         3740
         280           84
         281           51
         282          705
         283          185
         284         3197
         285         6215
         286         2160
         287          165
         288         1023
         289         1039
         291         3987
         293          355
         294         2818
         296         6711
         297         3654
         298         6545
         299          732
         300          300
         301         2825
         303          303
         304           71
         305          697
         306         3915
         307         8714
         308         3751
         309         1572
         310           68
         311          526
         312          668
         314         2789
         315          472
         316           30
         318           30
         319          322
         320          324
         321         1313
         322         6380
         323          102
         325         8105
         326         6048
         327         5864
         328          198
         329          153
         332          159
         334         1379
         336          465
         337         2053
         338           23
         340          267
         341         5277
         342          343
         344          294
         345         1004
         347         1562
         348         4202
         350          433
         351           60
         352         2729
         353           30
         354         2690
         355         8839
         357         3142
         358          340
         359         1185
         360         3707
         362         6509
         363          152
         364           53
         365          352
         366         7789
         368         3769
         369         1135
         370         8467
         371           30
         372         6062
         373         1125
         375         3105
         376         2338
         377         5913
         378          358
         379          488
         380           26
         381           97
         382          278
         383         1594
         384          180
         385          581
         386         2959
         388          801
         389           78
         391          390
         392         5542
         393         2353
         394          687
         395          799
         396         2797
         397          268
         398           43
         399          438
         400         3261
         401          400
         402         2993
         404          290
         406         8052
         407         2163
         408          686
         409         7429
         410           38
         411         2989
         412          412
         413         4517
         414         3169
         415          340
         416         4666
         418           68
         419           71
         420          405
         421         7554
         422         7906
         423           49
         424          102
         425          712
         426          744
         427           35
         428          442
         429         2498
         430          134
         431           27
         432         2452
         433         5178
         434         2837
         435         1308
         437         1464
         438            3
         439           91
         440           79
         441          201
         443         3679
         444         1576
         446         8593
         447         7854
         448           98
         449         2760
         450         1575
         451          706
         452         5451
         453         5948
         454         1250
         455           37
         456         1175
         458         5932
         459         1520
         460          669
         461         4492
         462         4482
         463            9
         464         1332
         466         1044
         467           39
         468          477
         469          136
         470         1376
         471          318
         472           49
         474            2
         475          466
         476          275
         477           62
         478           31
         479         4373
         480          794
         481          734
         482          398
         483           28
         484           87
         485          533
         486         8101
         487         8110
         488           79
         489         6655
         490         2807
         491          935
         493         2564
         494         3438
         495          804
         496         4586
         497           30
         498          167
         499           49
         500         2499
         502          509
         503         7075
         504           45
         505         1552
         506         2004
         507          274
         508           27
         509         3197
         510         2819
         511         2496
         512          570
         513         2988
         514           12
         515           22
         516           91
         517         2557
         518         4807
         519         1209
         520            0
         523         3231
         524          277
         526          602
         527         4292
         529          531
         530            3
         531           79
         533         3498
         534          103
         535         3074
         536          529
         537         3565
         538          297
         539            0
         540         6495
         541         1394
         542         2279
         543          669
         544         2392
         546         5488
         548         5068
         549           21
         550         2880
         551          545
         552         4605
         555         8692
         556         1072
         557         5047
         558         9124
         559         2469
         560          326
         561         1572
         562         1907
         563          348
         564         7022
         565          277
         566          263
         567          250
         569         3165
         570         6325
         572          896
         575          154
         576           18
         577           26
         580         3751
         581         1389
         582          488
         583         1130
         584         2211
         587         2016
         588          219
         589         1033
         591          608
         592          510
         593           74
         594         2336
         595          670
         596           27
         597         4966
         598         1009
         599          590
         600         5405
         601         7186
         602          152
         603          297
         604          479
         607         1320
         608         4503
         609         6744
         610           26
         611         1145
         612          613
         613          633
         614            4
         615           11
         616          294
         618         2327
         619         2270
         620         8599
         621           74
         622         3960
         623         1369
         624           84
         625          565
         626         3767
         628         6770
         629          246
         631           65
         632         1446
         633         6898
         636           91
         637         6855
         638         1403
         639          400
         640          943
         641         1782
         643         4776
         645          639
         646         3877
         647          935
         648         5291
         649          461
         651          651
         653          277
         654         7548
         655           44
         657          658
         659          922
         660         7385
         662         2336
         663         1342
         664         1237
         665         4540
         666          377
         667           12
         668           30
         671         5979
         672         9098
         673         7718
         674         4635
         675         2208
         676           63
         677         2611
         679         1335
         680          671
         681          690
         682          541
         683           64
         684         1422
         687         6522
         688          567
         689           31
         690         1151
         692         2109
         693         7177
         694         5515
         695          111
         696         8959
         697         5883
         698           78
         700          613
         701          700
         702           40
         703          698
         704         9203
         705           30
         707         2956
         708          699
         709         1027
         710         6156
         711         2277
         712            3
         714         4915
         718          340
         719         6995
         720         3114
         722          742
         723         1345
         724         6875
         726          170
         727          731
         728          403
         729         8268
         730           79
         731           30
         732         5418
         733         4328
         734         1649
         735           82
         739         1653
         741          213
         744         3186
         745          658
         746            4
         747         7554
         748           34
         749          139
         751         6638
         752         4958
         753            1
         754          756
         755         2628
         756         5468
         757         4471
         758          338
         759            4
         760         2439
         762         3630
         763         3440
         765         1210
         766         1893
         767         6155
         768          743
         769         1306
         772         1071
         774         7139
         776           99
         777          160
         778         5355
         779         6758
         780         8410
         781           15
         782          691
         783         1398
         784          736
         785         3236
         787          419
         788         4684
         789         5028
         790          310
         792          905
         793         4200
         794          258
         796          101
         797          568
         798          136
         799           95
         800          212
         801         3925
         803          243
         805          256
         806         3071
         807          127
         809         7975
         811         3142
         812          268
         813         9029
         814          394
         816         3977
         817          399
         818         5972
         819          173
         820          356
         822         4416
         823         4522
         824         5822
         825          751
         826         5804
         828          111
         829           25
         830          588
         831         6759
         832         3857
         834         2519
         836         4895
         837         1241
         840         4337
         843          237
         844          578
         848         8815
         850         8399
         851         1501
         852         1785
         853         1956
         854          174
         855          409
         856         1416
         857         3393
         858          533
         859         3165
         860          423
         861          838
         862         4799
         863         1109
         864         6759
         865           54
         866         3544
         869         1005
         870          859
         873           84
         874          875
         875         2011
         876          806
         877         7380
         878         1918
         879         4016
         880          878
         881         1774
         882         6401
         883         1089
         884         1082
         886          545
         887          880
         888            0
         889         3457
         890         1530
         892         4924
         893          879
         894          185
         895         2706
         896         1724
         897          128
         898          345
         899         1376
         900         2295
         901         3829
         902           27
         903          724
         904         3723
         907           28
         909         3416
         910           43
         911         1718
         913          506
         916         3209
         917          117
         918         3432
         919         2668
         920         1008
         921          929
         924          328
         926         1004
         927          907
         928         2075
         930         5591
         931           40
         933         2315
         934         1201
         935          151
         936          788
         938          212
         939          562
         940          421
         941         7186
         942           79
         943         5072
         944         1010
         945         5222
         946          735
         947          786
         948         4429
         949         7676
         952         3477
         954          287
         955         2306
         956         1435
         957         2025
         958         4972
         960         1983
         961         6180
         962          413
         965          825
         968          347
         969         3728
         970          579
         971         2187
         975          643
         976          164
         977         3245
         978          579
         983          605
         984         5265
         986           65
         987         3723
         988         6987
         989         5137
         990          971
         991         4053
         992          236
         993         4648
         994         5578
         996           99
         997          153
         998          432
        1000         3278
        1002          119
        1004         4213
        1005           21
        1006         2476
        1007         6056
        1008         3611
        1010          210
        1011         3727
        1012         6752
        1014          105
        1015         2441
        1016         1024
        1017           30
        1019         5319
        1020         3501
        1021         1980
        1022         5982
        1023          160
        1024         5157
        1026         6965
        1027         1083
        1028         3588
        1029          774
        1030         1694
        1031         7243
        1035          467
        1036         6335
        1038         1018
        1039         2627
        1040         1210
        1041         1589
        1042         1028
        1043         5000
        1045         8613
        1046         6052
        1047          659
        1049         4204
        1050         4229
        1051         4263
        1054           31
        1055         5020
        1056          620
        1057          341
        1058         3816
        1059         3227
        1060          545
        1062           31
        1063           56
        1064           27
        1069          426
        1070          630
        1071         2858
        1072         6018
        1073         7267
        1074          596
        1075         2886
        1076         4635
        1078         1753
        1079         2565
        1080          396
        1081         5206
        1082         2124
        1083         1155
        1084           19
        1085         4500
        1086         6057
        1087         1403
        1090         1848
        1091         8612
        1093           39
        1095         5610
        1098         1022
        1099         4228
        1100         8982
        1101         1270
        1102         1083
        1104         8783
        1105         4614
        1106          426
        1107          448
        1108         3988
        1109         4970
        1111         6039
        1114          304
        1117          343
        1119          762
        1122         5318
        1125         1111
        1126         2435
        1128         3600
        1130         8956
        1131         8194
        1133            0
        1135           73
        1136           32
        1137           39
        1138         3044
        1139           41
        1140         2209
        1141         7471
        1142         3339
        1144         5023
        1145         1723
        1146         3303
        1149         1514
        1150         5360
        1151         7144
        1152         8636
        1154          275
        1156           10
        1157         1292
        1158         5396
        1160          384
        1161         1147
        1162         5863
        1164         1656
        1165         1049
        1168         8360
        1169           77
        1173         2330
        1174         7797
        1175         2443
        1178          129
        1179           53
        1180           39
        1183         2168
        1184         4971
        1185         1554
        1189           30
        1192         2253
        1193         1193
        1195         2904
        1196         1744
        1197          183
        1199          288
        1200            0
        1201          357
        1202         4038
        1205         1248
        1207         5668
        1208         1149
        1209         3510
        1211          157
        1212          771
        1213          663
        1214          590
        1218         4419
        1220          851
        1223           55
        1225         7877
        1226          239
        1228          823
        1229          252
        1230         2760
        1232         1201
        1235         9092
        1237         5077
        1238         2250
        1241         3542
        1243         8469
        1244            9
        1245         1203
        1246         5948
        1248         2070
        1249         5195
        1250         1642
        1251         6279
        1252         2192
        1254           80
        1257         1189
        1258         4411
        1259         3242
        1260         8548
        1261           91
        1262          892
        1263         1096
        1265         1938
        1267         1504
        1268           82
        1269         3784
        1270          764
        1272         4674
        1273          788
        1277          236
        1279         3139
        1282          552
        1283         8905
        1285         1562
        1286         3049
        1287         1472
        1289         6438
        1291            0
        1292         2860
        1293          269
        1294         1760
        1297          177
        1299          515
        1300          979
        1303         1280
        1304         1881
        1305          413
        1309           75
        1311           68
        1314         1034
        1315         2187
        1316          216
        1317          256
        1318         2397
        1319         3386
        1321          465
        1322          444
        1324         1999
        1328         1597
        1329         1060
        1330          368
        1332           30
        1333         2477
        1335           28
        1336         1314
        1338          278
        1339         6867
        1340         6873
        1342         4928
        1348          691
        1350          720
        1351         5123
        1352            8
        1353          247
        1354         5128
        1355         5499
        1357          699
        1358         7717
        1359         2686
        1360          653
        1361         4997
        1362           59
        1363          603
        1365         2223
        1366         2994
        1369         6880
        1370          570
        1371         8938
        1373         2338
        1374          733
        1375           91
        1376         3402
        1377         4998
        1379         7772
        1380         9070
        1381          647
        1383         3411
        1384         5518
        1385            0
        1386         4167
        1388         1744
        1390         4656
        1391         5218
        1394          273
        1397            8
        1400         1514
        1402         1844
        1403          843
        1405         5718
        1406          195
        1408         1096
        1409           49
        1410         1397
        1411           82
        1413          159
        1415         5433
        1416          436
        1417          745
        1418         1455
        1420          545
        1421           68
        1423         5872
        1424          322
        1425          337
        1428         1705
        1430         5043
        1431          203
        1433          237
        1435          622
        1436         3182
        1437          171
        1439         1885
        1441         3721
        1442         1383
        1446         6604
        1447         1095
        1448          599
        1449          341
        1452         1974
        1454         3307
        1457          195
        1458         7318
        1460         1478
        1462         1395
        1463         1495
        1464         2472
        1465         1445
        1470          599
        1471          115
        1473         1674
        1474            8
        1475          794
        1476         1128
        1477          200
        1481         6003
        1482         3863
        1483         9050
        1485         4856
        1489         1461
        1491         1802
        1494         2505
        1495          436
        1498         6495
        1499         6711
        1501         2338
        1504         4820
        1505          851
        1506         2527
        1507         1737
        1509         4147
        1511         5870
        1512         6772
        1514          108
        1517         5073
        1521         2847
        1524         7455
        1525          136
        1526          222
        1530         7961
        1531         7038
        1534         1003
        1535         1319
        1536         2883
        1538          258
        1541          721
        1542         1706
        1543         2876
        1544         1529
        1548          223
        1550         2997
        1552         3771
        1553         1525
        1554         1919
        1556          436
        1558         8411
        1560          270
        1561         1253
        1564          508
        1565         1631
        1566          344
        1567          449
        1568          912
        1571         3962
        1572         5796
        1573         2927
        1574         3819
        1577          311
        1578         3308
        1579         4355
        1580          391
        1581          250
        1582         1499
        1583         5399
        1584         2725
        1585         6326
        1586          184
        1594         4139
        1595         4915
        1597          882
        1598          395
        1599         1509
        1600            6
        1601         4402
        1603         1598
        1607         1699
        1608         1065
        1609         1275
        1610           43
        1612         6186
        1613          111
        1615          179
        1616         6549
        1617         2325
        1619         2027
        1620           49
        1622          179
        1623          978
        1625         1283
        1628         1600
        1629         7037
        1630           35
        1631           52
        1633         6943
        1636         9010
        1641          629
        1642          496
        1644          103
        1645         1609
        1652          112
        1653         6262
        1654          891
        1655          588
        1657         7892
        1658         1663
        1659         2365
        1661           46
        1662          693
        1663         2384
        1664         1461
        1665         8490
        1666         5265
        1670         5311
        1671         1659
        1672         6615
        1674          255
        1677         2640
        1678         2211
        1679         1938
        1680         1022
        1683          663
        1684          763
        1685         3732
        1686          128
        1687         3074
        1689         3709
        1690         1701
        1691            8
        1692         2575
        1693         1645
        1695         4348
        1700          412
        1701         6707
        1704           90
        1705         2546
        1706          336
        1707           67
        1708         4153
        1709         5669
        1710          149
        1711          421
        1714         8787
        1715         8756
        1717           88
        1718          136
        1719         4531
        1720         1716
        1721          821
        1722         4016
        1725         2527
        1726         2761
        1727          776
        1728         1732
        1729         2189
        1730          571
        1735         2016
        1737            0
        1739         8363
        1742         2687
        1743         6823
        1744          285
        1746         3039
        1747         1433
        1749         3477
        1750          110
        1753         1071
        1754          246
        1755          289
        1759           45
        1760         5906
        1761          936
        1763          182
        1765         1769
        1767         3075
        1768           64
        1769         8213
        1770         3946
        1772         2827
        1773         1918
        1774         5091
        1779         1692
        1781         7971
        1782         2266
        1783          312
        1786         6307
        1788          343
        1789         1261
        1790          832
        1791            0
        1792         4412
        1794         3188
        1796         3728
        1797         5870
        1798         8920
        1799          237
        1800         1943
        1801          240
        1802           97
        1805         1062
        1809         4518
        1811          720
        1813         4109
        1814          614
        1817            8
        1818          487
        1820          262
        1821         6369
        1823         1206
        1824          343
        1825           72
        1828          185
        1829         3399
        1832         1775
        1836         2490
        1842          236
        1843         1853
        1845         2101
        1848            0
        1849         2790
        1850         4248
        1855          541
        1856         3863
        1858         7877
        1861         1992
        1863          358
        1868         2738
        1869          348
        1872          500
        1873          243
        1874         3846
        1875         3074
        1877         7321
        1879         3271
        1880         3821
        1881         3255
        1883         2534
        1884         4521
        1886          543
        1887         2715
        1888         3423
        1891          801
        1893          515
        1896           98
        1897           32
        1901         1898
        1903         2390
        1904          178
        1906         4138
        1907           26
        1908         4326
        1909         2591
        1910         1877
        1912          733
        1914          340
        1915          119
        1918         8235
        1919         2065
        1923         2639
        1924          136
        1925          670
        1926         2273
        1927          154
        1929         4602
        1930         5498
        1931           32
        1932            4
        1934         1886
        1936          324
        1937          257
        1939          287
        1940          613
        1949          609
        1951         1694
        1952         5404
        1955         5020
        1956          643
        1957         1946
        1959          543
        1960         2192
        1961         2840
        1962         1303
        1963         4960
        1964         2277
        1967         8716
        1968           76
        1972            0
        1975         6220
        1979         5481
        1980          518
        1982         1234
        1983          740
        1984         3544
        1986         5330
        1987         5056
        1989         1856
        1992         4660
        1995         5062
        1997          805
        1999         3618
        2004            0
        2005         7765
        2006          356
        2007           37
        2008         4206
        2009          481
        2011         1090
        2014          432
        2015          855
        2016         1075
        2018         1506
        2019            7
        2020          436
        2021         3474
        2023          167
        2024          117
        2026         2327
        2027         5883
        2030          336
        2031         4771
        2033          230
        2034          704
        2038          940
        2042           97
        2043         4525
        2044         1241
        2045            0
        2047           46
        2050          437
        2051         8938
        2052         4712
        2054         1914
        2056         3057
        2059         2423
        2061           40
        2063           57
        2064          494
        2066         2066
        2068         1301
        2069         9010
        2070         6177
        2072         1996
        2076         1035
        2077         8017
        2081         2072
        2082         1050
        2084         1712
        2088         1782
        2089         5853
        2090          112
        2091         1168
        2092         3456
        2093          935
        2095         1670
        2096          300
        2099         7324
        2100          124
        2101            5
        2104            0
        2108         5893
        2109          160
        2110         2823
        2114          224
        2116          277
        2118         5764
        2119          184
        2121         1403
        2122         1764
        2124         2630
        2125         4676
        2127         1214
        2129         1551
        2133          630
        2134         2018
        2136          111
        2141         8559
        2142          543
        2143          566
        2144         6581
        2145          111
        2146          528
        2148         6137
        2149         7511
        2152          605
        2153          875
        2155          255
        2157         5226
        2159         4949
        2160          623
        2161         1615
        2165         2192
        2172         4300
        2174          479
        2175         3914
        2176         6046
        2177         3608
        2179           63
        2180         2477
        2181         1924
        2185         2184
        2188          601
        2190         1636
        2191         2198
        2192         2972
        2193          477
        2198          932
        2199         1517
        2202           78
        2204          955
        2205          810
        2208         2566
        2215         5566
        2218         1190
        2220         3681
        2221          718
        2222           23
        2227         4101
        2228         7016
        2229         9158
        2230         1194
        2232         7971
        2233         1362
        2235         6693
        2242         7132
        2244         2231
        2246           79
        2248         2368
        2249         4960
        2251         3556
        2254          721
        2255            9
        2256         3608
        2258         1141
        2259          936
        2261         4233
        2263         2257
        2266          697
        2267          358
        2268          105
        2269         2322
        2274         1959
        2277          508
        2278            3
        2284         4999
        2286         1519
        2289           40
        2290           50
        2291          111
        2292          545
        2294          637
        2296         6717
        2299          543
        2300         4212
        2302          278
        2303         1120
        2304         3416
        2306         6057
        2308          240
        2309          171
        2314         5790
        2315         2624
        2317           21
        2319          421
        2322         2824
        2323         6124
        2325         4592
        2328         1505
        2329         3215
        2330         2118
        2331         1764
        2334           95
        2335          489
        2337          938
        2339         2705
        2342          828
        2345         8049
        2351         7240
        2353         8204
        2354         2669
        2355           12
        2357         2352
        2358          245
        2359          700
        2371         2351
        2375         4348
        2376         3084
        2378         2272
        2379         1760
        2384         6559
        2385         1663
        2386         1314
        2388          279
        2389         4299
        2392         4522
        2394          498
        2396          312
        2399         1510
        2403         6009
        2404         2192
        2411         7084
        2412         6127
        2414            9
        2415         3246
        2416         2523
        2417         3593
        2418          537
        2421          277
        2422         1142
        2424         6351
        2425         3829
        2426         3191
        2427         2611
        2428         1373
        2429          168
        2432          947
        2433         1504
        2435           99
        2437         1837
        2438         1509
        2440         6034
        2445         5963
        2446          938
        2447         6025
        2450         3809
        2453         1486
        2457          210
        2459         6174
        2460          480
        2463         7253
        2464            9
        2466         4490
        2467          865
        2468         4271
        2469         1050
        2470            0
        2471           31
        2475         1903
        2476         1148
        2478            9
        2481         6231
        2482         3899
        2484         2277
        2485         1595
        2487           86
        2488         1180
        2492         7557
        2495          806
        2497         1138
        2499         1463
        2503         2502
        2506          392
        2507           63
        2509         5399
        2513          826
        2514           92
        2515         3238
        2516         2597
        2517           14
        2518         1886
        2520         5116
        2522          308
        2523         3742
        2525         5167
        2527          344
        2530          148
        2533         2408
        2534         4109
        2536         2163
        2537         1552
        2539         3119
        2540            6
        2541           74
        2542         3893
        2544         2881
        2545          574
        2546         1693
        2547          367
        2548          107
        2550         5550
        2551          224
        2552         3977
        2553          129
        2554         6654
        2556           26
        2558         1130
        2559         5766
        2563         7711
        2568         7177
        2569         7910
        2570          395
        2571         4892
        2572         3359
        2574            0
        2575            0
        2577         2482
        2578           64
        2579         4886
        2580          590
        2581         3249
        2584         1009
        2586         1416
        2587         6838
        2591         6132
        2594          422
        2596          924
        2597           73
        2599         2441
        2600         2517
        2602            6
        2603         5151
        2608          268
        2611          328
        2613         4349
        2614         2550
        2616         6741
        2619           97
        2620          137
        2623          599
        2625         1552
        2626          174
        2627         7137
        2629          104
        2631          786
        2632         5478
        2633          340
        2638         3080
        2640         4948
        2641          163
        2642         5740
        2644         1970
        2649         5023
        2653          252
        2656         5872
        2658         4641
        2660         2676
        2661         4842
        2662           21
        2663         4519
        2666          344
        2668          420
        2670          530
        2673          743
        2678         3332
        2682          737
        2683         4953
        2692         8815
        2693           22
        2694         3125
        2695          539
        2696         5852
        2698         5774
        2699          611
        2703         7708
        2704         1141
        2705           65
        2709          482
        2710          258
        2712         4753
        2716         6888
        2718            0
        2719         1288
        2720         8681
        2721         3120
        2722           78
        2728          813
        2732          142
        2734           24
        2737         7329
        2742         3297
        2744         1324
        2745         5486
        2747         1681
        2748         1137
        2749         4867
        2752          795
        2753         3835
        2755         8335
        2756         3745
        2757         6409
        2759         1894
        2760         1549
        2762         1059
        2764         2766
        2766         2025
        2768         2755
        2769          869
        2770         8998
        2771         1307
        2773         5626
        2774           65
        2776          374
        2778            3
        2781         2798
        2782          300
        2783          264
        2785         5249
        2786          252
        2788           98
        2789         4817
        2790         2862
        2791          187
        2794         2201
        2795           88
        2797          358
        2799            8
        2803          259
        2810          210
        2811          123
        2817          492
        2820          691
        2821         3659
        2822          324
        2828         2708
        2829          896
        2830         2280
        2834         6451
        2837         1707
        2838         4270
        2841          934
        2842         3981
        2844          634
        2845         6127
        2846         3569
        2849         7410
        2857         6447
        2859          676
        2862         8136
        2866         2855
        2867         4157
        2868          135
        2869         6541
        2877          848
        2879            1
        2880         7567
        2881         1363
        2884            0
        2888          212
        2891         3016
        2893         1167
        2896         5825
        2897          276
        2898           32
        2899          930
        2900         8197
        2903          109
        2910           24
        2913          168
        2916          538
        2922         7885
        2924          555
        2930         6771
        2932          293
        2934          625
        2935           37
        2936          548
        2940          273
        2942         1316
        2945          739
        2948         2171
        2950         2397
        2951          540
        2952         4511
        2954          493
        2956          277
        2958         2963
        2959          436
        2963         1833
        2966          363
        2972         1919
        2973          419
        2975         1576
        2976           33
        2978           40
        2980          812
        2982         1917
        2983         3779
        2986          422
        2988         2517
        2992            0
        2995          829
        2997         1417
        2998         2947
        2999           23
        3000          535
        3004          394
        3005         2519
        3008           99
        3011         3463
        3014          381
        3015          258
        3017            8
        3020         2750
        3021         8577
        3022         2209
        3025          349
        3029          193
        3033          246
        3035         7871
        3037          674
        3038          300
        3042         2099
        3046            3
        3048          220
        3049          673
        3050          121
        3053          709
        3054          381
        3055         1549
        3057         2055
        3059          464
        3061          251
        3062         2477
        3064         2182
        3065         1064
        3067          744
        3068          169
        3072         1284
        3074          912
        3077          483
        3081         1407
        3082         1211
        3083         1572
        3084          433
        3085         4051
        3086         5471
        3088         1563
        3089         2307
        3090         1168
        3091          776
        3092          663
        3094          157
        3095         2611
        3096         6605
        3099           75
        3101          168
        3102         6161
        3104          540
        3106         5385
        3107          919
        3108           14
        3109         1506
        3111          657
        3113          748
        3114         3049
        3119         3191
        3120         3079
        3123           97
        3124          149
        3127         5676
        3133         1032
        3134         7246
        3136         1518
        3137         2223
        3138         3613
        3139         6450
        3143          720
        3145         1009
        3148          993
        3150          821
        3152         6805
        3158         1193
        3159          340
        3165          288
        3169          376
        3172           38
        3173         5858
        3175          968
        3176         8572
        3178         4522
        3179         2385
        3180          560
        3181          240
        3182         3095
        3184         7794
        3185         1089
        3190          749
        3193         1141
        3194          527
        3197         3520
        3200          637
        3201          105
        3202         6054
        3207         5738
        3211          746
        3212          693
        3213            2
        3216         3223
        3217           24
        3218         4178
        3220         3818
        3221           25
        3222          340
        3223          149
        3226          833
        3229          410
        3231          698
        3233          432
        3235          620
        3236          278
        3239          866
        3241         2224
        3245           43
        3247         4019
        3249         3702
        3256          635
        3257          190
        3258         2053
        3259         1141
        3260          303
        3262          297
        3265         6388
        3267         3432
        3268          174
        3270         2585
        3273          222
        3274          466
        3275          988
        3283          135
        3284         3875
        3287         1971
        3291         7015
        3294         4958
        3295           44
        3299         3290
        3300         2085
        3301         1655
        3303         8168
        3304          124
        3306          585
        3307         6771
        3310          134
        3311         2774
        3313          739
        3314         3076
        3315          828
        3316         5694
        3317         3383
        3319         6034
        3323         1323
        3324           63
        3325         1294
        3330         4062
        3332         3825
        3333          935
        3335         5245
        3336         4692
        3337           70
        3340         6999
        3342         4947
        3343          167
        3344          772
        3345          113
        3350          869
        3351         5755
        3353         1251
        3354         5411
        3355         1347
        3356          605
        3358           34
        3360            8
        3361         1691
        3363         2114
        3364          130
        3368         5139
        3370         2687
        3371            0
        3373         5988
        3375            0
        3376         1549
        3379          208
        3380         1250
        3382         1166
        3385         1019
        3386         3221
        3391          277
        3393         3610
        3394          130
        3396          382
        3401         2813
        3403         2661
        3405          216
        3406         3072
        3407          130
        3410          245
        3411         6092
        3412         2387
        3413          405
        3414          777
        3416         7289
        3417         2278
        3418         1147
        3425         1235
        3427          541
        3430         3831
        3432          610
        3435           12
        3436         3179
        3437         4227
        3438         1648
        3439         7820
        3442         4838
        3443         1996
        3446         1134
        3447          610
        3450          804
        3453          622
        3456         8219
        3457          330
        3460          463
        3461           55
        3463         2914
        3466         7538
        3467         4355
        3468           31
        3469          312
        3470         1595
        3474         8449
        3478         1004
        3480         3171
        3482          174
        3486           14
        3487         3458
        3488          126
        3489         3468
        3492         2335
        3495         3778
        3497         6179
        3498           12
        3504            0
        3508         8330
        3509           51
        3510           59
        3513           89
        3515         3529
        3516         2920
        3517         4920
        3518         1094
        3523         3140
        3525           16
        3528         8442
        3529         5122
        3530         5690
        3531            0
        3535         3055
        3536         4287
        3539         8511
        3542          859
        3543         2711
        3544         5433
        3547         1863
        3549          293
        3554          972
        3555         1665
        3556         1232
        3558         2573
        3561         2852
        3566         1054
        3570         4575
        3571          900
        3573          408
        3580          183
        3581         5796
        3582          935
        3584          119
        3592          426
        3597          882
        3598         3873
        3600          590
        3602         6056
        3605         3630
        3606          496
        3609         6221
        3614          103
        3615         1718
        3617         2624
        3619         2685
        3623           15
        3625           46
        3631         7160
        3632         5960
        3633         5345
        3635         1277
        3637          275
        3640         7737
        3641          136
        3642         1057
        3645         1138
        3647          676
        3648         2800
        3651         3347
        3654         3074
        3658         7854
        3659         1416
        3660          500
        3661          289
        3667         3403
        3670         2690
        3672         1786
        3675         1386
        3676          259
        3680         1573
        3681         2678
        3684         3689
        3685         8022
        3686         2704
        3687          400
        3691           24
        3692          737
        3693         5264
        3695          367
        3700          117
        3701         1045
        3702          478
        3704         4083
        3707         3618
        3708         3231
        3713           46
        3716            0
        3717          849
        3721         2226
        3725         1968
        3726         5943
        3727         3832
        3732         3354
        3734         2192
        3737         3408
        3738         7515
        3739         3605
        3740           12
        3746         6304
        3747         2626
        3748         1758
        3751          707
        3753          139
        3755          724
        3758         3442
        3761         1547
        3763          203
        3766           32
        3767         1434
        3768          459
        3771           54
        3772         3139
        3776          413
        3777          226
        3779           30
        3786            3
        3788         3771
        3793         8958
        3796          244
        3797         1618
        3798           68
        3799          288
        3801         2301
        3802          194
        3804         1847
        3805          138
        3809          643
        3811         1466
        3813         1945
        3814         1090
        3815         1892
        3816         9203
        3817         3194
        3823         5156
        3824          214
        3825         5891
        3826           14
        3827         1044
        3830           86
        3831         3437
        3834          348
        3838          140
        3839         1917
        3841         6307
        3843          114
        3844          236
        3845           51
        3847           26
        3848         4813
        3851         2270
        3861         1482
        3863         1299
        3866          693
        3868         2404
        3872          794
        3882         1806
        3883          652
        3885         1434
        3886         4617
        3887          502
        3892          567
        3894          190
        3895         1975
        3897         2640
        3898         2757
        3900          693
        3901         3116
        3903         1831
        3914         9235
        3915          136
        3918           41
        3920          171
        3925          545
        3929         8238
        3932         2066
        3934         1836
        3937         1148
        3939         7041
        3943         5708
        3949         3140
        3951           92
        3952         4040
        3955         1843
        3958         3179
        3959         4082
        3961          482
        3968         4004
        3973         2554
        3974           96
        3975            7
        3982           53
        3983         1008
        3984          803
        3990           66
        3991          138
        3993         4552
        3994          445
        3997          723
        4000         1471
        4002         1445
        4003         1189
        4007         2423
        4013          294
        4014           23
        4015         1329
        4016         8186
        4017           61
        4020         1999
        4026         7851
        4029          324
        4030         1305
        4035         4469
        4036          259
        4044         4848
        4045           18
        4047         2446
        4048         1076
        4051         5034
        4052         3964
        4055           62
        4057          396
        4059          103
        4061         4661
        4062         3450
        4063         7894
        4065         1146
        4067         1225
        4068         5104
        4076          193
        4080          666
        4081           36
        4084         1938
        4085          756
        4086         1127
        4089         3075
        4090         1311
        4091         5160
        4095         4125
        4097         1279
        4098         4233
        4102           74
        4104         2515
        4105          293
        4109         4986
        4112           92
        4113         1899
        4118         2886
        4120         2809
        4125           57
        4127          226
        4129         1670
        4131         4989
        4132         1059
        4135         3122
        4136          104
        4138          111
        4141          349
        4157         8803
        4158           55
        4160         3909
        4163           84
        4169         1915
        4171          663
        4172         3139
        4173         2759
        4174          110
        4175          735
        4177         1332
        4180           20
        4183         1133
        4185         7244
        4188           18
        4190          191
        4191          252
        4192           97
        4196         1562
        4199          395
        4201          373
        4204         2184
        4205         3188
        4217          637
        4221          545
        4225            1
        4233         8452
        4235          294
        4239          996
        4242         9050
        4243          200
        4244         5425
        4245          170
        4250         4206
        4255          357
        4256           71
        4259          404
        4260         2494
        4261         3186
        4262          893
        4264         4328
        4269           64
        4272          126
        4283           45
        4286         4424
        4289            9
        4290          339
        4291         3033
        4298         1851
        4304         1220
        4305           70
        4306         2668
        4308           32
        4312         4754
        4314           26
        4316          887
        4321           32
        4328           25
        4332         4313
        4335          743
        4336         1721
        4340           36
        4341         1221
        4342           19
        4343          104
        4348          400
        4350          111
        4355          194
        4356          543
        4359         8049
        4360         4630
        4366         5670
        4372         2506
        4374         5692
        4378          674
        4379          111
        4380         9012
        4382          155
        4384         2897
        4389         4324
        4392           63
        4393         3983
        4394           83
        4395         1629
        4399          620
        4404          300
        4405          289
        4407         2974
        4414          124
        4415          400
        4417         6646
        4420          801
        4426         9168
        4431          828
        4433          466
        4442           40
        4443          707
        4453         1437
        4457         2763
        4461          153
        4462           26
        4467         1301
        4468         1003
        4469          639
        4477            7
        4479            5
        4480          515
        4481         2083
        4482         1276
        4486         1870
        4487          131
        4490          275
        4492         8773
        4500         2988
        4501         1722
        4506         3875
        4513         5718
        4514         4652
        4515         2646
        4516         2293
        4517          216
        4525         2094
        4526          337
        4527         1149
        4534          315
        4547           36
        4553          360
        4556         1753
        4557         8410
        4559         6369
        4561          279
        4562         5943
        4565          345
        4568          343
        4575           68
        4576          776
        4580         1512
        4581         2786
        4587         4564
        4591           84
        4592         1520
        4595          183
        4596         2753
        4599         1832
        4601         4678
        4606          442
        4607          560
        4609           20
        4610         2747
        4611            0
        4616         4150
        4617            3
        4619          580
        4620          806
        4621           20
        4622          886
        4626         1602
        4630         1967
        4634          274
        4637            1
        4640            3
        4644           12
        4645         3599
        4650         2851
        4659         2640
        4660         5415
        4663          117
        4672          265
        4673          175
        4676          380
        4681         1301
        4682         4464
        4685           78
        4690         8502
        4698          303
        4700           55
        4702          336
        4710           97
        4711         1459
        4715         6487
        4716           34
        4719         1402
        4720          625
        4723         1301
        4726         4847
        4727          964
        4728         7870
        4729          102
        4731         2334
        4734         2065
        4737          828
        4738           56
        4743          303
        4745         2025
        4746          788
        4750         1209
        4756           44
        4758          413
        4761         4355
        4765         4129
        4769         1241
        4775          578
        4782         6688
        4783           31
        4786            4
        4787         6053
        4793         1648
        4796           54
        4797         2244
        4799          275
        4800          311
        4804            0
        4808         4143
        4809          117
        4816          111
        4817          400
        4818           78
        4820         8548
        4823           29
        4824           89
        4831         6438
        4842          219
        4844         3277
        4845          575
        4848          230
        4850         2881
        4851         1802
        4854          220
        4856          571
        4859           63
        4866         2560
        4867           11
        4868          286
        4872         6366
        4875         6011
        4877         1073
        4878          368
        4887          597
        4888          142
        4889           22
        4890           24
        4895          823
        4896          243
        4899         4953
        4900          252
        4904         3160
        4906         3150
        4908         4019
        4911         7134
        4922           40
        4927         1942
        4928         5091
        4930          340
        4931         2278
        4934         3166
        4936          240
        4938         2164
        4940         2924
        4942         4077
        4943         3642
        4946          854
        4947         5216
        4949          462
        4951         5576
        4953           73
        4954          130
        4957         1056
        4959         1602
        4960         1674
        4961          874
        4962         3664
        4963         1572
        4970          530
        4971          849
        4974         1009
        4975         1238
        4977         6112
        4978          134
        4989            3
        4992          892
        4994         2504
        4998         1771
        4999          252
        5002         4800
        5005          602
        5007          336
        5009            0
        5010          190
        5013         4431
        5017         6215
        5018         3723
        5019         9035
        5020          381
        5022           63
        5023          423
        5025         3062
        5026         4213
        5033         7267
        5034          538
        5035           23
        5036         2047
        5038         8692
        5040         4102
        5042         6877
        5050         1060
        5052         3279
        5054         2336
        5055          396
        5056         7124
        5060         4358
        5063          714
        5066          231
        5072         5086
        5074          206
        5076         3831
        5078         2692
        5083         5840
        5095           22
        5097         8451
        5099         1837
        5101          274
        5102         5002
        5108          110
        5109          559
        5121         4418
        5122         4030
        5133         7216
        5135          126
        5136           29
        5141         6963
        5148         1690
        5154         4631
        5155         2490
        5156           14
        5163          436
        5164         1696
        5165          474
        5166         5109
        5174         1062
        5176          215
        5177         7621
        5185         2684
        5190            8
        5191         2299
        5193         2061
        5194         4566
        5195         8352
        5196         3087
        5197         8197
        5198         2984
        5204          211
        5206         3420
        5219            8
        5220         1557
        5222         2081
        5225           99
        5227            6
        5236         1894
        5242          256
        5247         7055
        5248         7514
        5252          154
        5260          255
        5261          300
        5264         6046
        5265         2014
        5271         4362
        5272          276
        5278         1999
        5279           35
        5280          384
        5281          228
        5285          636
        5288          274
        5289         8852
        5302          305
        5304          446
        5306         6161
        5309          293
        5320         5039
        5322          588
        5329          871
        5331         6144
        5336         5171
        5340          178
        5346           95
        5347          390
        5349            4
        5352         1035
        5358         5003
        5362         2074
        5366          483
        5368           95
        5370          382
        5371          200
        5372           86
        5379         6112
        5386          316
        5389         3570
        5392         5087
        5397         6350
        5402         1605
        5404          387
        5415         7112
        5419         8818
        5420          534
        5422          298
        5423         3794
        5439         1631
        5444         7928
        5446         6513
        5447           33
        5452         8737
        5454         1209
        5458          807
        5459         2078
        5467          479
        5471         2630
        5472         1274
        5477           85
        5479           72
        5480         2384
        5493          170
        5494         1770
        5497         4659
        5505            6
        5507           46
        5510           12
        5512            0
        5515         1186
        5523         2960
        5525         8899
        5533         5823
        5535          226
        5542          275
        5549           11
        5552          783
        5554           23
        5557          231
        5562         2008
        5565          724
        5567         5480
        5568           56
        5569          184
        5572         6115
        5576           41
        5579          789
        5585            0
        5588          163
        5593         4931
        5595           71
        5597         5641
        5601         3279
        5611          311
        5624         8216
        5626         1423
        5627          290
        5636         4851
        5637         6180
        5639          932
        5642          381
        5643            6
        5646           17
        5649          999
        5651         3459
        5652         4040
        5654         8022
        5656          112
        5657         3966
        5665          194
        5670         3544
        5672          269
        5673          993
        5674         4137
        5679          159
        5682         2137
        5687          173
        5692           11
        5694         7128
        5697         5091
        5699          386
        5708            3
        5709         2112
        5714           97
        5715         6478
        5719         1659
        5725         3321
        5730           71
        5731          347
        5732           59
        5737         2566
        5745         3436
        5747          152
        5749         6646
        5760          275
        5765         1769
        5767         4902
        5771           48
        5776          277
        5781         5844
        5784          504
        5785          267
        5790          101
        5795         1391
        5798         1131
        5800          214
        5810            9
        5813           33
        5814          601
        5815          226
        5818         1076
        5823         2655
        5825          131
        5826         5756
        5828         6085
        5829         1168
        5830         7880
        5831          180
        5834         4428
        5836          276
        5837         1310
        5838           18
        5840         2114
        5845          947
        5846         1322
        5848          392
        5852         2070
        5854          200
        5856            3
        5858          772
        5859         6288
        5861          596
        5862           19
        5864         1071
        5865           44
        5867           28
        5873         8774
        5875          273
        5879          114
        5883          381
        5888         5797
        5892         3504
        5895         7366
        5898         7222
        5899          142
        5910         4190
        5911         1313
        5912          407
        5913         6199
        5918          128
        5920         4178
        5924         1069
        5927           13
        5929           32
        5931          714
        5935            0
        5940         6079
        5944         8268
        5948         4245
        5949           41
        5951         8102
        5952           46
        5958         5148
        5959         2729
        5962          248
        5967         1367
        5968         4351
        5969         1551
        5972          462
        5981         4094
        5984           17
        5986          468
        5995          597
        5999          588
        6001         2533
        6005         5467
        6006          608
        6010           20
        6011          363
        6027          629
        6031         6019
        6034         2126
        6041         5728
        6045          378
        6047         1303
        6050         2593
        6052           40
        6061         7851
        6063           22
        6064          649
        6065          980
        6069          115
        6072         4965
        6074         1194
        6083         1731
        6086          154
        6088         2767
        6093         1114
        6095          336
        6102         1319
        6103         2082
        6104           36
        6114         1918
        6117         4319
        6118            0
        6120         2697
        6123         3442
        6125          373
        6128           64
        6130            0
        6131         5076
        6132         1270
        6149          937
        6151         6161
        6153          278
        6156          330
        6161         2600
        6162           97
        6167            0
        6169          880
        6172         7968
        6174         6358
        6175           54
        6178         1959
        6179         7470
        6181          742
        6185         6214
        6186           18
        6188         3884
        6196          773
        6198         1273
        6200          723
        6202          919
        6205          797
        6208         5280
        6212         4306
        6215            2
        6219         5249
        6221         2510
        6223         4456
        6225         6793
        6229         4141
        6230          265
        6235          174
        6236          666
        6240         7165
        6241          643
        6242         1190
        6251           11
        6254          111
        6260          239
        6261         1798
        6264           58
        6269         5750
        6271         7411
        6275         4944
        6278         4524
        6281         9191
        6282           13
        6283          165
        6285         5841
        6287           11
        6288         3724
        6295          739
        6303         3249
        6305         7088
        6318         2079
        6324          197
        6339         1656
        6344          642
        6347         3790
        6349         8352
        6350         2768
        6353          158
        6360         1000
        6366          921
        6367          170
        6368         2760
        6377          142
        6384         1907
        6386         1114
        6393          396
        6398          811
        6411         3938
        6413           74
        6425         1022
        6431         3074
        6432         1082
        6433          186
        6435           80
        6438          584
        6444           26
        6447          112
        6451            0
        6460          313
        6461         5915
        6464         2377
        6473          149
        6475         3106
        6476         6462
        6483           36
        6486            0
        6492         5322
        6494         1139
        6501          226
        6504         3929
        6509         3327
        6514         5099
        6515         2297
        6516          244
        6518         3851
        6523         1314
        6525          552
        6530          937
        6541          567
        6544          525
        6546          109
        6550           23
        6552         2198
        6558          151
        6563          421
        6564           15
        6565         6313
        6566           97
        6567         2516
        6570            0
        6583          736
        6586          566
        6587           53
        6588          111
        6594            6
        6598         3494
        6603         6339
        6606           95
        6607           59
        6614         7789
        6618         3438
        6620           55
        6622         3405
        6627         4928
        6629         1008
        6630         8069
        6638         2827
        6644           66
        6647         2562
        6654          106
        6657         9117
        6659         6289
        6664         4054
        6665         1032
        6669         4126
        6672         3428
        6675         1533
        6677         5767
        6683         3019
        6688           40
        6693            0
        6696         1356
        6699         2340
        6700         1157
        6705         3271
        6708          139
        6712         8446
        6713         2854
        6715           97
        6719          149
        6732         7216
        6742         4764
        6743         1178
        6745         1747
        6746          773
        6747         4757
        6749          161
        6753         2611
        6755          817
        6756         1512
        6757          512
        6761          581
        6769          243
        6771           39
        6773          248
        6783         6386
        6784         4639
        6785           59
        6787          520
        6789            0
        6792           22
        6794            0
        6798         1614
        6799         2985
        6802         8672
        6806          138
        6810         3244
        6812          128
        6813          105
        6816          723
        6817           78
        6845         4110
        6857         4477
        6866         3201
        6875         6822
        6877         3721
        6895          311
        6897         2810
        6901         5657
        6907         4457
        6921          159
        6922         4469
        6925         3168
        6928           48
        6930          148
        6936         1168
        6937         3757
        6944         1044
        6945         6442
        6948         1933
        6949         3870
        6950          128
        6955          666
        6959            0
        6964         2306
        6970            0
        6972         1445
        6974         7660
        6975           76
        6981         2971
        6984         6095
        6985         1119
        6993          223
        6994          670
        7018          575
        7021         5071
        7024            2
        7027         8288
        7032          496
        7033          796
        7034          148
        7044           22
        7045          447
        7052            9
        7062          319
        7065          150
        7075          161
        7076          244
        7077         4044
        7083         1251
        7100           74
        7120            0
        7124         2156
        7125         6518
        7134         2516
        7137          116
        7141           74
        7146         3662
        7153           43
        7154         2306
        7155          467
        7158         6310
        7173           94
        7174           63
        7181           86
        7191           24
        7197         7381
        7198         4192
        7211         4395
        7212         3809
        7214          111
        7215          824
        7216           18
        7230          822
        7239         6884
        7244          530
        7246            0
        7247          413
        7252           40
        7254         2408
        7255          742
        7260          504
        7274           13
        7276         4654
        7287           50
        7288         2332
        7291          112
        7295         7298
        7303          996
        7308         4213
        7309          357
        7314          334
        7322          728
        7328         1056
        7331         1428
        7339            0
        7344           83
        7345         1596
        7346          677
        7349            4
        7351          165
        7353         4568
        7355          995
        7366          196
        7368           98
        7369          997
        7379         4147
        7380         2402
        7381         6129
        7385         6520
        7386          285
        7387          241
        7389         1636
        7396          659
        7403         5756
        7404           97
        7408          452
        7426           54
        7430         1473
        7438           74
        7449         2760
        7462         3307
        7465          353
        7475         3324
        7479          536
        7480          819
        7485            1
        7488         6906
        7491            0
        7499         1099
        7501         4524
        7508            3
        7509         5868
        7510         2362
        7512            1
        7513          206
        7514          363
        7516         4570
        7519          102
        7523         3845
        7524          108
        7526         3347
        7527          222
        7537           76
        7539          604
        7546           59
        7550           78
        7554         2135
        7555           97
        7557           32
        7558          378
        7564         1251
        7570          373
        7583         6482
        7587         2458
        7594         4214
        7596         1907
        7599          340
        7606         1862
        7614         2932
        7624            0
        7625         1473
        7627          910
        7631         2850
        7632         4432
        7637          592
        7649         3109
        7684           20
        7686         1504
        7689          381
        7702           54
        7703         4218
        7721         5030
        7724         7333
        7727         6724
        7731         6114
        7733         9187
        7737         3270
        7740         2103
        7744          223
        7745          492
        7746          181
        7750          313
        7751         1806
        7753         1546
        7758          274
        7768         4279
        7770            7
        7775         1094
        7778          483
        7789         4655
        7798         2286
        7800          642
        7803          139
        7815          183
        7816         3593
        7817          319
        7823         4224
        7829          455
        7832          195
        7833         7833
        7838         1067
        7842         1062
        7843           17
        7855           88
        7857          698
        7865         2671
        7866         1190
        7869          590
        7878         1371
        7883         4829
        7888         1188
        7895          734
        7896         5131
        7901         4770
        7902          524
        7903         4805
        7906         5056
        7909           36
        7912          204
        7916         4592
        7918         3451
        7934          559
        7935           88
        7941          446
        7946         6328
        7961          268
        7966         2786
        7967         1297
        7968          663
        7972         7030
        7974          256
        7976          642
        7980          693
        7990          504
        8002         6368
        8006          806
        8020          884
        8023          178
        8026         2979
        8030         4088
        8033         1006
        8034         2740
        8035         2556
        8036         5316
        8046         2229
        8050          544
        8052         2374
        8062         2608
        8069         4251
        8076         2422
        8083         5643
        8084         2548
        8088         1705
        8114         3209
        8130           93
        8131         4397
        8139          914
        8156         5942
        8161         6981
        8169          204
        8172           39
        8181         3920
        8197         3699
        8204          232
        8210         6420
        8211         1029
        8212         5803
        8215         2674
        8219           50
        8220           15
        8221         2757
        8225          493
        8232           28
        8235          195
        8241         4583
        8248          575
        8255          680
        8256          156
        8267         4450
        8269         1816
        8270          119
        8271          648
        8275          571
        8280          298
        8284           24
        8285          448
        8294          952
        8305          601
        8306         4906
        8310           93
        8317         5008
        8326           57
        8331           18
        8336            9
        8346          269
        8347         4930
        8351         1674
        8353         6508
        8361          464
        8374          412
        8375         1045
        8379         3739
        8382         4648
        8387         1108
        8403          359
        8426         4583
        8436         1035
        8438          153
        8450         7503
        8451          296
        8459         7256
        8468           11
        8489          184
        8491         8186
        8495         3931
        8496          592
        8497         1839
        8499         1709
        8506         1677
        8510          893
        8519          251
        8522           29
        8535         1040
        8556            0
        8561          218
        8566          649
        8581          721
        8586         1344
        8604           18
        8606         4511
        8613          207
        8614          641
        8624         2118
        8627          120
        8631          612
        8635          104
        8646          434
        8662         1702
        8667          194
        8673         2554
        8689         2763
        8702          136
        8704         1982
        8706         1455
        8708            0
        8739         2338
        8752          379
        8754           32
        8766          274
        8767          184
        8768           50
        8775         2214
        8778         5133
        8789         8620
        8791           99
        8796          590
        8807          350
        8822         3066
        8832          433
        8839           15
        8853         3714
        8863         1287
        8876         3835
        8880          512
        8881         1077
        8887          166
        8888         2768
        8889           88
        8896         1465
        8898         1333
        8901           90
        8905         1570
        8915           75
        8920         5916
        8935         2382
        8952         2084
        8953         4392
        8955           76
        8956          395
        8959          128
        8962          474
        8964           24
        8966         4279
        8978         1168
        8989          135
        8999          544
        9010          863
        9013          883
        9016          189
        9018         8200
        9023         1118
        9028          574
        9042          805
        9045          510
        9046         2533
        9052           46
        9055         4675
        9056            4
        9064         6360
        9080         3538
        9096         2450
        9119         4037
        9128         2796
        9137           24
        9138         2505
        9142          863
        9151           19
        9157         2183
        9164         1917
        9169          804
        9173          224
        9177           83
        9180         1524
        9183           47
        9204          108
        9215          184
        9233         3295
        9236          331
