# HaloID(1) HaloID(2)
           0            0
           1            1
           2            2
           3          549
           4            4
           5           31
           6          559
           7            7
           8            9
           9            1
          10         3325
          11         2891
          12           23
          13         1317
          14         1525
          15           12
          16          795
          17          378
          18           18
          19           32
          20         2683
          21          327
          22           21
          23         1922
          24           47
          25           46
          26           76
          27          155
          28           28
          29          118
          30          650
          31           20
          32           33
          33          272
          34         4961
          35           22
          36         2926
          37          811
          38         3325
          39          852
          40           39
          41          186
          42           80
          43          678
          44         2393
          45          253
          46          172
          47         1634
          48         4315
          49         5001
          50          368
          51           47
          52          160
          53            6
          54          586
          55         2018
          56         1516
          57            2
          58           69
          59         3716
          60           59
          61          295
          62         9312
          63          207
          64         8080
          65          171
          66           66
          67         5947
          68          107
          69           70
          70          817
          71         4674
          72          726
          73         1795
          74         1206
          75         4230
          76         3271
          77         3328
          78           77
          79          753
          80          677
          81          622
          82         2833
          83           83
          84         1291
          85         4310
          86          119
          87          925
          88          688
          89           89
          90         1559
          91          968
          92          576
          93         1800
          94           44
          95         1398
          96            9
          97          458
          98           98
          99         3065
         100         7296
         101         1502
         102         3684
         103           14
         104          894
         105         2466
         106         1809
         107         2626
         108         6248
         109          490
         110          740
         111         3005
         112           15
         113           29
         114          112
         115         2370
         116         1482
         117          413
         118         2269
         119         1012
         120          342
         121           10
         122          717
         123         2332
         124          122
         125          120
         126         1886
         127         1416
         128          620
         129          380
         130          149
         131           79
         132           38
         133           50
         134         7575
         135         4695
         136         2528
         137         2388
         138         1844
         139         1447
         140         2938
         141         2884
         142          971
         143           35
         144         6230
         145         5142
         146          143
         147           71
         148          146
         149           11
         150         1015
         151          680
         152         8816
         153         1706
         154          428
         155          116
         156          434
         157          416
         158         5001
         159           12
         160          708
         161          725
         162         1788
         163          234
         164           61
         165         6769
         166         1211
         167         1367
         168          164
         169          798
         170           96
         171         3961
         172          600
         173          890
         174          190
         175          176
         176          143
         178         3191
         179         7838
         180            0
         181           54
         182         5526
         183           85
         184           47
         185         4851
         186          569
         187         3150
         188          186
         189         3532
         190         1998
         191         9311
         192           50
         193          343
         194         3409
         195          410
         196          191
         197         3003
         198         9088
         199         1025
         200         4720
         201          275
         203          209
         204          961
         205         4336
         206          124
         207          521
         208         2969
         209         4014
         210         4031
         211           58
         212         5549
         213          365
         214          204
         215         2427
         216          616
         217         5241
         218          332
         220           82
         221          232
         222          647
         223         4072
         224         6631
         225            0
         226         3314
         227           42
         228          302
         229         9282
         230         1806
         231          584
         232         3196
         233           80
         234         3594
         235         1569
         236         1722
         237         7858
         238           15
         239         1293
         240         1752
         241         1270
         242         1841
         243         3716
         244         6676
         245         8232
         246         4927
         247         2851
         248         4446
         249         2306
         250         2128
         251          255
         252         2853
         253          160
         254          246
         255          382
         256         2299
         257            8
         258          403
         259         2607
         260          171
         261         9249
         262         1219
         263           73
         265         1388
         266          199
         267         7813
         268         6920
         269         2879
         270          758
         271         1703
         272         5618
         273          813
         275          279
         276           57
         277         7195
         278         5952
         279         8643
         280         3497
         281         3435
         282         3529
         283          315
         285         4046
         286         3532
         287         5291
         288         2287
         290         5521
         291         6835
         292          377
         293          187
         294          899
         296         1372
         297         3046
         299         1673
         300           20
         301           15
         302         7279
         303         5430
         304         8985
         305          171
         306         2925
         307         2431
         308          306
         309         3314
         311          141
         312         4409
         313          317
         314         1266
         315         1233
         316         1655
         317         2230
         318          318
         319          319
         321          261
         322         2369
         323         2226
         324         1313
         325         4267
         326          699
         327         2834
         328         3026
         329         2824
         330          575
         331         5303
         333         7055
         334           67
         335         1331
         336         4235
         337         7512
         338           19
         339         1842
         340         4572
         341         2335
         342         8480
         343         1270
         344           20
         345          354
         346          555
         347         3790
         349          471
         350          187
         352          278
         353          348
         355           17
         356         2231
         357         4094
         358         3287
         359          360
         360           10
         361         2349
         362          356
         363         1187
         364         4997
         365         6101
         366          300
         367         8305
         368         1745
         369          412
         370           48
         371          189
         372         4830
         373         1165
         374         9564
         375          265
         376          508
         377         2625
         378          171
         379          834
         380         1355
         381          383
         382         3057
         383         7290
         384         1526
         385         7681
         386         1472
         387         2698
         388         3671
         389          335
         390         9125
         391         1866
         392         2670
         393         4073
         394           32
         395         7576
         396         3976
         397         1063
         400         1597
         401         1328
         402          340
         403         7186
         404            4
         405         1577
         407         2379
         408          390
         409           76
         411           14
         412         6256
         413         3277
         414           25
         415         5987
         416         3464
         417         3440
         418         3087
         419            0
         420           35
         421         7762
         422         6893
         423         2185
         424         1337
         425          405
         427          462
         428          293
         429           47
         430         1370
         431         4080
         432         1119
         433         1800
         434         2662
         435         1650
         436          429
         437         2671
         438         9214
         439         5262
         440         5230
         441         1748
         442         2800
         443          679
         444         2291
         445          210
         447          448
         448         1089
         449          947
         451          598
         452          707
         453          306
         454         1181
         455         4981
         456         2502
         457         2818
         458          206
         459           76
         460         6396
         461         9413
         462           34
         463           95
         464         3716
         465            1
         466         5868
         467         1063
         468         3436
         469           14
         470         8348
         471         2635
         472          325
         473         3812
         474         2996
         475           85
         476         1249
         477           25
         478          713
         479          735
         480          886
         481          258
         482         2490
         483          283
         484         7294
         485          978
         487           20
         488         4287
         489          171
         490          816
         491         1502
         492          811
         493         1051
         494         1122
         495         3368
         496         8274
         499         4031
         500         3120
         501         8868
         502           47
         503           14
         504         8985
         505           14
         507            1
         508         1191
         509         1200
         510          316
         511          217
         512         2891
         513         4644
         515         2877
         517         5935
         518          193
         519         1877
         520           20
         521          788
         522          526
         523           25
         524         1186
         526          529
         527         9150
         528         2484
         529          374
         530         1458
         531          306
         532         8563
         533          160
         534         1893
         535         6938
         536         6469
         538          490
         539          910
         541          302
         543         1388
         544         5025
         546         2730
         547          713
         548          137
         550         4155
         551         7924
         552         4028
         554         5871
         555          561
         558            3
         559          899
         560           16
         561         1906
         562         5176
         563            5
         564         1054
         565          582
         566           85
         567          101
         570          166
         571          275
         572         8875
         573         7496
         574          833
         576         4375
         577         1531
         578         2540
         579         5299
         580         9522
         581          142
         582         2704
         583         7808
         584            2
         585          794
         586           94
         588            8
         589         1902
         590          631
         592         2218
         593          587
         595           88
         596            8
         597         3689
         598          476
         600         3973
         601         2549
         602         1162
         605          431
         606          473
         607         2467
         608         4450
         609         4737
         610         7010
         611          172
         612           45
         613         1355
         614         1308
         615          120
         616          578
         617         7470
         618           74
         619         1394
         620         7999
         621         5593
         622          778
         623         3130
         624          447
         626         6286
         628         7941
         630           34
         631         2866
         632          638
         633         3940
         635           27
         636         3244
         637         2957
         638            6
         639           90
         640           13
         641         3638
         642         3421
         643         2689
         645         5812
         647         9401
         648         2099
         649          345
         650          439
         651         2597
         652           20
         653           71
         654         1571
         657         1251
         658          464
         659          649
         660         4074
         661          667
         663         1038
         664            0
         665         3120
         667         5018
         669         3940
         670          737
         671          974
         672         5535
         673          437
         674          188
         675         3049
         676         7842
         678           69
         681          524
         682          687
         683         1094
         684           66
         685         4530
         686           53
         688         1805
         690          962
         691         8782
         692          699
         693         6157
         694         1715
         695         9054
         697          199
         698          318
         699         8490
         700         5319
         701         2046
         703           66
         704         1358
         706         2366
         707          287
         708         2747
         709         6597
         710         7062
         711          724
         712          178
         713          608
         714         1202
         717           60
         718         5976
         719         1819
         720          755
         721            3
         722         7182
         723           31
         724           60
         725           24
         727           57
         728          490
         729          496
         730          893
         731           25
         732          383
         733         2008
         734         4073
         735         2566
         736         3261
         737         7378
         738          603
         739         4178
         741         2173
         742         2128
         744          272
         745            0
         746         7803
         748         4812
         749         6896
         752         2291
         753         2720
         754         2326
         755         2822
         758          189
         761           32
         763         5967
         764          720
         765         2955
         766         2383
         767          332
         768          479
         769         4077
         771         6362
         773           85
         774           34
         775         4604
         776         1324
         777         4170
         778          337
         780         3614
         781         6611
         782          460
         783         5584
         784         1892
         785         1302
         787         1930
         788         2315
         789         1139
         790         7297
         791           22
         792           42
         793         5450
         794           47
         795         1121
         796         3066
         798           11
         799         1490
         800          266
         801         1253
         802          170
         803          661
         804           10
         806          809
         807         8728
         808         1332
         810           29
         813         2871
         816          352
         817         5975
         818           14
         819         2112
         821         3020
         823         6260
         824         5209
         825          171
         827           33
         828         8304
         830         2517
         831         8611
         834         9458
         835         4153
         836         6070
         837         3379
         838         1168
         841         1027
         844          127
         845          422
         846          850
         847          855
         849         1845
         850           25
         851          609
         852          197
         853         1167
         854          498
         855         6718
         857           28
         858         4350
         860         2996
         861          119
         863            2
         865         2431
         866          308
         867         5259
         868          578
         869         1015
         870          878
         871          583
         872           32
         873          171
         874         4171
         875          272
         876         6337
         877         3191
         878         1376
         880         5061
         881         8870
         884          403
         885          879
         887         1178
         888         2115
         889         3239
         891           50
         892          567
         893           77
         897           21
         898         2644
         901         6545
         903           38
         904         1945
         906          517
         907          578
         909          588
         911         2332
         912         5497
         913         2968
         914         8636
         915          614
         916         4567
         918         5986
         919         1398
         920         3433
         924          385
         925          896
         926            3
         927         8905
         929          646
         930         2394
         932         3158
         933          841
         934         5352
         935         2643
         936         1787
         937           14
         938         2275
         939         1985
         942          352
         943         4936
         944         9085
         945          958
         947          916
         950         4641
         951          941
         952         1786
         953         1163
         954          959
         955          841
         956         8991
         957          943
         958          166
         959           67
         960         5430
         961          126
         963         5448
         964         1762
         966         1415
         968          491
         970          977
         972         3937
         973         2007
         975         3813
         976          987
         977          712
         979         2139
         980           99
         982          134
         983           92
         984          494
         985         1572
         986         1745
         992          991
         993         7860
         994          503
         995           51
         997           84
         998         1018
         999          990
        1000         5380
        1003         1906
        1006          145
        1008         2399
        1009         4073
        1010         1007
        1011          205
        1012          792
        1013         7210
        1014         7521
        1017            0
        1018          516
        1019         1793
        1021          103
        1022         2667
        1023          188
        1026            2
        1027         8329
        1028         6455
        1029          136
        1032         3932
        1033          133
        1034          156
        1035         8821
        1036         4210
        1037          309
        1039         1028
        1041          165
        1042           28
        1043         6161
        1044          171
        1045         2413
        1046          515
        1048          481
        1050         6697
        1051         4124
        1052         6920
        1054         1042
        1055           67
        1056           28
        1057         3894
        1058         3753
        1060         9350
        1061         8240
        1065          416
        1066         8745
        1067          760
        1068          187
        1069         2245
        1071         7235
        1072         8428
        1073         1024
        1075          447
        1076         3192
        1077         2211
        1078           15
        1079          302
        1080          373
        1083         5997
        1085         5661
        1086         6178
        1088          619
        1093         1028
        1094          467
        1095          220
        1097         7305
        1098         6284
        1099         5443
        1101          444
        1102          848
        1103         4774
        1104         5048
        1105         9244
        1106          343
        1108           90
        1110         1378
        1111           53
        1112         1127
        1113         5392
        1115         5510
        1116           14
        1120          151
        1121         5163
        1122         6984
        1126         1584
        1129         3419
        1131         6101
        1133          106
        1134          383
        1135          345
        1136           14
        1137         5225
        1138          937
        1139         1270
        1140         2216
        1142         6955
        1143         2302
        1144         1586
        1145            6
        1146         1860
        1148         1158
        1149            0
        1152          136
        1153         4231
        1154           93
        1156         4216
        1158         4112
        1160           93
        1161          347
        1162         1911
        1163         6937
        1164         1831
        1167          555
        1168         2712
        1169           51
        1171         1512
        1172         1975
        1173         2105
        1176           75
        1177           27
        1178           35
        1179          187
        1180          130
        1184           47
        1187          719
        1188         7241
        1189           49
        1190         9543
        1191         2724
        1192         1085
        1193          457
        1196         1341
        1198          289
        1199         3761
        1200         1112
        1201          264
        1203          726
        1206         2331
        1207         5160
        1208          646
        1211         6327
        1213         1617
        1214          310
        1215         5605
        1217         5779
        1218          504
        1219         8303
        1220           18
        1223         6716
        1224           15
        1225         2748
        1226         2924
        1229         1379
        1232          427
        1233         1238
        1234         8497
        1235         1194
        1236         1227
        1238         3922
        1241         5089
        1242          272
        1247          623
        1249          520
        1250         1247
        1251           28
        1252          579
        1253          536
        1255          766
        1256         3725
        1258          199
        1259           26
        1260         5722
        1261         1802
        1263         1485
        1264         8149
        1266           38
        1268         2305
        1271         3275
        1272           32
        1273         6324
        1276           82
        1278          272
        1279         1183
        1280          725
        1281         7916
        1282         2743
        1284           47
        1286          129
        1287         5070
        1288         1851
        1289         1003
        1290          892
        1291          622
        1294         5065
        1295         8119
        1296           91
        1297          620
        1298         1103
        1299           34
        1301          643
        1302         4475
        1303           52
        1304          779
        1305         1661
        1306         3791
        1307         4869
        1308           33
        1309         1868
        1311          199
        1315          625
        1317         1287
        1318         1788
        1319         1811
        1322         1033
        1324         1849
        1325         1290
        1327          151
        1328           38
        1329         2007
        1330          287
        1332         3157
        1333         1294
        1334            3
        1335          570
        1336         1340
        1338         2278
        1340           24
        1342         8724
        1343            9
        1345         1325
        1346         2722
        1347           66
        1348         6414
        1350         2679
        1352          469
        1353         3109
        1354         3804
        1356         2840
        1358         1501
        1359         2947
        1360         1089
        1362         1450
        1363         7900
        1365         6071
        1367         5317
        1370          121
        1371           82
        1372         6757
        1377         1369
        1378         2774
        1379          113
        1380         1364
        1382           32
        1383         6465
        1384           38
        1387         1024
        1389         1372
        1390         2858
        1391           63
        1394         4572
        1395          156
        1398          777
        1399         3888
        1402            3
        1405           59
        1406         4648
        1408           85
        1410         3761
        1411         1070
        1414           15
        1415         1173
        1416         5670
        1417         1257
        1419          254
        1420         6820
        1424         5712
        1428          255
        1429          376
        1430         5092
        1431          328
        1432         3523
        1434         8917
        1435            9
        1437          154
        1438          412
        1439         8524
        1442           72
        1444         2918
        1445         2422
        1447          173
        1449         3488
        1450          679
        1451         2384
        1452         1902
        1454           66
        1455          634
        1457           28
        1458         1497
        1460           21
        1462         6978
        1463          408
        1465         1490
        1466         1577
        1467         3871
        1470         2540
        1471          792
        1472         1471
        1473         5688
        1474          625
        1475          173
        1476         2562
        1478         2931
        1480            0
        1481         3535
        1485         4182
        1487         4989
        1488         2460
        1489         5176
        1491          984
        1493           66
        1494         4202
        1497         1598
        1498         1492
        1500         3671
        1501          717
        1502           71
        1503         1111
        1505          672
        1506         1458
        1508         1497
        1510         1165
        1517            0
        1518         1431
        1519         3675
        1520          872
        1524          191
        1526          568
        1529          530
        1530          117
        1533         5533
        1535          195
        1537           37
        1538          944
        1539          630
        1540         2860
        1541         2192
        1542          189
        1544          676
        1545         3207
        1547         3662
        1549         1911
        1550          215
        1552         1220
        1553         6102
        1554          130
        1555         7576
        1556         2628
        1558           83
        1560         5600
        1561          761
        1562          143
        1563          104
        1565          759
        1566          193
        1567         5997
        1568         5393
        1569          957
        1570         1706
        1571         1402
        1572           12
        1573         1589
        1574         4732
        1575           55
        1576         3193
        1577         5914
        1578          478
        1579          942
        1580          372
        1581         1165
        1583         4348
        1587         7512
        1591          339
        1592         7510
        1594         1586
        1595         6218
        1598         5321
        1599          165
        1601          211
        1602         2625
        1603          176
        1604          896
        1605         5804
        1606          872
        1610          319
        1611          720
        1612         2285
        1617            1
        1620          426
        1622          261
        1623          145
        1625          105
        1627         1212
        1629            2
        1630          530
        1631         7935
        1634          188
        1636           28
        1637         1026
        1639         3111
        1642         1606
        1643         1626
        1644          115
        1645         8520
        1648         7053
        1651          665
        1653         3057
        1656         3487
        1657           72
        1659            3
        1663           14
        1664         1125
        1665         3545
        1670          241
        1671          582
        1672           45
        1675          110
        1677          120
        1680         4622
        1681          816
        1682         7776
        1684         4178
        1685          204
        1686          136
        1688         4390
        1689         6153
        1691         2378
        1694           78
        1697         1384
        1699         2675
        1704         1169
        1707         1800
        1709          917
        1710         1695
        1711         4173
        1712         5001
        1715          230
        1716         1029
        1719         2786
        1721          111
        1723         8677
        1724         4409
        1725            0
        1726         2150
        1727         1306
        1728         2083
        1730         6221
        1731         3087
        1734         1555
        1735         1250
        1736         3385
        1738         1688
        1739         1300
        1740           29
        1742         4395
        1743         7926
        1746          517
        1747         7226
        1749         7820
        1750         5163
        1751         3532
        1752          715
        1754           22
        1755           11
        1756          237
        1758          494
        1761          563
        1762          165
        1764         2260
        1765         1759
        1766         1739
        1767         1769
        1768         8714
        1771          113
        1772           40
        1774          189
        1775           37
        1776         9017
        1780          962
        1781         1090
        1782            0
        1783          123
        1785         1200
        1786         1802
        1787         9094
        1788          171
        1789         1759
        1793         1761
        1794           49
        1798         2620
        1799         5747
        1804         9128
        1807            6
        1810           14
        1811          188
        1812         8202
        1814         6081
        1815          221
        1816         3079
        1817         4170
        1818          169
        1820         1299
        1822           41
        1823          539
        1824         5082
        1825         7730
        1826         1724
        1828          886
        1830         4894
        1831         6822
        1833         2419
        1834         1532
        1835         2839
        1837           81
        1839         6413
        1840         2236
        1844         5234
        1848         8690
        1850           34
        1851         5204
        1853         6309
        1854         6798
        1855         2118
        1856          272
        1857         7081
        1860         5989
        1862         6769
        1863         2683
        1864         5989
        1865         9413
        1866         1797
        1868         1426
        1869         3183
        1871          480
        1872         1985
        1874         3215
        1877         4157
        1880         1029
        1881         4742
        1885         6774
        1886         1833
        1887            0
        1888           11
        1891         1822
        1894         2210
        1895         1764
        1896          895
        1898         2262
        1900          105
        1902          419
        1905         1560
        1907         7191
        1911         5462
        1912          191
        1914         3960
        1916           65
        1917          707
        1918         7910
        1919          992
        1920         1897
        1922         2281
        1927         1927
        1928         1229
        1929          508
        1931          988
        1932         3689
        1933         5723
        1934         5998
        1935         4714
        1936         1003
        1937         7039
        1938           11
        1939          791
        1940         1296
        1941         7762
        1942         7029
        1943         1983
        1944          249
        1945         9358
        1946         4088
        1949           38
        1950         9548
        1954         8269
        1956         3434
        1963         2322
        1964          151
        1965         1059
        1968         9482
        1970         3150
        1972           85
        1975          176
        1976         8324
        1978         9473
        1980         1141
        1982         1191
        1983           43
        1986            0
        1987         4395
        1989          217
        1991         2315
        1992         2436
        1994          419
        1995         1940
        1998         1003
        2000         2969
        2002         5380
        2003         3111
        2004          405
        2008          569
        2009         3284
        2012         8088
        2014            1
        2017         1252
        2018           74
        2020           60
        2022         3837
        2023         1749
        2024          400
        2025          903
        2030          398
        2031          433
        2032         8867
        2033         1786
        2035           28
        2037           45
        2038         1821
        2039         1731
        2040         6089
        2041           73
        2042         2153
        2044         7170
        2048          237
        2049          439
        2052         4997
        2054           31
        2057         1322
        2058          620
        2059         2068
        2061          115
        2066          625
        2068         1067
        2070         3876
        2073         5180
        2075          851
        2076         1145
        2078         6893
        2079         1853
        2080         6319
        2083         2106
        2084          127
        2087           17
        2088         7424
        2089         6970
        2097          211
        2099          578
        2100         3839
        2101            3
        2102          591
        2106          391
        2110          403
        2112         1545
        2114          283
        2121         4087
        2122         7207
        2125         4260
        2127          475
        2128          215
        2129          308
        2130          130
        2132         1997
        2133         2734
        2136          900
        2137          345
        2139         1222
        2140         4924
        2141         1010
        2143         2151
        2150           42
        2152         2000
        2153         7062
        2154           56
        2155          789
        2156          854
        2157          187
        2158         1178
        2163         5340
        2167         2804
        2170          999
        2173          397
        2175          416
        2176          315
        2178         4080
        2181         5476
        2183          186
        2184         6011
        2188         2394
        2190         2046
        2191          419
        2192         1682
        2193         8438
        2197         1533
        2200         6537
        2201         3560
        2203         3016
        2204          145
        2206          104
        2210         4676
        2213         2568
        2215          720
        2217         2256
        2218         2237
        2221          416
        2222         1731
        2223         1033
        2224         5722
        2225         8444
        2227           24
        2229         9358
        2231         1266
        2232           45
        2233         1527
        2234         3224
        2235           97
        2238         4827
        2240          111
        2243         2247
        2249         5687
        2251          753
        2256          382
        2257         2273
        2258         2097
        2261          140
        2263         7755
        2264          231
        2265           85
        2266         1450
        2267         3362
        2268         5018
        2269         2305
        2270         8454
        2274           96
        2275           14
        2280         2419
        2282         1956
        2284         5363
        2285           38
        2287          621
        2288         2328
        2289            0
        2290         6108
        2292         1601
        2298         2616
        2299          200
        2302         4904
        2303          151
        2304          155
        2307          581
        2310         3602
        2312          293
        2313          872
        2318         1623
        2321         2768
        2324         5377
        2326           89
        2327          399
        2329         1865
        2330          437
        2331            8
        2332         7083
        2336         1061
        2338          693
        2343         2061
        2344         2610
        2345          114
        2347         5269
        2348         5459
        2350         6860
        2351         1886
        2356          968
        2357         6540
        2358          115
        2361         1266
        2362          211
        2363         8430
        2364          716
        2366            0
        2370         1253
        2371         2802
        2372          624
        2373         5155
        2376         3579
        2378            1
        2379         2256
        2380         1225
        2382         1639
        2384         2920
        2386         4187
        2387           80
        2389         5203
        2391           48
        2396          976
        2397          315
        2398          381
        2402            9
        2403          434
        2404          193
        2407          779
        2408          530
        2409         1751
        2411            9
        2414         2539
        2415          962
        2417          214
        2418         4663
        2419         9312
        2425          954
        2426          578
        2427           66
        2429         1164
        2432          540
        2436         3617
        2443          251
        2444           65
        2449         2488
        2451         4107
        2455          271
        2456         1493
        2457         2937
        2459          325
        2462          339
        2463          111
        2464         4263
        2472          437
        2473         1255
        2475         2890
        2476         1111
        2477           51
        2478         1002
        2479           42
        2480         2482
        2481          161
        2483         6532
        2484         2494
        2485         7274
        2486          243
        2489         3813
        2491         6545
        2494         3614
        2497          356
        2500          431
        2504         1262
        2508          583
        2509            0
        2510         7681
        2511          126
        2513         1391
        2516          235
        2525          387
        2526         3675
        2529          133
        2531           72
        2532          943
        2534           18
        2536         9078
        2540          682
        2542         5594
        2545         2044
        2546         3687
        2547         2443
        2551         2227
        2553         7525
        2554         5397
        2556           97
        2558          228
        2561          323
        2563         7531
        2564         4968
        2568           75
        2569         5160
        2572         2282
        2573         1456
        2576         8423
        2577         4970
        2580         2851
        2581         1536
        2582         1993
        2584         2491
        2586          120
        2589         5838
        2590         6073
        2592         2669
        2596         3839
        2598           93
        2599         2982
        2603         2189
        2604            0
        2606         1734
        2607         2931
        2608         1732
        2611          293
        2613         2582
        2614         5526
        2619         1922
        2620          175
        2622          239
        2623         7691
        2624         5705
        2626         2621
        2627         1874
        2628         5547
        2629         1928
        2632           15
        2633         7442
        2635         3111
        2636         3513
        2637          623
        2640           27
        2642         4230
        2644         1026
        2645         9431
        2648           90
        2652            0
        2654         2058
        2657          214
        2659         8161
        2660         1670
        2664          207
        2666            2
        2669          958
        2671         1786
        2674          781
        2677         6272
        2680         4256
        2683         5945
        2685         3457
        2688          155
        2690          737
        2691         4722
        2692         4418
        2697         6034
        2698         2717
        2700         4158
        2701          728
        2702         2840
        2703          703
        2704          374
        2706          225
        2707           84
        2710         8158
        2712          137
        2720           14
        2723          376
        2725         8570
        2726         8813
        2727           80
        2729          500
        2730         5427
        2732         8010
        2733         1944
        2734         1133
        2736          463
        2743          707
        2744          493
        2745         2361
        2751         1415
        2753            0
        2754         2969
        2755          245
        2756         2733
        2760         4880
        2762          327
        2763           55
        2764          467
        2766         2790
        2767         4555
        2769         2951
        2771          358
        2776          848
        2778           99
        2781         5483
        2782         3692
        2784         5812
        2785         6818
        2788          515
        2790          202
        2791         4019
        2794         9256
        2795          159
        2796          731
        2797         3114
        2798         3052
        2799          503
        2801         3704
        2802          638
        2804         1391
        2805          861
        2809          292
        2814          112
        2820         6024
        2822          343
        2824          199
        2825          784
        2826          459
        2828          580
        2832         2157
        2834         8591
        2835         3259
        2836         1574
        2837         2896
        2838         3355
        2839         1776
        2841         2717
        2842           20
        2845          148
        2848           11
        2852         7740
        2856          635
        2861         2548
        2862         1866
        2863          511
        2864         2505
        2865         2882
        2867         1084
        2868         2424
        2870           71
        2871          250
        2873         4420
        2875         5507
        2877         1003
        2879           28
        2883           81
        2886          397
        2889           36
        2891            0
        2892         5025
        2894           69
        2895           27
        2896           19
        2898         2954
        2899           85
        2900         1951
        2902         5404
        2904         9535
        2905          742
        2909          785
        2910          274
        2913         3399
        2914           41
        2915         8042
        2917         1635
        2918          479
        2921         3435
        2922         2599
        2927          603
        2928         3459
        2929          632
        2931         2911
        2932           28
        2933          340
        2934         2590
        2938         4202
        2939          252
        2940         7580
        2942          138
        2943         1315
        2944          145
        2949          252
        2951         4804
        2956         5176
        2958           34
        2960         3069
        2962         1012
        2965          707
        2966          442
        2967         4936
        2972          328
        2973         2915
        2975         9165
        2978         2429
        2981         4219
        2984          155
        2985           34
        2988         1733
        2993         1791
        2994         1027
        2995           69
        2997         2143
        3001          189
        3003          262
        3005         3425
        3007         8501
        3011         3940
        3013         6089
        3015         2540
        3016          741
        3022         8723
        3027          629
        3028         3513
        3029          576
        3031          573
        3033         3017
        3036         3957
        3037          228
        3043         1306
        3045          422
        3046          453
        3048         1213
        3052           58
        3053         2795
        3056         1048
        3062           94
        3064         4532
        3066         3679
        3068         2230
        3069           49
        3070          353
        3072          105
        3073         1160
        3081          888
        3082         1606
        3085         3084
        3086          335
        3087          839
        3089         2609
        3091          333
        3094           14
        3107         7943
        3108          149
        3109          487
        3113          167
        3115          238
        3119         1182
        3121          577
        3122         3787
        3125           48
        3128         3068
        3132          203
        3133         4321
        3135          541
        3136         3124
        3138          199
        3141         1786
        3146          386
        3148          601
        3149          260
        3150          130
        3152         2114
        3154           19
        3157         1709
        3158         1254
        3159           88
        3160         3059
        3170         2683
        3175         6260
        3176         2130
        3178         6112
        3179          237
        3187          732
        3188          472
        3189         5537
        3190           53
        3192           37
        3193         3604
        3194         1655
        3198         5647
        3202         1022
        3209         3158
        3211         2969
        3213         3199
        3217         4754
        3218         7984
        3219         7780
        3221         1674
        3223           82
        3226         3175
        3229         1049
        3233            6
        3235          684
        3236         3251
        3237          107
        3239         6364
        3240         5605
        3241         3823
        3242          109
        3243         3309
        3247         5000
        3251         8506
        3252          491
        3257         2114
        3258         4832
        3259           99
        3260         2540
        3261            6
        3265         3131
        3267         4450
        3268         3239
        3269         8312
        3271          389
        3274         7017
        3275         3304
        3278         6155
        3281          142
        3282         2180
        3285          387
        3287           90
        3289          469
        3290         1191
        3294         8523
        3297          690
        3298         4906
        3301            6
        3302         3301
        3303         7378
        3305          529
        3307         2591
        3310         4074
        3318         5017
        3319         4586
        3321         7370
        3322          385
        3323          724
        3324           79
        3326          137
        3331         1247
        3334          798
        3337         1022
        3338          863
        3341         1589
        3342           62
        3343         1146
        3345           17
        3348         5272
        3351            2
        3352         3300
        3356         6194
        3358         9348
        3359          387
        3360         3776
        3361         8016
        3363         4070
        3365         9312
        3369          706
        3373          774
        3374         1052
        3381         3248
        3383         9453
        3384          517
        3385         5095
        3388         2738
        3389         1767
        3390         1002
        3392         4782
        3395          574
        3398            0
        3399          827
        3402         7922
        3403         2420
        3405          839
        3406         1642
        3412         1942
        3414            2
        3417          324
        3418         3249
        3419         1206
        3425         1815
        3427         3001
        3428         3517
        3434          875
        3435         4344
        3436          707
        3440          431
        3441         5953
        3448         2068
        3449          821
        3454            0
        3458            6
        3461           28
        3469         1172
        3470         1591
        3478          937
        3479          101
        3481          659
        3487         1361
        3489          336
        3492         3470
        3494         1820
        3495            2
        3496          255
        3497          195
        3499            0
        3501         7118
        3504         3359
        3507         4599
        3511         3976
        3512          687
        3514         3826
        3519          944
        3524           38
        3526         1687
        3528         4663
        3533           27
        3535          454
        3536         3052
        3542         5200
        3543          421
        3548          512
        3552         8035
        3553         2433
        3557         4295
        3562            1
        3563            1
        3570         3193
        3571         1404
        3575         3542
        3581          660
        3582         2834
        3585          710
        3587          565
        3592         1084
        3594          688
        3595         1191
        3597            1
        3598         2833
        3599         2433
        3602          498
        3603         1635
        3606            2
        3607         2409
        3609          910
        3610         7182
        3611         5309
        3614         6618
        3616           28
        3618           89
        3621         4456
        3622         2098
        3626            0
        3628         3663
        3632          863
        3635         3359
        3639           14
        3643           37
        3646          797
        3648         3271
        3652          255
        3655            0
        3664         6272
        3669         1273
        3671           96
        3673         1739
        3676         5869
        3679           30
        3682         1705
        3687         4430
        3689          801
        3695         1516
        3697         3160
        3699          284
        3700          300
        3701          135
        3704         3757
        3706          993
        3708         2374
        3709          724
        3712         4498
        3713         8420
        3716          357
        3718         2011
        3719         6925
        3723         1614
        3729         8096
        3731         1468
        3737         2029
        3739         2202
        3742         1985
        3744         4281
        3749         5413
        3751         7354
        3759          575
        3761         4040
        3770          896
        3771         1529
        3774           75
        3775         4096
        3777          421
        3779         4009
        3781          637
        3784         1707
        3785          565
        3786           97
        3787         7712
        3788         3265
        3790         3017
        3793         2180
        3798         4131
        3802          188
        3803         1488
        3806         1586
        3807          265
        3810         1679
        3814          485
        3815         8169
        3816         1718
        3817         2317
        3819          696
        3821         3082
        3822         4890
        3824         7901
        3825         2352
        3827            9
        3830         2251
        3837         9025
        3838           98
        3840         4066
        3843           73
        3845         2865
        3847         3183
        3848          453
        3850         6341
        3861         3037
        3863         1785
        3864           74
        3865          172
        3866          131
        3867         2147
        3869         1121
        3871          551
        3882          971
        3883         1071
        3885          157
        3888          595
        3889         3816
        3890         2030
        3891         7296
        3893         6694
        3896         1144
        3897          283
        3898         1006
        3899          253
        3904         7415
        3905         1558
        3909         4530
        3911           81
        3915          254
        3918         5270
        3923         4367
        3927          137
        3929         1067
        3931          126
        3933         8665
        3941           99
        3946            5
        3948          975
        3954           59
        3955         4268
        3962          292
        3965         3689
        3967         1492
        3968         1690
        3969         3349
        3971         4308
        3972         5315
        3973          110
        3974         2788
        3984          804
        3988         5166
        3995         2770
        3998          575
        3999           13
        4000          608
        4001          458
        4002          492
        4004         2913
        4008          191
        4009         7997
        4010         1052
        4011           10
        4012         1702
        4013            0
        4018           40
        4019         3950
        4023         1016
        4028          360
        4032         2770
        4035          366
        4037         4163
        4038         1326
        4040         4117
        4044         9596
        4046          168
        4047         3081
        4051          300
        4053          109
        4055         2091
        4057          597
        4058         3856
        4062          781
        4064          461
        4066            0
        4067         2086
        4069         1098
        4072          366
        4073           57
        4078         4044
        4081         5471
        4082          579
        4084          597
        4088          200
        4099         5100
        4101         1203
        4102         1290
        4105         2007
        4107         4552
        4109         3122
        4111          691
        4112           77
        4114         4057
        4117          809
        4119         4455
        4120          823
        4124         2918
        4125          469
        4128         3523
        4130         1261
        4131         6111
        4133          102
        4134           37
        4142         1492
        4144           19
        4146         3877
        4148         4158
        4150          775
        4152         3065
        4153         7126
        4155         7629
        4157          525
        4166          809
        4169         5953
        4174          150
        4176         1162
        4179         1219
        4180         1622
        4184           43
        4190           63
        4191           26
        4192         2670
        4195         6228
        4197          119
        4203           89
        4204         1879
        4207          160
        4208         6639
        4210          498
        4213         2190
        4214          696
        4216         4612
        4222          322
        4228          149
        4230            9
        4232          567
        4235          499
        4240         1328
        4243          253
        4244         6838
        4247         3200
        4249          854
        4251           27
        4253            0
        4254         7525
        4256         1912
        4257            0
        4259          809
        4260            0
        4263           72
        4264          386
        4268         1158
        4278          951
        4285          677
        4286         7052
        4289          369
        4298         5358
        4301          431
        4302         2739
        4305         2648
        4306         3441
        4309          317
        4311         1291
        4315          609
        4317         4951
        4320         4219
        4324         6201
        4325         5886
        4328         1191
        4332           39
        4333         1003
        4335         3986
        4337         4140
        4340           18
        4341          300
        4346         7964
        4347           95
        4352         3566
        4356         4334
        4359         6005
        4362         4344
        4365         2119
        4367         4889
        4370         3364
        4375         3242
        4381         1897
        4382         3536
        4391         4890
        4392         6489
        4394          706
        4399         6101
        4400         3533
        4401         1180
        4403         8392
        4404         1106
        4406          465
        4411         1905
        4414         3069
        4416         2381
        4419         2314
        4422         2483
        4426          336
        4427           68
        4428         3079
        4432          566
        4433         3231
        4435         4884
        4436         4206
        4437         3501
        4440          459
        4443         7901
        4444          647
        4446         5018
        4451           39
        4452           76
        4453          413
        4457          238
        4458          631
        4460          493
        4462          541
        4465          333
        4473          246
        4477         3126
        4485          463
        4486         2562
        4489         2332
        4491         1861
        4495         9053
        4498            1
        4504          961
        4508         1969
        4513         1198
        4515         4332
        4523         6838
        4526         8080
        4527         1670
        4535          176
        4538         1316
        4542          121
        4545          475
        4546            0
        4548         5683
        4554         6122
        4558         4493
        4562          701
        4565          112
        4566          148
        4575            8
        4582          155
        4586           92
        4588          706
        4592         5048
        4594          897
        4597           39
        4610         2080
        4611          429
        4613         5789
        4621            1
        4623         4974
        4629          114
        4631         1072
        4632         4928
        4633          965
        4636         3687
        4638          152
        4639          762
        4642         2185
        4647         3827
        4648           16
        4649          365
        4661          124
        4664          323
        4665         4219
        4667         4204
        4668           22
        4669         3613
        4674         4052
        4675            6
        4682         7869
        4683          377
        4684         2482
        4698         9574
        4702           83
        4703         3668
        4704          776
        4706            7
        4714           13
        4715          910
        4718          122
        4720         1899
        4725          720
        4728         7442
        4730         5204
        4732           24
        4736         1430
        4740          149
        4741          790
        4743         6958
        4744          161
        4746          149
        4747         1647
        4748         2115
        4751         6667
        4752         7488
        4753         1415
        4754         3470
        4756         7979
        4757         3488
        4759          136
        4761         2625
        4764         1002
        4765            8
        4766          388
        4767          184
        4768           19
        4771         1676
        4772         2990
        4776         6776
        4778         3487
        4782          785
        4783         3295
        4786         2185
        4792         5168
        4801         5816
        4804         2077
        4809         1005
        4810           27
        4814          362
        4815         8116
        4817          966
        4819          228
        4820         1569
        4825           65
        4827         3219
        4833         6311
        4835           99
        4836         1516
        4844         2936
        4845          708
        4850         3527
        4853          419
        4854          102
        4856         1047
        4857         1083
        4863          101
        4864         2936
        4868          449
        4872         7190
        4877         1273
        4878          317
        4880            2
        4881         6918
        4883         5969
        4884          524
        4887         1628
        4891         8515
        4893         4860
        4895         1050
        4897         3565
        4898           99
        4899           53
        4901         2692
        4902          149
        4907         4254
        4911         3602
        4912          921
        4918          478
        4919         7955
        4920         6009
        4923          323
        4929           29
        4930           30
        4931            8
        4935         1254
        4938         2989
        4941         5660
        4946         2103
        4952         4898
        4954         4974
        4955         3149
        4957         5020
        4961         2382
        4963          525
        4964         8925
        4966          222
        4967         3032
        4969         1183
        4972           52
        4973         3261
        4974         1015
        4976            0
        4979         4343
        4981         5017
        4982          104
        4984         4988
        4985         2505
        4988         2098
        4991         4412
        4992          319
        4997         1133
        5001          784
        5007         9247
        5008         3242
        5014         3342
        5015            2
        5017           16
        5018         5699
        5019          608
        5024         4739
        5032          113
        5035          109
        5062         3087
        5065           37
        5066           11
        5070            2
        5072         1724
        5073          508
        5075         3576
        5079         4287
        5084         1108
        5086           57
        5088          324
        5089          687
        5096           31
        5097           21
        5098          650
        5100          900
        5104          579
        5105            3
        5112           13
        5115         1063
        5116          869
        5118         2476
        5125          546
        5127          288
        5131          824
        5136         2142
        5140          121
        5141          458
        5146          238
        5151          105
        5152         5737
        5156          216
        5158         7895
        5163          274
        5165         5402
        5166         5243
        5169         1413
        5176         6157
        5181          246
        5182          733
        5184          262
        5185         8996
        5186         3787
        5187         4937
        5189           38
        5190         3321
        5191         6029
        5193           19
        5194         1634
        5196            0
        5197          337
        5198         3180
        5202         5754
        5206          413
        5209         2664
        5212          306
        5215          155
        5216          148
        5217         2425
        5218         1282
        5219         8129
        5223         3862
        5225          953
        5226         2136
        5229          694
        5230          569
        5231            0
        5241         6102
        5242          949
        5243         1786
        5246          239
        5253          458
        5259         2932
        5261         4586
        5262         1898
        5264         4613
        5271         7636
        5274          546
        5275          265
        5277            0
        5279         5298
        5285          276
        5286            0
        5291           93
        5294         3199
        5296          310
        5300          601
        5305         2344
        5313          230
        5314           29
        5320           39
        5329         2418
        5332         3463
        5339          221
        5343           22
        5345         5231
        5350         4894
        5357         8174
        5362         3707
        5366         5846
        5374          122
        5375          389
        5377            9
        5381          188
        5384          621
        5385           91
        5392         1115
        5393          321
        5395         6731
        5397            5
        5403         8279
        5405         2568
        5407         1119
        5411           13
        5413         4224
        5417         3231
        5418         2457
        5425          493
        5426         1050
        5428          193
        5431         3614
        5433           93
        5440           37
        5441          419
        5443          326
        5451            0
        5452          502
        5458           99
        5459         5498
        5467           19
        5468         1090
        5471         1922
        5472         2457
        5475         1865
        5476          546
        5478         1451
        5482          285
        5483          118
        5485            0
        5486         3301
        5487         1183
        5490         2433
        5491          133
        5494          133
        5497         1127
        5498          709
        5499         1385
        5500          994
        5501         2725
        5502           76
        5504          104
        5509         7009
        5510         5495
        5516         5513
        5517         1598
        5519         6515
        5523         4900
        5525         2575
        5532         1286
        5534          976
        5535          105
        5536          221
        5543         8611
        5547         5012
        5553         1545
        5555         1411
        5556           11
        5560          427
        5561         6703
        5564          170
        5565         6733
        5570         5484
        5575          448
        5576         6032
        5580           16
        5582          838
        5587         3784
        5588          602
        5592         8924
        5595         8875
        5600         2889
        5606          116
        5607         1687
        5610           52
        5612          450
        5616          763
        5618         1538
        5619           19
        5637         3916
        5639          126
        5640          503
        5653          815
        5654          458
        5657         6656
        5660            1
        5665         5606
        5667         3988
        5668         5050
        5669         1571
        5679            0
        5681         5096
        5690           39
        5695          117
        5697         4571
        5698         4770
        5699          140
        5702           52
        5713          477
        5715          419
        5716         8324
        5719         2080
        5720          228
        5724         1968
        5726           10
        5729          189
        5736          112
        5743          333
        5745         2976
        5752          305
        5756         2968
        5757         1127
        5759          193
        5764         4800
        5766         6767
        5767           29
        5773         1899
        5785         1367
        5786          342
        5791         1758
        5794          701
        5795         6884
        5799          333
        5800         6718
        5805          168
        5808         5346
        5809         4642
        5812         6687
        5817           98
        5821         3258
        5822         5802
        5824         7207
        5830           89
        5831         1133
        5834         5861
        5837         3508
        5844         3381
        5845           22
        5848         3295
        5849          969
        5851         8724
        5853         7670
        5859         5856
        5860          795
        5865           37
        5875         3799
        5876          110
        5878         1165
        5879          503
        5880          215
        5883          465
        5884          386
        5887          105
        5894            0
        5895          997
        5899         8929
        5900         4656
        5902          546
        5903          921
        5909         8945
        5921           28
        5925         1069
        5933         2670
        5934          338
        5935         2726
        5943         1404
        5947          715
        5950          255
        5951          737
        5952         1973
        5953            3
        5954         1420
        5957         5986
        5960         3043
        5965         2247
        5976         1789
        5979         9409
        5981          836
        5982         5955
        5987          245
        5993          239
        5995         3356
        5997         1866
        5998           94
        6000         5702
        6001           43
        6002          693
        6004         9244
        6006          150
        6013          205
        6015         2562
        6016         4749
        6019         6963
        6021          720
        6024         5240
        6029            0
        6032         4460
        6034         3551
        6035          193
        6039         4747
        6041          849
        6042         5772
        6045         3886
        6050         5050
        6051          664
        6053         6052
        6054         5053
        6059          616
        6061          732
        6062         3341
        6065           60
        6067         1848
        6068          407
        6072         2626
        6074          243
        6076         3399
        6077          772
        6079          641
        6082         1159
        6084            8
        6085         2362
        6091         2315
        6092         6357
        6093            0
        6095          924
        6110         8550
        6111          839
        6112           22
        6116            5
        6117         4073
        6120         5096
        6123         2917
        6130          160
        6138          169
        6141          111
        6143         1370
        6145         2605
        6149         1733
        6162          450
        6165          582
        6168          631
        6179            0
        6184           71
        6188          147
        6190         1809
        6193         1194
        6196         6390
        6197         1013
        6201         3367
        6204          719
        6205         1211
        6209         1130
        6214         1342
        6215         4984
        6217         4772
        6219          453
        6225           34
        6226            6
        6227         1949
        6232          110
        6237           55
        6238         2045
        6246         7123
        6249         7225
        6250          249
        6254            0
        6258         5683
        6265          688
        6268         6245
        6269         2847
        6272            0
        6273         1165
        6275         2337
        6279         5931
        6280          386
        6296         7410
        6297          121
        6304         1005
        6313         6088
        6316         1276
        6320         7977
        6322         1745
        6323         4786
        6325         3662
        6328          447
        6330         2218
        6331         7989
        6332            2
        6335         2925
        6336          969
        6346           81
        6348         2542
        6351         8170
        6352           37
        6355            0
        6357         1566
        6358           15
        6359         7571
        6362           68
        6365         7142
        6366         1710
        6367         2689
        6368         3478
        6369          143
        6375         1532
        6379          101
        6390         3579
        6393          120
        6395         4943
        6399          803
        6401         1911
        6402         1047
        6406         2653
        6407         7185
        6408         1755
        6411           71
        6412         5987
        6424           61
        6425          239
        6428           11
        6431         6171
        6438         1306
        6439         1031
        6442          217
        6443          820
        6459           49
        6462         3430
        6463         9301
        6465          575
        6467          134
        6470         3403
        6471         1005
        6472          625
        6474            0
        6475          175
        6478          364
        6487         2488
        6489         7295
        6505          232
        6507         5203
        6510          103
        6511           54
        6512          892
        6520           26
        6526         1529
        6533          388
        6536         3412
        6543         4397
        6546          953
        6549         4071
        6554         7479
        6559         5070
        6562          975
        6563            2
        6567            2
        6569         3207
        6576          781
        6579         1366
        6582         2556
        6583         1658
        6590         7925
        6591          100
        6593           29
        6594          140
        6596         2315
        6599          457
        6600           16
        6605         6743
        6607         1132
        6611         7178
        6614          519
        6617          631
        6619           72
        6620          422
        6623            2
        6631          538
        6633          122
        6638         4356
        6649          238
        6651         4585
        6657         6476
        6658          740
        6659         6698
        6662         4828
        6664         6497
        6671         7876
        6678         1898
        6685         5166
        6691         3579
        6694         7178
        6697          463
        6698         1507
        6704          994
        6707          703
        6712         2690
        6722         2931
        6723         1682
        6724         5776
        6727         1446
        6745         2430
        6750            0
        6757         4097
        6758          366
        6762         2786
        6763         6582
        6765         1358
        6766          363
        6771           63
        6781          112
        6797          265
        6800         7319
        6803         3219
        6804            8
        6807         5125
        6811           43
        6812           86
        6814          517
        6815         5399
        6819         7312
        6829          205
        6830           27
        6836            0
        6838         7336
        6841         1584
        6849         8310
        6850         3219
        6851         1853
        6855         3980
        6857         3478
        6861         1576
        6870          929
        6874           13
        6875         1516
        6878         3269
        6882         6939
        6885         3364
        6892          324
        6900            0
        6914          245
        6923          854
        6925           16
        6935         5211
        6940         5067
        6942            2
        6943         2073
        6944           23
        6947          307
        6948         6917
        6950          102
        6951          234
        6956           81
        6963          457
        6971         1874
        6973           48
        6984          529
        6986         1010
        6989          267
        6997         1100
        7003           17
        7008         2898
        7009         1949
        7016         3650
        7018         2886
        7021         7079
        7023         1235
        7025         1323
        7031           27
        7032           29
        7033         6191
        7038          790
        7039         2700
        7041          228
        7043         1552
        7048         9171
        7054          435
        7056         4418
        7058         6928
        7066         5707
        7068         1630
        7072         2457
        7075         3020
        7080         3632
        7081            1
        7089         5732
        7101         4583
        7103         1458
        7107         6790
        7110         6646
        7115         7327
        7120           49
        7122          218
        7131         1310
        7133         4103
        7135         1097
        7141          565
        7143         5838
        7144           80
        7148         1072
        7158         3299
        7160         1246
        7163         1418
        7166            3
        7169         1861
        7180         2914
        7183          316
        7185         5838
        7186          894
        7189          389
        7190          392
        7191         1242
        7196          103
        7197         2769
        7198         1773
        7201          362
        7203         1171
        7207            0
        7227         7619
        7228         5500
        7232         2871
        7237          413
        7241         2999
        7245         1904
        7258         2348
        7261         4340
        7268           11
        7273          622
        7281         6954
        7284           13
        7285         8012
        7294            5
        7298           28
        7301          120
        7304         4189
        7306          571
        7313           50
        7316         2506
        7321         3205
        7324         6747
        7326           93
        7327         1733
        7328          480
        7329          703
        7330           91
        7339         1562
        7341            3
        7344          115
        7354          776
        7358         1225
        7365         1298
        7368         1323
        7369          244
        7371         5869
        7372         1006
        7380         4181
        7384          234
        7386         1658
        7388         5597
        7395          846
        7400            0
        7412         1964
        7413         6080
        7422         2551
        7436           37
        7437         1985
        7438           28
        7440          260
        7444         3813
        7445          170
        7447         7521
        7448         9234
        7454         2002
        7456         7130
        7458         4627
        7464         2231
        7469         1780
        7481          907
        7497         4271
        7504         4038
        7508           37
        7511          705
        7512         3532
        7513         1470
        7527          744
        7531          368
        7537          510
        7546          216
        7549         3379
        7564           48
        7575           80
        7578           14
        7585          207
        7599         3784
        7600          662
        7612           40
        7613         9448
        7615         6363
        7616         3791
        7618          459
        7620          925
        7622          426
        7624           11
        7625           52
        7635         3745
        7636         2247
        7649          162
        7654         3105
        7661            9
        7667          426
        7668         4479
        7670          156
        7672         1323
        7678           91
        7679          322
        7680            0
        7685           24
        7693         1451
        7697           28
        7701         7544
        7702          470
        7705           82
        7710          105
        7711         6066
        7715          498
        7718         3008
        7719          921
        7728         2581
        7733         2297
        7734          760
        7742          242
        7747          737
        7752          342
        7758          623
        7764          910
        7765         4050
        7769         1008
        7770          592
        7773         1624
        7774         8679
        7775         1738
        7777         8058
        7781         2481
        7783         5579
        7787            7
        7795         1408
        7796         6911
        7797         1252
        7811          737
        7814           51
        7825         2029
        7829         7827
        7830            6
        7833            8
        7845            7
        7846            2
        7851         3537
        7869         1364
        7874          104
        7886         1323
        7889            0
        7899         3558
        7903         2449
        7905          658
        7906            6
        7907         1882
        7909         3544
        7910           89
        7911         7298
        7914          249
        7915          788
        7917         2543
        7933         1050
        7934         1875
        7938          770
        7941          160
        7960         1347
        7962           44
        7964           17
        7968         4262
        7969         7909
        7971           13
        7973         1614
        7974           63
        7981         2447
        7982         2873
        7985           13
        7986         1001
        7990         1609
        7997            0
        8001         3913
        8002          273
        8010         3307
        8021          445
        8027         1041
        8037            0
        8038            0
        8039         3694
        8041         3634
        8043           89
        8044         1771
        8046         1013
        8048          732
        8066          711
        8067         3834
        8069         1358
        8071         5185
        8073         2365
        8074         1418
        8077          795
        8078          854
        8082         6938
        8086         1572
        8087           70
        8088         3079
        8091         3778
        8094            2
        8106         3546
        8112         7129
        8116          529
        8117         1250
        8130          132
        8133           11
        8145         4600
        8147         6487
        8155          630
        8160         1264
        8162          729
        8171           13
        8181         8393
        8186         5143
        8187         1188
        8190           96
        8192         5882
        8194            0
        8198         1729
        8204           23
        8217          162
        8219           74
        8220         8724
        8223            1
        8225           43
        8227           23
        8236           58
        8250         6937
        8259         1835
        8263          575
        8272         1573
        8273         1572
        8274         1545
        8281         1063
        8291         8468
        8310         7420
        8314          376
        8315         3180
        8326          869
        8327            0
        8332           11
        8337         2808
        8354         3654
        8358          246
        8364          555
        8368         5179
        8371          485
        8376         1168
        8389          244
        8390          225
        8397         2048
        8404          156
        8408         4098
        8413         8670
        8416         4989
        8417          125
        8419         4704
        8427         2053
        8428         1372
        8430         1137
        8431            0
        8441         4901
        8444         1845
        8445          888
        8447           82
        8451         1440
        8453         2939
        8458         6926
        8461         2962
        8462          168
        8464          487
        8466         1877
        8467          453
        8489          151
        8492          631
        8495         4963
        8502         6476
        8503          324
        8505          246
        8506           96
        8512         1994
        8517         1171
        8522          177
        8524         5733
        8525          279
        8537         2225
        8546         3414
        8553            3
        8554          209
        8560           17
        8561         9440
        8563         1335
        8565          415
        8568         4181
        8589         1332
        8598         4647
        8601           37
        8610           37
        8615          426
        8618         3747
        8629         5389
        8635            4
        8638         1055
        8656         1681
        8662          103
        8672         3146
        8678         5533
        8679          295
        8680          312
        8684         4189
        8688           33
        8707          378
        8708         4765
        8716         1348
        8724           69
        8741         1174
        8746         1281
        8748           71
        8765          356
        8769           61
        8770          279
        8771          109
        8791           43
        8795            4
        8797         6011
        8810         2353
        8812         1289
        8825          205
        8826         4834
        8827         1381
        8833            0
        8837          628
        8840           50
        8847            3
        8849          333
        8862          170
        8871          106
        8873         1133
        8880            2
        8881           29
        8889         3486
        8894          175
        8897         5048
        8899          482
        8920          954
        8931         4686
        8933          196
        8936         4039
        8940         3247
        8941          109
        8956         9039
        8957           15
        8961         1822
        8963           12
        8964          919
        8968          762
        8982         3140
        8993          281
        9006         2561
        9011          205
        9025          571
        9027          770
        9036         8758
        9043          387
        9044         1532
        9048           11
        9059         2093
        9083            0
        9102         1928
        9108         3416
        9109          166
        9113         4732
        9114          175
        9122          288
        9123         1022
        9126          521
        9129           29
        9133          290
        9134         5251
        9138           36
        9142         1384
        9147          621
        9152           33
        9154          490
        9159         5467
        9162         4719
        9163         1045
        9166         3108
        9203          343
        9227         1704
        9236         1279
        9238          353
        9246         6219
        9252          144
        9253          145
        9269         6282
        9274          441
        9275         8028
        9282          523
        9293          361
        9298           34
        9299         2530
        9306          231
        9310          572
        9311         7039
        9312          893
        9314          811
        9319         1620
        9334         2825
        9338         3544
        9344         1635
        9345         5357
        9358         3081
        9365          156
        9388          159
        9399         3219
        9408         4646
        9410         2322
        9415          273
        9440         7219
        9441           34
        9442         1628
        9456          333
        9463         4013
        9464         1478
        9468          181
        9469            0
        9473         1022
        9485          208
        9487           95
        9495         1818
        9505           11
        9506          711
        9510         2021
        9515         1171
        9519         1248
        9539            1
        9542          200
        9543         6791
        9551         3249
        9557         2988
        9564         4987
        9565            2
