# HaloID(1) HaloID(2)
           0            0
           1            1
           2            2
           3            3
           4            4
           5            5
           6            6
           7            0
           8          216
           9          102
          10            8
          11           12
          12         5672
          13         1581
          14          556
          15           28
          16            0
          17         5134
          18           18
          19            1
          20          435
          21         2191
          22         4682
          23         2217
          24         1687
          25          132
          26          547
          27         7219
          28          381
          29           29
          30         1612
          31         1938
          32          322
          33          643
          34         3064
          35           39
          36          618
          37          842
          38           22
          39           40
          40         3897
          41           42
          42           45
          43         7494
          44         1162
          45         2426
          46         8787
          47         2521
          48          189
          49         7678
          50          235
          51         2187
          52           52
          53          491
          54         7594
          55          241
          56          821
          57           58
          58          102
          59           61
          60         2551
          61          153
          62         1303
          63           56
          64         4467
          65           66
          66           69
          67           20
          68         2807
          69           97
          70          123
          71          269
          72         5208
          73          319
          74          424
          75         1237
          76         4824
          77          833
          78         2372
          79           81
          80         4730
          81         2375
          82         1202
          83           82
          84         1641
          85           10
          86           88
          87         2878
          88          531
          89          638
          90         3156
          91         1176
          92           55
          93           95
          94           96
          96           54
          97            3
          98         1623
          99           99
         100         1783
         101          333
         102            8
         103          179
         104         2364
         105         2259
         106          102
         107          117
         108         2433
         109          114
         110          171
         111         4093
         112         1683
         113         3294
         114         1418
         115          336
         116          119
         117          109
         118          121
         119          615
         120         4084
         121         5602
         122         6203
         123          405
         124         8079
         125          772
         126            0
         127           60
         128         3452
         129         4953
         130         5639
         131          791
         132          173
         133          130
         134         1000
         135         3089
         136          137
         137         1573
         138         3074
         139          309
         140         3004
         141          145
         142         6810
         143         1987
         144          144
         145         4954
         146          304
         147          836
         148           19
         149           24
         150         2603
         151         2746
         152           93
         153         3308
         154          761
         155          914
         156           82
         157          162
         158         4490
         159         7549
         160           38
         161          602
         162         1371
         163           84
         164         2561
         165         5101
         166          169
         167          125
         168          275
         169         1471
         170         4235
         171         2839
         173         1109
         174         3897
         175          393
         176         1433
         177           24
         178          548
         179         1662
         180          163
         181           27
         182         3995
         183          397
         184         1280
         185          101
         186         8524
         187         5442
         188         1478
         190          336
         191          587
         192         5602
         193            8
         194         1518
         195         2238
         196          220
         197          201
         199         4622
         200          309
         201            1
         202            8
         203          187
         204         3388
         205            8
         206          207
         207          625
         208         3787
         209         4584
         210         3314
         211          211
         212          956
         213           22
         214         6741
         215          219
         216         5339
         217          116
         218           53
         219         2400
         220          217
         221          554
         222           59
         223           13
         224          227
         225          860
         226         1824
         227          648
         228          190
         229          141
         230            0
         231            2
         232          231
         233           75
         234         1918
         235          531
         236          206
         237         1507
         238         1290
         239          860
         240            0
         241         9433
         242          476
         243          379
         244         4308
         245         9377
         246          248
         247         2103
         248         1342
         249          658
         250         9189
         251          252
         252          962
         253           76
         254         3192
         255          537
         256         2147
         257            2
         259            0
         260         5259
         261          263
         262         2225
         263          265
         265          768
         266         6208
         267         2378
         268         3403
         269            0
         270         9054
         271           65
         272          149
         273         7701
         274            8
         275          274
         276         7510
         278          298
         279          939
         280         6739
         281           97
         282         1240
         283         3142
         284          911
         285           97
         286         7918
         288         9240
         289         5015
         290          286
         291         1014
         293         2667
         294         2426
         295         8177
         296           74
         297         7851
         298         6074
         299          514
         300          290
         301         6942
         302          568
         303         9385
         304         1802
         306          301
         307         2295
         308         7044
         309         4235
         310          305
         311           49
         312          950
         313          474
         315         3376
         316         2563
         317         2917
         318         5802
         319         1087
         320          311
         321         2357
         323         1303
         324         3221
         325         1953
         326          322
         327          128
         328          328
         329          167
         330         1485
         331         3338
         333         1631
         334          420
         335          416
         336         1109
         337         3442
         338         3162
         339          256
         341         3428
         343         8158
         345         2437
         346           41
         347         2784
         348         4809
         349         3331
         350         1410
         351         4216
         352           24
         353         2579
         354         4004
         356          216
         357          363
         359          804
         360          984
         362          216
         363         3952
         365         4241
         367         2760
         369         5822
         370          730
         371          365
         372         2915
         373          168
         374          126
         375         1485
         376         1433
         377         1857
         378          903
         379          491
         380          590
         381         1843
         382          164
         383          986
         384         1033
         385           20
         386         3512
         387         8223
         388         1043
         389          404
         390         7161
         391         5327
         392         1127
         393         6322
         394          386
         395           48
         396         6773
         397         1613
         398         4088
         400          401
         401           85
         402         1574
         403         4484
         404         4305
         405         4624
         406           35
         407         6036
         408         2212
         409           97
         410           68
         411         1190
         412          474
         413          635
         414         6381
         415          413
         416         3463
         417         7814
         418         5046
         420          417
         421         1848
         422          655
         423          425
         424         3088
         425         3992
         426          282
         427          102
         429          204
         430         1035
         431           22
         432          836
         433          431
         434         1357
         435         2395
         436         5835
         437         4789
         438          132
         439          652
         440         4327
         442         2331
         443         5961
         445          821
         446         2408
         448         4602
         449         1699
         451         7781
         452         1698
         453         1361
         454         3033
         456          277
         457          367
         458         1527
         459         7497
         460          457
         461         2348
         462         4406
         464         2177
         465          138
         467          284
         468          470
         469           20
         470         8013
         471           62
         472          749
         473         3396
         474         2720
         475         6368
         476          163
         477         5408
         478         3027
         480          685
         481         5685
         482           40
         483         1020
         485         1987
         486         5848
         488          277
         489          336
         490         7278
         491          130
         492         1587
         493         7758
         494         5418
         495         1565
         496         4054
         497          502
         498          289
         499           94
         500          553
         501          284
         502         2593
         503         7237
         504         2045
         506         7603
         507          976
         508           24
         509         4128
         511         5197
         512         3758
         513          175
         515         2554
         516          304
         517         1326
         518            0
         519          271
         520         6902
         521           22
         522         6336
         523         4015
         525          171
         526          522
         527          308
         528         7450
         529         5707
         531         1919
         532         1298
         533         9376
         534         2309
         535         1599
         536          535
         537          541
         538         2322
         539         1257
         540         1112
         542         6060
         543         2374
         545          558
         546          525
         547           24
         548         1529
         549         5077
         550          134
         551          631
         552         4329
         553         1501
         554         8828
         555         2094
         558            0
         559          440
         560          594
         561          568
         562          501
         563          414
         565          298
         566          622
         569         4164
         571         4119
         572         1490
         573         2384
         574         2746
         576         5112
         577          535
         578         1729
         579         2148
         580         2842
         582          580
         584         8573
         585          242
         586          621
         587          372
         588         5559
         589           15
         590           37
         591         1613
         592          809
         595          598
         596           88
         597          569
         598         1365
         599         1268
         602         3054
         603          186
         605         2371
         607         2521
         608         2071
         609          160
         610          876
         611         4431
         612           22
         613         5349
         614         1890
         616         2483
         617         8750
         618          587
         619          475
         621         1558
         623          119
         625          123
         627         2237
         628         8886
         629         3089
         631          406
         632          936
         634         3927
         635          949
         636         2864
         637          231
         638           30
         641         2385
         642          102
         643         6123
         644          715
         645         3644
         646         2248
         647          255
         648         9171
         649         6974
         651         5468
         654          667
         656          478
         657            8
         658         2238
         660         3688
         661          603
         662         1241
         663         4290
         664          952
         665          494
         666           24
         667         1923
         668         3739
         670          607
         671          295
         673         3340
         674           78
         675         1712
         676         4456
         677         5553
         678          188
         680         8185
         682         2048
         683          245
         684         7831
         686          356
         687         8328
         688           22
         689          686
         691          172
         692          594
         693           83
         694          333
         697         4796
         699         1450
         700         1221
         701          514
         702         3063
         704         3595
         705         8374
         706         5858
         707         2894
         708          310
         709          572
         710          527
         711           12
         712           38
         713           22
         714         5237
         715         7509
         717         1407
         718            7
         719         1902
         720         1367
         721          102
         722         5715
         723          125
         724         8188
         725          447
         726          190
         727          731
         728         1683
         730         2524
         731          732
         733          202
         735         4482
         736          742
         738          173
         739         1322
         741           74
         742          972
         743         5408
         746          858
         747          162
         748         5104
         749           20
         750         5148
         751         2520
         752          272
         753         5023
         754         8243
         755         3269
         757         3501
         758         2227
         759         6042
         761         4576
         762         4603
         764         7098
         765         1634
         766         5287
         767          756
         768         6111
         769         8913
         771         5317
         772           35
         774          971
         775          316
         776          339
         777         3521
         778          780
         779          244
         781         1374
         782         5258
         785          407
         786          233
         788           23
         789          988
         790           78
         792          752
         793            0
         795          790
         796          355
         797         1955
         798         1924
         799          550
         803          564
         805          649
         806         1350
         807           70
         808         2566
         809         3736
         810           97
         812           53
         813          903
         814           43
         816         9024
         817         2426
         818         2743
         820         5823
         821         1112
         822         2706
         824         2652
         825         3464
         826          176
         828          684
         830           22
         833          872
         834         5017
         835          828
         836         1993
         837          234
         840         1884
         841         4769
         843          311
         846          420
         847          351
         848           26
         849         6127
         850         3918
         851         4959
         852           20
         853         5784
         854         3089
         856           85
         859         7024
         860         7026
         863          973
         864          220
         865          279
         866          242
         867            3
         869            0
         871         8351
         872         1009
         873          117
         874         3718
         875         1075
         876          211
         878         1511
         879          686
         881         1308
         884         4347
         885         2164
         887         5178
         888         4826
         889         5707
         890         1204
         891            7
         892          328
         893         4249
         896          668
         897          896
         899           29
         900         2520
         901         6277
         903         5795
         904         1359
         905         2606
         907            0
         909          915
         910         3074
         911         2132
         915         8566
         916          179
         917           43
         920          154
         921         6801
         922         4769
         924         8045
         926         2068
         927         1161
         928          920
         930           73
         931          358
         932         7111
         933           49
         934          222
         936          940
         938         1119
         940         2045
         942          914
         944         5788
         945           43
         947          116
         949          271
         950         3079
         951          643
         952         1410
         953          874
         954         6356
         955          810
         956         2384
         958          961
         959         1442
         960          759
         961           35
         963           55
         965         3501
         966          151
         967         7852
         968         1867
         969          149
         970         3442
         972            3
         974          804
         975         1676
         976         6399
         977         2375
         978          804
         979         1131
         983         3383
         984         3566
         985         2720
         986           43
         989          817
         991         4065
         993          476
         994         1001
         996          986
         997         2593
         998           20
         999         5134
        1000         6311
        1001         3558
        1002          144
        1003         7594
        1004         1007
        1006         2820
        1007          842
        1008          695
        1009          494
        1010           53
        1012          237
        1013           37
        1014          332
        1016         8668
        1017         2512
        1019         1509
        1020         1948
        1026         3917
        1027          293
        1028          249
        1029         3637
        1031         1542
        1036         4320
        1038          238
        1039          767
        1040         6392
        1042          947
        1043         1098
        1045         6980
        1048         2487
        1050         8515
        1051           31
        1052          410
        1054           29
        1056         7889
        1058           14
        1059         2809
        1062          603
        1064         4546
        1065         2802
        1066         1443
        1068          302
        1069          577
        1070          564
        1071         1348
        1072           87
        1073          454
        1074         1074
        1075          662
        1076          107
        1078         1068
        1079           22
        1080         4036
        1082           27
        1083           27
        1084         1601
        1086         4328
        1087         1032
        1089         1148
        1090          895
        1091           74
        1093         2369
        1095           97
        1098         1088
        1099          121
        1100            2
        1102          818
        1104         1029
        1105         1685
        1106         4848
        1107         2811
        1108         2878
        1111          886
        1112          602
        1114         3749
        1116         2979
        1117         2688
        1118         6326
        1120          953
        1121         1589
        1122         5072
        1123          257
        1124          741
        1125         3051
        1126         9118
        1127          476
        1128          515
        1129         2733
        1131         7162
        1132            5
        1134         7758
        1135         5822
        1136         2118
        1139         3521
        1140         1972
        1141         1211
        1144         1040
        1145          146
        1147         1000
        1148         7442
        1149         1442
        1150         4953
        1151         2023
        1152         3935
        1153         2595
        1154          138
        1155          960
        1156          495
        1157           22
        1160         3436
        1163         1502
        1165          909
        1167           48
        1168          728
        1169           97
        1172         3183
        1176         1996
        1177           61
        1178         2242
        1179         1258
        1181            0
        1182          163
        1184         1203
        1185         7139
        1186           10
        1187         5636
        1188         3344
        1190          903
        1195         1604
        1198           14
        1200          183
        1202         6643
        1204         5277
        1206          871
        1207           26
        1208          495
        1209         1420
        1211         1306
        1212            4
        1213         7476
        1214         5953
        1215         1600
        1216         2300
        1217         4005
        1219         6348
        1221           81
        1222         4720
        1223          390
        1224         6283
        1226         3286
        1227         4613
        1231           43
        1232         3801
        1234          381
        1236          468
        1237         1934
        1239         2343
        1240         1080
        1241          898
        1242          535
        1243         3885
        1244            0
        1245         3516
        1246           40
        1247         2267
        1248          781
        1250         7554
        1251         6710
        1253          656
        1254         3245
        1259         1403
        1262         3745
        1263         8217
        1265         5055
        1268         7423
        1271         1527
        1272         6626
        1274          480
        1275         1273
        1278         1219
        1279         3074
        1280         5526
        1282          226
        1283          151
        1284         2390
        1285           22
        1286         1588
        1290          162
        1291         1403
        1293          106
        1294          677
        1295          506
        1296           97
        1297         4612
        1298          129
        1299          685
        1300          873
        1301            7
        1304           71
        1305          184
        1307         3036
        1309          293
        1311          651
        1313         9301
        1314         3118
        1315           29
        1316           88
        1317         5639
        1319          263
        1320         3491
        1321          375
        1322          941
        1324         6294
        1325         1327
        1327          742
        1328         3854
        1329          217
        1330          925
        1332          250
        1334         7508
        1338         5524
        1339         1355
        1342         6799
        1343         7646
        1344         1814
        1347         2846
        1348          585
        1351          766
        1352         1095
        1353         3792
        1354         4120
        1355         4818
        1358          985
        1359          305
        1360         5253
        1361          175
        1364          469
        1365         1513
        1367          786
        1368            0
        1369          464
        1371          669
        1373         1450
        1375          156
        1377         1382
        1378         8708
        1379         1391
        1380          360
        1381         2610
        1382           31
        1383         3667
        1386         1049
        1387           47
        1388          110
        1390         4123
        1391         8006
        1392         1166
        1393         6204
        1396         3914
        1397          159
        1398         1096
        1399           77
        1400         2422
        1401          873
        1402          543
        1406          581
        1408         4685
        1409          293
        1411         8864
        1412            1
        1416           48
        1418         1780
        1419         1166
        1420         1491
        1422         1371
        1424         1340
        1425          596
        1427         1513
        1430         1845
        1432         6833
        1433          548
        1435         9297
        1436            3
        1437         3148
        1438         3190
        1439         4295
        1440         2259
        1441         4836
        1442         4597
        1445         6194
        1447         1297
        1448          135
        1449         5007
        1450         6499
        1451           34
        1452          151
        1454           19
        1455         1870
        1456          548
        1457          161
        1459         4497
        1461          645
        1462          606
        1464         2371
        1465         6470
        1468         1515
        1470         1008
        1475          110
        1476          204
        1478         2293
        1483          201
        1485          324
        1489           22
        1490         8386
        1491         2662
        1493         1204
        1494         4148
        1499         1557
        1500         6503
        1501          121
        1502         2569
        1503          585
        1508          571
        1510         2427
        1512           89
        1516           43
        1518         5521
        1519         2668
        1521         7925
        1522          217
        1523         1540
        1526         1848
        1527         3310
        1528         4527
        1529          327
        1531         6859
        1537           69
        1538         7078
        1540          543
        1542          898
        1546          184
        1547         3864
        1550          775
        1551         1280
        1552         7605
        1556           32
        1558          172
        1559          645
        1560          941
        1561          118
        1562          368
        1564         2902
        1567         7563
        1568         4876
        1571            2
        1572         7015
        1578           29
        1579         1341
        1580         1699
        1582         8546
        1583          256
        1584         2328
        1586         1247
        1591          149
        1592         1523
        1593         3425
        1595         2383
        1596            7
        1598         1127
        1600          956
        1601         1849
        1602         6614
        1603         1098
        1605          277
        1607            3
        1608          504
        1610         4834
        1613         6801
        1614          577
        1615         1611
        1616         4306
        1617         1963
        1619         2266
        1622         2346
        1624          226
        1626         1401
        1627         1824
        1628         5254
        1629         5009
        1631          243
        1634         1651
        1635          685
        1636         1010
        1637            7
        1638          349
        1640          325
        1641         4450
        1642         5188
        1643          944
        1644         5734
        1646         1443
        1649           41
        1650         3789
        1651         8816
        1652           42
        1655            0
        1657         3436
        1659          986
        1661         9318
        1662         8205
        1663          126
        1664           37
        1668         6058
        1669         2067
        1670          277
        1677          469
        1679          997
        1680          770
        1681         4056
        1682         1869
        1683          256
        1684         1314
        1685         1536
        1686          136
        1689          162
        1690            6
        1693          148
        1694          793
        1700         1678
        1704         5087
        1715         2423
        1718         1528
        1719         3358
        1720          885
        1722         1845
        1724          609
        1727          470
        1728         8789
        1731          328
        1732         3930
        1734         2577
        1735         6162
        1736         4587
        1738          126
        1740           14
        1741         3371
        1742         1458
        1743          158
        1745         6338
        1747         8668
        1752         3956
        1753         1676
        1755         2776
        1756         1179
        1758         5574
        1759         3049
        1760          251
        1762         2182
        1764          254
        1765          170
        1767         3081
        1768         1093
        1772           36
        1773         6175
        1777         4784
        1780          895
        1782          441
        1783           27
        1784         2028
        1786         3981
        1788         1792
        1789         1771
        1790         5343
        1791         6137
        1792         7250
        1793          780
        1794          158
        1796         2355
        1798          863
        1799          414
        1800          236
        1802           45
        1805          290
        1807         1642
        1808          369
        1810           53
        1813           33
        1814          361
        1815         7509
        1816          261
        1819          375
        1824         4971
        1825         9239
        1827         1996
        1831         4333
        1833         4097
        1834         7864
        1835         2808
        1836         4206
        1839         5073
        1842         4377
        1844         5963
        1846         3734
        1847         1409
        1848         6880
        1850          175
        1851          804
        1853         3370
        1854          233
        1855         1890
        1860          135
        1862         6440
        1863          386
        1864          867
        1868         8276
        1870          206
        1871           40
        1872         6461
        1874         8980
        1877          151
        1878          483
        1880          284
        1881          677
        1882         3306
        1883         1499
        1885         1984
        1889          424
        1895         4164
        1897           91
        1899         1049
        1900         5058
        1901          251
        1902         3736
        1903         3595
        1904         4901
        1906         1938
        1911         2781
        1916          831
        1917         2371
        1918         1616
        1919          648
        1920           27
        1923         5818
        1924         4292
        1929         2065
        1931          931
        1932          411
        1933         1311
        1934          503
        1935         3247
        1936         7968
        1939          411
        1940         6460
        1943         1949
        1944         1963
        1946         5645
        1947         1034
        1948         7453
        1952          221
        1954          515
        1956         1873
        1959          476
        1961         1246
        1963          161
        1965          121
        1966         1909
        1967           76
        1969          299
        1970            1
        1971         1045
        1977         3403
        1978         7703
        1981         1595
        1982         1837
        1984          249
        1989           22
        1990          540
        1992         4895
        1994         3640
        1995         3464
        1997          147
        1998         1807
        2004          505
        2005          971
        2006         2904
        2007         1986
        2009          386
        2012         3604
        2014           93
        2015          209
        2016           77
        2017         4183
        2018          184
        2019          162
        2021         9179
        2028          515
        2029         2606
        2032          911
        2035           42
        2036         5642
        2037          367
        2038           65
        2039          803
        2040           54
        2041           29
        2042         3600
        2043         3070
        2047          178
        2049         6259
        2050         3442
        2052         1978
        2055         1425
        2059          243
        2061         2970
        2064         7423
        2066            0
        2067         5273
        2068         3915
        2069          434
        2070           34
        2072          134
        2073         1180
        2074         3272
        2076         1239
        2077          184
        2078         3745
        2079         1265
        2081          163
        2082         4401
        2085          166
        2086           46
        2087         1268
        2090          885
        2092         1211
        2093         9218
        2096         7673
        2097         6532
        2098         2839
        2099         4327
        2106         3185
        2107         6563
        2108           68
        2110          118
        2112         6499
        2114         2053
        2115          541
        2119         8071
        2120         6557
        2123         2338
        2124          167
        2125          484
        2127           73
        2128         4976
        2129         1712
        2133         6764
        2134         2533
        2136         8597
        2137         8197
        2141          885
        2142         2133
        2144          470
        2145         3631
        2147          217
        2149         1387
        2151           75
        2152         3232
        2158         1165
        2159         5365
        2161          218
        2164          635
        2165           29
        2166           32
        2168         2903
        2169          102
        2171          351
        2172         9001
        2173         6078
        2175         2668
        2177         5767
        2179          635
        2180         4788
        2184         6602
        2185           18
        2188           86
        2189           20
        2191         2551
        2192         3464
        2193          979
        2194          265
        2200         7168
        2201          377
        2203           97
        2205          209
        2206         1860
        2209         8049
        2210         2339
        2211         6959
        2212         4910
        2217         4463
        2221         1456
        2222          155
        2223         8079
        2224           35
        2225         4488
        2226         5439
        2229         2407
        2233         3762
        2235         1000
        2238          151
        2239         1024
        2240         1508
        2241         2286
        2243         4042
        2245         8746
        2246         1958
        2247         8197
        2248          213
        2249          835
        2250         1183
        2252         1491
        2255          409
        2256         2558
        2257         6947
        2262         3142
        2265         6618
        2266         2357
        2271           91
        2272         1473
        2273          218
        2274          314
        2275         3344
        2276          487
        2281         1867
        2287          700
        2288         5902
        2290         2600
        2292         2266
        2293          270
        2298         2653
        2299         1985
        2302         2007
        2303         2804
        2305         4530
        2306         3806
        2307          238
        2309          834
        2310           74
        2311         6835
        2312         8450
        2313          328
        2315          973
        2317          684
        2318         3315
        2323          505
        2324         7136
        2327           86
        2330         1996
        2332         2164
        2333            0
        2337           37
        2340         4291
        2342         2129
        2348          166
        2349         2416
        2357         5817
        2358         2816
        2359         2206
        2361          162
        2362          786
        2363            0
        2366         2366
        2367          748
        2370         1479
        2372          157
        2379           38
        2384         2402
        2386         6170
        2387          867
        2388         4401
        2389         1255
        2390           81
        2392         5785
        2393         1019
        2396         4336
        2403         5416
        2404          176
        2407         3014
        2408          542
        2409         2740
        2410         5950
        2414          349
        2416         3864
        2418         2911
        2420         2806
        2421          942
        2423           86
        2426         6059
        2432          330
        2434         2736
        2435          793
        2436          580
        2437         3631
        2438         3887
        2443         6413
        2448           95
        2453          351
        2454         2590
        2456          338
        2459         2636
        2460         1985
        2461         3699
        2462           22
        2463         4967
        2464          376
        2469         4424
        2471         2323
        2479         6308
        2482          118
        2484         5070
        2490         1150
        2491          503
        2493         1415
        2497         1027
        2498          999
        2499          480
        2501         7548
        2508         2533
        2512           58
        2513           55
        2515         6091
        2516         4242
        2517         1107
        2520         1999
        2523         4252
        2525          235
        2526         2799
        2530          900
        2531         1395
        2533         8062
        2534         3679
        2535          250
        2537          142
        2542         2509
        2544         3544
        2548         8128
        2549           76
        2550         1924
        2551         8235
        2552         1196
        2553         2102
        2554          724
        2556         2503
        2558            6
        2565         1401
        2567          310
        2569         2564
        2570           62
        2572         9355
        2573         2566
        2574          185
        2576         2185
        2578          454
        2581         1443
        2583         2291
        2585         4777
        2588          398
        2591         2706
        2592           52
        2593          611
        2594          485
        2596         7177
        2600         7612
        2601         4164
        2604          822
        2610          177
        2612         3321
        2613          114
        2616          108
        2618            1
        2619           74
        2621         2647
        2628          278
        2629         4083
        2632           26
        2640         5742
        2642         2929
        2643          179
        2644         3927
        2645          228
        2648          218
        2650          942
        2652         9293
        2658            2
        2664         1000
        2665         2083
        2668           23
        2669          202
        2672         5134
        2673         6079
        2675         4954
        2676         6609
        2677         1508
        2678         6276
        2679         1557
        2681         5246
        2683         3511
        2685         8040
        2686         3353
        2687         3438
        2689         2759
        2690         5515
        2693         5500
        2694         2701
        2711            2
        2714            5
        2716         6943
        2720          490
        2721         3168
        2722          325
        2723         4056
        2724          703
        2727         1452
        2728         2338
        2730         5253
        2731         1317
        2732         3595
        2733         3502
        2735         3869
        2737         6602
        2738         8294
        2739         2740
        2741         2065
        2742           92
        2745         1534
        2746          184
        2749         3367
        2752         1932
        2753         1739
        2754          114
        2755          241
        2756           26
        2757         1919
        2758            0
        2761         2057
        2762         3725
        2769            0
        2770            6
        2771          435
        2774         2019
        2775          854
        2778          770
        2781         2811
        2783         3234
        2784           37
        2786          731
        2793         3817
        2795          888
        2801          842
        2802         5846
        2803          611
        2806           97
        2807           53
        2811           76
        2812         6149
        2816          520
        2818          688
        2821         1995
        2824         5108
        2825         6934
        2827          763
        2829          148
        2833         2860
        2837         1604
        2839         1080
        2840         4099
        2841         1330
        2842         6883
        2846         3035
        2847          127
        2848         7001
        2849          785
        2851         7263
        2856         1594
        2857         3177
        2861           36
        2862          786
        2864          688
        2867         2484
        2868         1136
        2869           73
        2870         2877
        2872         6859
        2873         1826
        2877         1982
        2878           89
        2888          596
        2890         6512
        2891          349
        2894         3075
        2900           34
        2901         3983
        2902         3029
        2903         2563
        2904         8564
        2907         7232
        2908         7848
        2913         3480
        2921         9204
        2922           23
        2923          192
        2926          612
        2929         2577
        2934           20
        2938         2211
        2939         1987
        2942           22
        2945           27
        2949         3382
        2950          872
        2953         2293
        2955          192
        2960         1305
        2967         1251
        2968         2204
        2969         5411
        2970          314
        2972         1355
        2973         2740
        2975          339
        2977         8197
        2978         1473
        2982           58
        2985         2185
        2986          136
        2993           52
        2994         2981
        2996            0
        2998          134
        3000         1268
        3002         6021
        3004           35
        3008         3869
        3011         2003
        3013         2783
        3014         3049
        3016          356
        3018         1905
        3019            0
        3021         3811
        3022         1503
        3023            6
        3027          270
        3028          105
        3031          320
        3032          420
        3033            7
        3034         3260
        3040          110
        3041          612
        3042          265
        3044         1789
        3048         1801
        3050          211
        3051         6227
        3054         1592
        3055         5709
        3058         3300
        3059          478
        3060         6201
        3061          361
        3063         5284
        3066         2247
        3068         1550
        3075         3417
        3079          285
        3085          725
        3089         1646
        3090         8135
        3092         3505
        3094         1111
        3097         6333
        3099          120
        3101          837
        3102         5396
        3104          646
        3105          668
        3106         1787
        3108          581
        3111          715
        3113          610
        3114         3992
        3115          115
        3117          361
        3119         4405
        3123         1848
        3127         8489
        3128         2867
        3130          288
        3134          435
        3138          147
        3139         1133
        3140          701
        3142         1750
        3143          245
        3144           90
        3149          368
        3151            8
        3153         2177
        3155         7631
        3158         1023
        3159           96
        3162         1809
        3165         6554
        3167         3956
        3168         1598
        3169         3242
        3171         3378
        3172          135
        3176           86
        3178         2559
        3179         6147
        3180         2704
        3181          169
        3182           14
        3183          225
        3184         6690
        3186          184
        3187          920
        3189         6471
        3192          144
        3193         2012
        3195         7219
        3196         5022
        3197           31
        3199         5156
        3203          203
        3204         2190
        3205          142
        3207         1644
        3208         4553
        3210          687
        3212          568
        3213         3112
        3215           71
        3222          863
        3223         5177
        3224         1127
        3227         3218
        3230          971
        3231          435
        3232           41
        3233          286
        3234            6
        3235         3182
        3236          872
        3237         1261
        3239         1992
        3245          605
        3246         3219
        3251          997
        3252         1221
        3258          203
        3260         5771
        3262         5865
        3263          372
        3271          434
        3275          129
        3278          324
        3279         3137
        3280         2148
        3281          502
        3282          478
        3283          285
        3285           13
        3286         6724
        3287         2094
        3296         2778
        3299         7448
        3300         1473
        3305         6054
        3310         8355
        3311          665
        3313          641
        3315         5809
        3316          603
        3317          101
        3319          497
        3325         4808
        3327           31
        3329         4294
        3330         5764
        3331           22
        3334         1241
        3335         6054
        3336         3611
        3338          102
        3341           86
        3342         2589
        3345           66
        3346         1782
        3351         9360
        3353            1
        3354         2258
        3356          564
        3357           38
        3358         7447
        3359         3723
        3360         1878
        3362         2305
        3363         1118
        3365          280
        3368         3511
        3370         3293
        3371         1594
        3373         2707
        3374         1395
        3375          226
        3377          219
        3378         3074
        3379          958
        3383           11
        3385          605
        3386         6095
        3388          373
        3389           79
        3393            2
        3394         3590
        3396            0
        3397          197
        3398          435
        3404         5928
        3405          106
        3407         1089
        3408         3538
        3409          330
        3410          706
        3412          213
        3416          559
        3418          263
        3423            1
        3424           62
        3436         3394
        3438          693
        3439         3256
        3441         3464
        3442          339
        3443         3372
        3444         7005
        3447         1631
        3449          159
        3450         6697
        3451          540
        3452           25
        3458         3997
        3461           66
        3462          580
        3464          106
        3465         4393
        3471         3762
        3473          492
        3476         8945
        3478           67
        3479          753
        3483          198
        3489         4788
        3490         1476
        3492         2607
        3493         4826
        3495            4
        3497            2
        3498         3442
        3500          373
        3501         5265
        3504         3620
        3506         2080
        3508          333
        3510         6056
        3517          821
        3523          290
        3525           10
        3527          296
        3528         1700
        3535         1467
        3537         1213
        3540         1367
        3541         2488
        3544            6
        3555          322
        3560         3502
        3566          501
        3567          361
        3569           41
        3577         2517
        3579           23
        3580           29
        3584         1570
        3585          217
        3586         3587
        3589          593
        3591          282
        3593         1679
        3607         5313
        3610          853
        3611         2571
        3612         4503
        3613         1261
        3614           23
        3616            1
        3618           37
        3619         7842
        3620            0
        3624          192
        3627           89
        3628         5472
        3629         1030
        3630         3286
        3637         4689
        3638          450
        3642         1679
        3644         4114
        3646         4015
        3647         1086
        3648           29
        3653          495
        3654         3622
        3656          585
        3664           16
        3665           34
        3668         6265
        3670         1088
        3672          239
        3677          116
        3678          840
        3680         7722
        3683          605
        3693          143
        3699          615
        3700         1216
        3703         7320
        3704           40
        3710          646
        3713         4255
        3715          538
        3716          727
        3718           37
        3720         8069
        3721         4230
        3723          218
        3726           49
        3728          607
        3729          245
        3731          924
        3739          333
        3741         3338
        3750         3711
        3753            8
        3761         1411
        3764         4197
        3765         3956
        3768         1835
        3772          218
        3773         4361
        3775          303
        3780         3881
        3781         2286
        3782         3114
        3786          201
        3787         2179
        3788           20
        3789           32
        3791          102
        3793         5878
        3794          151
        3795          821
        3796            0
        3801         5817
        3802          192
        3803          238
        3806         8062
        3807         1178
        3811         1328
        3812           95
        3813         1401
        3814          806
        3818          244
        3821           98
        3822          414
        3823           52
        3830         3024
        3831         5221
        3832          692
        3833            0
        3837         1030
        3839           52
        3852          492
        3861         1109
        3863          218
        3864         2613
        3865            0
        3866          859
        3868          369
        3871         2640
        3880         1509
        3881            0
        3883         1765
        3884         1509
        3885         2734
        3892          492
        3894         7329
        3896          260
        3897         3355
        3902         2483
        3905         2124
        3906         1401
        3910         5494
        3911           79
        3913          802
        3917         1321
        3918         3169
        3922          159
        3926           16
        3930          126
        3932         4752
        3936          709
        3939         4942
        3945           34
        3947          184
        3948         7690
        3952          491
        3954         3679
        3962           46
        3963           54
        3968          241
        3973         8434
        3974         1566
        3975          192
        3976         3244
        3981         2408
        3982          223
        3985         2713
        3987          472
        3988          949
        3997         1020
        3999         1133
        4000         1911
        4003          101
        4004          125
        4007         4008
        4012         8670
        4016         8286
        4020         4052
        4022         4039
        4024           41
        4025         5105
        4026         2130
        4030          175
        4033          836
        4035            6
        4038         7149
        4046         4179
        4047         4631
        4048         9108
        4049          569
        4050         1985
        4056         7249
        4059           52
        4061         1883
        4062         4249
        4063            0
        4067         1879
        4068         6369
        4071         2066
        4075         1520
        4077         1311
        4081         1038
        4083         2400
        4084         8386
        4085         2446
        4087         3151
        4089          896
        4097          273
        4099           76
        4102         6381
        4105         4440
        4107         1755
        4109         7219
        4110          655
        4114          682
        4118         1532
        4123         4333
        4126         1532
        4131          755
        4134           27
        4137         2252
        4138         1734
        4140          121
        4141          705
        4143         5759
        4144         4053
        4146          817
        4149           54
        4152         1361
        4153          336
        4154         3337
        4159            2
        4171         1887
        4172         2304
        4176          299
        4180          333
        4182            2
        4184         1350
        4186           23
        4191          191
        4192           13
        4193         1268
        4200         1094
        4206          231
        4208         2469
        4209         1510
        4213          672
        4214         8087
        4218         5388
        4219         1635
        4222         8604
        4224         7510
        4227          374
        4228          122
        4229         4302
        4231         1425
        4237          191
        4238           73
        4240           61
        4245         3296
        4247          311
        4254          246
        4255           17
        4260         2361
        4261         1887
        4262         2531
        4264         5822
        4266         5518
        4268         2126
        4269          572
        4270         4769
        4272            0
        4273            0
        4277         1399
        4282         4092
        4283         2135
        4284         4762
        4285          851
        4292           73
        4294         2604
        4296           20
        4297         5860
        4301         4410
        4309         2864
        4310          696
        4312         3583
        4314           35
        4318            0
        4324         4052
        4325         1664
        4326         1010
        4327          710
        4328         1026
        4329           96
        4332          335
        4333         1352
        4334         9129
        4337         4135
        4343         1312
        4345          328
        4351          713
        4356         1621
        4358         3213
        4359         4959
        4361         5070
        4364          207
        4365          118
        4374         1937
        4380         5903
        4382          697
        4384          116
        4387         4241
        4388          305
        4391           62
        4394          945
        4395         3302
        4396          186
        4400         2008
        4401          488
        4405            0
        4409          163
        4412         1710
        4421         1044
        4422         1841
        4423         1843
        4424         6260
        4425          106
        4428         3168
        4429          241
        4431         7931
        4436          248
        4441         7149
        4442          158
        4443          159
        4444           32
        4445          740
        4454           15
        4463         3932
        4466         6843
        4469         5519
        4470          756
        4474          713
        4480         8360
        4486          457
        4487         3079
        4495         6370
        4498         2232
        4502           15
        4503          492
        4507         5636
        4509         2349
        4512         4517
        4518         1987
        4519         4284
        4520          351
        4524         1041
        4525          647
        4527           25
        4529         2809
        4530          596
        4531          686
        4542         6149
        4544            0
        4548         2855
        4552         6312
        4553         3765
        4554         1773
        4557         9099
        4561          400
        4562          123
        4563         7605
        4574          308
        4583           23
        4585         2005
        4586         4530
        4588           58
        4591          459
        4593          108
        4596         4663
        4599           41
        4601          443
        4603         2483
        4618           42
        4620         3452
        4622          964
        4625         2794
        4628          263
        4633            2
        4634         4591
        4635          766
        4639         8346
        4640         1867
        4641         1459
        4645         8049
        4649          695
        4650         1268
        4653          582
        4654          925
        4664         4375
        4670           21
        4672          466
        4675         7230
        4676           28
        4682         7706
        4687         3773
        4693         8670
        4695          816
        4696          226
        4697         7549
        4703         5478
        4705           27
        4706          942
        4709         5077
        4711         4944
        4713           62
        4715           23
        4721         3459
        4724         1918
        4731         9090
        4732         8046
        4739         1502
        4741          123
        4744          875
        4746         2485
        4748         1401
        4750          714
        4751         2297
        4757         2616
        4758          655
        4765         5055
        4769           94
        4771         7548
        4773         1904
        4776         1931
        4778           29
        4781          250
        4783           78
        4785         8234
        4787          396
        4789          205
        4791          269
        4792         1342
        4793         7044
        4797         2034
        4801           86
        4806           98
        4809         6194
        4815           36
        4818         1259
        4820         4857
        4822            1
        4823          396
        4829          296
        4830           23
        4835          749
        4836         8390
        4837         2076
        4846          322
        4847         5358
        4849         4406
        4852          180
        4855         4595
        4857         9384
        4860           52
        4861         4623
        4865         1317
        4866          305
        4870          251
        4872         6254
        4874          814
        4875          474
        4876         3366
        4879         4269
        4883         5559
        4886          544
        4888          166
        4890         4263
        4891          382
        4896           37
        4899            4
        4900            5
        4901         2423
        4906         4806
        4909         1920
        4913         2857
        4917          876
        4919         3169
        4925         4069
        4929         3064
        4930           81
        4934         6149
        4935         2512
        4936         4047
        4937         1644
        4945          626
        4948         6471
        4951         7237
        4955         7602
        4956           37
        4959         6607
        4972          875
        4975            0
        4980          780
        4981            1
        4983          885
        4992         1057
        4994         6597
        4995         1372
        4999          805
        5001         3345
        5003          624
        5011           14
        5012          221
        5013         3048
        5015          158
        5016          159
        5017          262
        5018         3092
        5020         1122
        5027         1565
        5029          828
        5030           11
        5031         4090
        5032          322
        5040          308
        5042          241
        5045         7549
        5050         1257
        5054         6184
        5055          109
        5057          424
        5063          123
        5066         1677
        5070           45
        5076         4406
        5077         4733
        5079          753
        5084          290
        5088          114
        5092         6884
        5093         6781
        5096         5159
        5103         1500
        5106         3809
        5107          262
        5108         5718
        5112         1388
        5113          673
        5122           21
        5127          452
        5128          149
        5131         3400
        5135         5320
        5138          939
        5141          305
        5144         4222
        5145         1310
        5146         1893
        5148         1982
        5151          673
        5152         3052
        5153           94
        5157         2341
        5159         6609
        5161          780
        5172         1691
        5173         3418
        5176         3355
        5178          525
        5181         1322
        5182         4884
        5183         1019
        5189         1740
        5190         5931
        5192          137
        5193         2073
        5197         5525
        5200         1027
        5201          186
        5202         3439
        5205         1074
        5207         2252
        5208           13
        5209         1226
        5218         3276
        5219         6040
        5220         1456
        5225         6488
        5226         5838
        5228           75
        5233          609
        5235         8128
        5238         2348
        5239           69
        5242         1307
        5253         3801
        5255           15
        5258          215
        5266         3842
        5271          319
        5272          928
        5273          876
        5274          963
        5277         2569
        5279         7941
        5281         3139
        5285          957
        5289          226
        5290         5330
        5293            0
        5295          763
        5305         1894
        5311         8770
        5318         2815
        5319         2181
        5320         3874
        5328            4
        5337         4249
        5339         5108
        5340          688
        5341          253
        5343         3679
        5346           86
        5351          264
        5352         7525
        5355          272
        5358         1891
        5360         7494
        5368           95
        5371         3185
        5382           85
        5384          114
        5386          191
        5390         6084
        5393          206
        5397         9115
        5404         2081
        5407          400
        5408            0
        5409         1826
        5416          199
        5417          410
        5419         2062
        5427          730
        5429            6
        5430         2171
        5435         3231
        5436          523
        5438         1015
        5446          115
        5448         1656
        5451         3594
        5452          242
        5457           89
        5464         2653
        5467         1947
        5471           96
        5476         1196
        5484           41
        5488           53
        5489          263
        5492           37
        5494         1864
        5496          992
        5498         4995
        5504          818
        5505          895
        5508          202
        5513          374
        5514         2312
        5517          250
        5523         5590
        5524         1611
        5532           31
        5539         2355
        5544         6731
        5551          196
        5555         2123
        5558          137
        5561          435
        5567          943
        5569         2043
        5571         2218
        5572           31
        5573          673
        5579         1449
        5581         1883
        5582          444
        5584         7198
        5587         3014
        5588            0
        5591          101
        5605            6
        5619         8135
        5623           16
        5626          538
        5630          336
        5631         1899
        5632          973
        5643         1743
        5644          273
        5646         4929
        5649          882
        5651         6974
        5653         1008
        5655          105
        5656          564
        5658           38
        5660           90
        5663         3412
        5667         7103
        5674         3854
        5675           68
        5677           69
        5680            7
        5686            0
        5687         7785
        5691           11
        5692          331
        5698          150
        5701         1024
        5706          189
        5707         5148
        5711          176
        5721          397
        5722         3377
        5724          435
        5727          857
        5732          256
        5733           18
        5741          363
        5742         5793
        5743         1279
        5750         2322
        5754          901
        5756          319
        5757          525
        5758           45
        5759         1679
        5767            8
        5770         3437
        5774            9
        5778         3237
        5786           15
        5787          672
        5788         2297
        5789           75
        5790          547
        5794         1800
        5796         2307
        5804         1887
        5805         8551
        5806          295
        5808         1203
        5820          261
        5822          114
        5823          163
        5824         5818
        5838         1490
        5841         1595
        5842         2589
        5844         5873
        5846          791
        5847          401
        5852           13
        5854         1150
        5857          371
        5858         5809
        5860         2462
        5863          629
        5865           27
        5867         1938
        5870           16
        5872           92
        5874          286
        5888          565
        5889          466
        5892            0
        5893         1336
        5899         1505
        5902          707
        5906         4040
        5927         3177
        5930         2652
        5932         1950
        5935          226
        5937           52
        5939          528
        5941          790
        5951         5144
        5952         1505
        5953         4568
        5954            0
        5960          205
        5963         2416
        5964         1878
        5971         2338
        5972         2371
        5980         7533
        5982           41
        5983         3551
        5990          146
        5995           53
        5997          870
        5998         2160
        6001          753
        6003           96
        6005          480
        6007          875
        6024         1862
        6026          307
        6027         1174
        6030          102
        6031         3620
        6043         2130
        6045         2689
        6047          162
        6049          395
        6050          377
        6051         7261
        6054         6833
        6057         1126
        6058         1562
        6062         3162
        6069           38
        6082          228
        6087         3358
        6088            7
        6094         1419
        6104         4723
        6108          220
        6112           27
        6113           95
        6122         1204
        6125          743
        6127         4885
        6135          198
        6140         9005
        6141         1105
        6144         4194
        6145           38
        6147            6
        6148          865
        6153         4784
        6154          261
        6155         8331
        6157          270
        6159         1137
        6160           69
        6165         1009
        6172           25
        6173          119
        6174         1038
        6184          363
        6188         1675
        6189          276
        6191         1261
        6192          770
        6195           85
        6196          501
        6197          202
        6199          169
        6200         6945
        6208         1983
        6216          707
        6221         2475
        6222          316
        6237         3721
        6239         2489
        6242         1510
        6244         4594
        6247          246
        6254           56
        6255          562
        6256         2133
        6257         1827
        6262          372
        6264          116
        6275          501
        6280         1154
        6282          753
        6284          237
        6285         1963
        6290          155
        6291         1987
        6292          176
        6293           35
        6294          414
        6296         1933
        6299         2668
        6307           29
        6315          249
        6316         3443
        6324         1407
        6326         1056
        6328         6308
        6338            1
        6349         1432
        6352         6313
        6354          547
        6357         7603
        6361           36
        6364          111
        6366          789
        6374         6036
        6376         3681
        6381         6844
        6389          406
        6392         2291
        6394          759
        6398          625
        6416         4429
        6423            0
        6427          755
        6435          136
        6439           45
        6447            3
        6455          880
        6456         1479
        6457         3174
        6461           96
        6467          481
        6469           67
        6475         1137
        6487         6137
        6488         7146
        6490         8668
        6494          225
        6495          562
        6496          192
        6499            0
        6504         1983
        6508          994
        6525         2271
        6531         4194
        6538           11
        6544           55
        6550         7415
        6556         6525
        6560         4271
        6566           93
        6571         6557
        6576         2454
        6577            0
        6578            0
        6579         3364
        6581         2952
        6596          993
        6607         2223
        6608           35
        6611          169
        6621         3685
        6635           69
        6639         2256
        6642         3600
        6646         1605
        6647         1616
        6651          140
        6657           23
        6658         1560
        6662          873
        6666           27
        6669         1459
        6672          495
        6674         6041
        6675         1890
        6682          631
        6684         1540
        6689          339
        6693          617
        6696          168
        6704          421
        6718          564
        6723          197
        6728         6054
        6730          319
        6733         1536
        6741         3586
        6743           52
        6746         2087
        6753           74
        6754         2620
        6757         1197
        6758           51
        6759         5274
        6764           14
        6770            0
        6771         5936
        6777          672
        6783          574
        6785         4535
        6789         1204
        6793         6343
        6794         5809
        6796         2015
        6803         1891
        6806         3154
        6808          413
        6813         2806
        6815         3946
        6817          221
        6830         3317
        6834          260
        6835         5975
        6837          227
        6849          279
        6852         7372
        6854          218
        6855          211
        6858           40
        6869         8918
        6872         1434
        6878           59
        6890          231
        6892         3750
        6894          227
        6904         1253
        6906          264
        6910           53
        6927          298
        6928         1459
        6930           39
        6939         4470
        6941         1952
        6947          377
        6958         1683
        6969          424
        6971         2446
        6977          122
        6978           13
        6983         6717
        6985           15
        6988         1249
        6994          487
        6999         3937
        7001            0
        7007           14
        7009          146
        7011         2056
        7016          566
        7025         1281
        7032          167
        7037           23
        7039         4759
        7044         5188
        7052           29
        7054           81
        7056          297
        7058          149
        7060          136
        7061          903
        7068           17
        7069           68
        7072         5105
        7082          178
        7084          221
        7086         4355
        7100         3708
        7108         5018
        7110         7285
        7111         5616
        7120          464
        7121         2824
        7127          248
        7131         2318
        7132         5846
        7136         7614
        7137          544
        7144         7121
        7147         5595
        7148           12
        7162           19
        7165          242
        7167            0
        7168         2388
        7177           31
        7179         6506
        7182          430
        7185           81
        7189         1212
        7192          249
        7204         1526
        7208           55
        7209          652
        7213         4703
        7216         1913
        7219           19
        7221         3439
        7246           34
        7248          558
        7254          622
        7259          701
        7260           21
        7270          118
        7275          417
        7276           75
        7277          793
        7284         1656
        7285         2992
        7296          390
        7297           44
        7298         8752
        7301           40
        7315         6563
        7317         6022
        7340           56
        7343          127
        7345         6419
        7346         1249
        7355         1676
        7361         3589
        7364           42
        7368         4467
        7383          946
        7384         5346
        7389          333
        7403            0
        7407         6180
        7415          535
        7429         1175
        7431            1
        7432           15
        7433          111
        7434           88
        7438         7728
        7443         1683
        7461         2734
        7463         7420
        7469           41
        7475           67
        7477           37
        7481          747
        7482          612
        7490         8450
        7491          197
        7495         3933
        7500         4479
        7503          441
        7506          371
        7509         2195
        7512           75
        7515         1361
        7520         6418
        7521         6564
        7526            4
        7530         9429
        7531           16
        7539         6489
        7543         6609
        7544         4437
        7554           34
        7557          178
        7568           29
        7582            1
        7583          203
        7589          109
        7597          392
        7601          414
        7602         1043
        7605          390
        7625         1822
        7634          398
        7639          424
        7640         3712
        7644          316
        7645           50
        7650         2629
        7652         9001
        7653         7640
        7657          622
        7667            3
        7669         2050
        7677          141
        7685         1898
        7687            0
        7692          488
        7696         3006
        7704           16
        7709         6977
        7712         6915
        7716           31
        7720           52
        7734         6571
        7737         7680
        7753           32
        7756           12
        7757          722
        7760          158
        7761           23
        7763          958
        7772         5252
        7778           89
        7783           59
        7785         4183
        7787         1646
        7791          250
        7819         8666
        7820         2469
        7823          565
        7825          177
        7832         1549
        7833          766
        7838          320
        7843         5939
        7845            5
        7846         2307
        7848           12
        7849           14
        7856         2206
        7862          144
        7863         7415
        7870          140
        7872            6
        7882         1239
        7891            0
        7893          531
        7898         2338
        7904            0
        7909         2328
        7910          359
        7924          487
        7927          688
        7930         1268
        7937          494
        7942          312
        7943           54
        7948          242
        7957           29
        7958         3800
        7959          431
        7961            6
        7968         2909
        7973         1866
        7976          672
        7977         4381
        7981         6143
        7993          155
        7999         8612
        8003         5201
        8004         2723
        8010           29
        8011         1985
        8015         7280
        8018          703
        8019          415
        8026         6668
        8031         5358
        8046           93
        8049          206
        8053         2182
        8056          548
        8061          993
        8068         1065
        8069         2009
        8072         2569
        8082          790
        8083         3104
        8084         6447
        8091            2
        8092         3455
        8098          440
        8112         3038
        8116         3215
        8123           59
        8132         3789
        8140         1392
        8150          427
        8152         8549
        8154         1132
        8159            3
        8161           10
        8168           99
        8170            1
        8171           13
        8172            5
        8174         3790
        8188            0
        8189         3947
        8196          441
        8206         1715
        8207         3638
        8210         4957
        8215          424
        8225          674
        8226         3734
        8235         3758
        8236           15
        8253          129
        8272         1419
        8296          306
        8305           98
        8323         3036
        8328          614
        8331          222
        8334          425
        8337          180
        8351          320
        8355         8517
        8359         1403
        8360            7
        8371           58
        8373         1219
        8378           68
        8379          456
        8380            0
        8381            0
        8387           32
        8389          241
        8391           89
        8392         1474
        8395           55
        8397          148
        8399          356
        8401            0
        8402         8624
        8415         8996
        8427          696
        8441         3821
        8451         5997
        8453            0
        8477         1774
        8490         2252
        8492          429
        8494         3851
        8496           35
        8504         7082
        8506         6975
        8534          418
        8537          206
        8538         3949
        8542           45
        8547          344
        8554         3356
        8555         2051
        8557         3155
        8558          596
        8560          417
        8565          873
        8569         6740
        8573         8499
        8576            5
        8604           15
        8607         5088
        8610          116
        8631          270
        8656            0
        8665         1290
        8682         3084
        8685          920
        8687         1111
        8700         4500
        8702            9
        8711          964
        8715         8667
        8730           14
        8735           53
        8736          252
        8739           29
        8744          222
        8757          325
        8767          129
        8772          215
        8786           23
        8791         1349
        8800         2932
        8809         8258
        8816         1821
        8824          972
        8848          302
        8851          231
        8865           14
        8870         1929
        8876          122
        8886            0
        8890           66
        8891         1670
        8892         2965
        8899          727
        8907         3129
        8909         1522
        8913          389
        8914           42
        8930         1668
        8932          306
        8934           23
        8937         6680
        8947         4787
        8956           44
        8964         3005
        8974         1065
        8993          927
        9008         3606
        9012          111
        9014            7
        9029          247
        9046         2619
        9051         5958
        9063           86
        9065          227
        9068         8331
        9074         2142
        9077           15
        9105         2234
        9107         3751
        9147         1928
        9164            0
        9168         1344
        9175          734
        9176         2398
        9179         2260
        9184         6489
        9191         2303
        9198            8
        9199         1257
        9201          477
        9208         1329
        9209         1566
        9213         1187
        9228         2969
        9243         6048
        9260         1215
        9264         1796
        9272         4169
        9275          218
        9291         1931
        9305         1179
        9317         4440
        9354         6111
        9398          784
        9422          228
        9423         1252
        9432           17
        9442         1255
