# HaloID(1) HaloID(2)
           0            0
           1           11
           2            2
           3            0
           4            0
           5          108
           6           15
           7            4
           8            7
           9            8
          10           11
          11           10
          12           12
          13           13
          14           14
          15           16
          16           11
          17          217
          18           18
          19           84
          20         1483
          21         2614
          22           21
          23           62
          24           23
          25          577
          26         1287
          27           38
          28          186
          29          172
          30           28
          31         2338
          32           31
          33         4716
          34           33
          35          244
          36          190
          37           38
          38           88
          39           37
          40           39
          41          802
          42          837
          43            2
          44          581
          45          655
          46         7835
          47           46
          48           47
          49          217
          50           49
          51           50
          52         5954
          53         1794
          54           54
          55          466
          56          102
          58           92
          59         1282
          60           56
          61           58
          62           59
          63           62
          64          502
          65          477
          66          116
          67         8723
          68          496
          69          175
          70         6769
          71          191
          72          122
          73         7989
          74         3179
          75          487
          76           74
          77           76
          78         1248
          79           81
          80         3158
          81         5235
          82          108
          83            2
          84          844
          85          476
          86          637
          87         1080
          88         1225
          89          315
          90         6046
          91          249
          92          938
          93         1050
          94           95
          95          153
          96          452
          97         7368
          98          152
          99         2231
         100           28
         101          170
         102           11
         103          175
         104         2268
         105          919
         106           85
         107         6920
         108         1058
         109         3395
         110          111
         111          113
         112          392
         114         4614
         115          116
         116          488
         117          117
         118          119
         119          235
         120          123
         121         6361
         122         1646
         123          124
         124         7724
         125         2693
         126          339
         127          897
         128          247
         129         8265
         130         2320
         131         7829
         132          130
         133         2777
         134         3547
         135          139
         136          136
         137          601
         138            5
         139         6585
         140          601
         141         1837
         142          547
         143         8637
         144           28
         145          293
         146         1512
         147          170
         148           45
         149         4365
         150           14
         151         1134
         152           90
         153          631
         154         4738
         155          107
         156         1145
         157           46
         158         2305
         159         8815
         160         2127
         161          160
         162         1707
         163          575
         164            0
         165         1536
         166          122
         167         3621
         168            8
         169           72
         170         1790
         171         2429
         172         3798
         173            2
         175         6236
         176          383
         177           11
         178         1078
         179           46
         180          204
         181         1530
         182           11
         183         7194
         184          177
         185         5652
         186         5359
         187          867
         188         6748
         189         3225
         190         3855
         191          183
         192           11
         193          193
         194         1690
         195          171
         196           11
         197          990
         198          426
         199          424
         200         3081
         201          129
         202          869
         203         4644
         204          106
         205         5754
         206         3480
         207         1141
         208          764
         209           83
         210          199
         211         1431
         214            2
         215         4467
         216          915
         217         2624
         218          340
         219         1795
         220          114
         221         2015
         222          228
         223         3054
         224          192
         225          186
         226         3743
         227          230
         228         1238
         229         3048
         230           77
         231         1278
         232         2320
         233           28
         234         3963
         235          296
         236         1760
         237           34
         239          232
         240          488
         241          298
         242         1660
         243         5696
         244          303
         245         3464
         246         4923
         247         5524
         249           19
         250            0
         251         4337
         252          248
         253         1757
         254          256
         255          558
         256         3030
         258         7148
         259         2083
         260          263
         261          259
         262         6230
         263         6331
         264           92
         265         6049
         266          765
         267          206
         268          882
         270         5488
         271         1595
         272          148
         273          476
         274         5564
         275          774
         276          281
         277         3626
         279          282
         281          175
         282         8346
         283          175
         284          288
         285          190
         287         7333
         288         4095
         289          766
         290           78
         291          122
         292          397
         293         5389
         294          600
         296          588
         297          823
         298          578
         299         3825
         300          201
         301          303
         302          481
         303         1302
         304         1577
         305         3942
         306           73
         307          338
         308         2019
         309          466
         310         8208
         311          311
         312          312
         313         4494
         314         2877
         315         8901
         317         8281
         318           29
         319          201
         320         6094
         321         1205
         322         5911
         323          815
         325         7017
         326          201
         327          302
         328          334
         329         3129
         330          160
         331         3137
         333         2821
         335         1104
         336         2673
         337         6825
         338          369
         339         1366
         340         8295
         341         4213
         342         5359
         343         4987
         344         3774
         345         6702
         346          417
         347         1576
         348         1598
         349          907
         350          820
         351         5626
         352           68
         354           53
         355         4083
         356          353
         357           45
         358          173
         359          346
         360          365
         361           50
         362          360
         363         1494
         364          602
         367          390
         369          147
         371         5082
         372         1834
         373         4580
         374         5004
         375          381
         376         7432
         377         5453
         378         4283
         379          380
         380          385
         381          861
         382          526
         383          503
         384          176
         385           67
         386         1996
         388          920
         389          391
         390          891
         392         7562
         393          814
         394         3599
         395         7948
         396         7828
         397         1891
         398         1121
         399          404
         401         2795
         402         8202
         403         3286
         405          182
         406          181
         407         3126
         408         5441
         410          174
         412         8951
         413          404
         414           10
         415         1183
         416          419
         417          346
         418         7117
         419            2
         420          898
         421         1509
         422          440
         423         3886
         425           85
         426         6621
         427         7485
         428          455
         429         1146
         430          369
         431          801
         432           28
         433         3171
         434         4047
         435           28
         436          481
         438         6096
         439          293
         440         2437
         441         4104
         442         3630
         443          434
         444           46
         445          442
         446         2992
         447           87
         448          192
         449         1020
         450          649
         451         5991
         452          447
         453         5408
         454         5048
         455           10
         457         5972
         458          682
         460          326
         461          457
         462         2923
         463          172
         464         1071
         465         6279
         466         1498
         467           36
         468         6770
         469          180
         471         1129
         472         3854
         473         2816
         474          519
         475         5829
         476         6030
         477         1248
         478         2883
         479          839
         480         7000
         481           39
         482         1515
         483         5698
         484         3260
         485          216
         486         8373
         487         2284
         489         1752
         490         9169
         491          290
         492          589
         493         2751
         494         4295
         495         7362
         496          511
         498          512
         499         2149
         500           28
         501          116
         502         2883
         503          268
         504           46
         505           28
         506           37
         507         4352
         508          667
         509          643
         510          525
         511         1117
         512          581
         513         8234
         515          175
         517          513
         518          323
         519         6156
         520         8987
         521            0
         522          765
         523          529
         524         4864
         525          693
         527          876
         528         2421
         529         6489
         530         1132
         531          101
         532           50
         533          370
         534          840
         536          309
         537          344
         538           12
         539          370
         541          296
         542         2891
         543         1024
         544          638
         545         5036
         546         8430
         547          217
         548           79
         550         5119
         551         1833
         552          112
         553         1102
         554         3921
         555         7516
         556           78
         557         3279
         558         6796
         559          493
         560         2689
         561          226
         562         1333
         564         4775
         566         7139
         568         2015
         570         1419
         571         6988
         572         2416
         573           27
         574           25
         575          580
         576          621
         577          685
         579           33
         580           18
         582          584
         583         2199
         584          535
         586         5122
         587          588
         588         8870
         589         3528
         590          541
         591           84
         592         2096
         593           13
         594           11
         595         4117
         596          978
         597          609
         598         5060
         599         1690
         600          314
         601           37
         602         4609
         603         1746
         605           78
         608         8402
         610         6755
         611           81
         612         5156
         614         3226
         615          175
         616          232
         618          335
         619         2023
         621          102
         622          583
         623          441
         624          729
         625         1983
         627          205
         629          748
         630           66
         631         7101
         632          635
         633           27
         634          542
         635         5813
         636          975
         638          947
         641           68
         642         3617
         644          642
         645          178
         646         5161
         647         1772
         650         7027
         652          655
         653          425
         655         1378
         656           29
         657          651
         658         3082
         660         4239
         661            4
         663          193
         668         5172
         669         5413
         670           43
         671         1814
         672         1076
         673          108
         675          496
         676         1369
         677         2149
         678         7769
         679          543
         680         5315
         681         2612
         682           42
         683          667
         684          807
         686         1230
         687         6767
         688         1360
         689          991
         690          467
         691         7093
         694         3281
         695          211
         696          131
         697           81
         699         2359
         700         8561
         701         4469
         702         2290
         704         6285
         705          346
         706         1871
         707         3569
         708         7158
         711         3350
         712         4117
         714         4047
         715         5667
         716          186
         718            2
         719          182
         720         1056
         721         8353
         722         7029
         723         2437
         724          106
         725          732
         726          729
         727          397
         728          403
         730          339
         731          690
         732         6172
         733          204
         734         4228
         735         1031
         738         3929
         740         1775
         741         2719
         742         2600
         743          748
         744          539
         745         4611
         746         6452
         747         6030
         748         1260
         750          863
         755         2258
         756         4065
         757         7138
         758         3095
         759         4050
         761          271
         762         1334
         763         1282
         764         5641
         765         9151
         766         1603
         767         2020
         768          920
         769         8834
         770           93
         772         8004
         773         3555
         774         3242
         775           37
         776         2968
         777         3855
         778          336
         779          543
         780           38
         782         1873
         783         1280
         784          409
         786          801
         787         2627
         789         1573
         790          923
         791         1490
         793          631
         794          916
         795          769
         796          127
         798          948
         799          664
         801         1267
         802         7935
         804         4577
         805          122
         806          863
         808         2973
         810         1186
         816          804
         817           32
         818           12
         820           27
         822         2765
         825           29
         829         1583
         832         7292
         833          285
         836         6720
         838         1282
         840          247
         841          767
         842         3645
         845           80
         847         1359
         849         5254
         850         1655
         851           52
         852          244
         854          865
         856          130
         857          722
         858         1247
         859         4506
         860         2129
         862         6049
         864         5082
         865          182
         866           46
         867           23
         868          806
         870         4970
         873          684
         874         5771
         875         5918
         876         2468
         877          400
         879         6077
         881         4258
         882           18
         884           83
         885         3924
         886          878
         887         4164
         888         2679
         889         3446
         890           37
         891         8465
         894          900
         895           92
         896          887
         897         5475
         898          242
         901           67
         902          698
         903         2060
         905         1745
         906          936
         909          506
         910         8956
         913           89
         915         3745
         917         2616
         918          927
         919         1334
         921          144
         922         1742
         923         7013
         924         1809
         925          117
         926         6582
         927          160
         928            1
         930          936
         931          186
         932         4302
         933         4375
         934          262
         935          441
         936         6925
         937         5581
         938            0
         939          314
         940         6755
         941          182
         942         4261
         943         5090
         944          252
         945          918
         946          286
         947          779
         949          949
         950          420
         951         8647
         952         1616
         953          945
         955         4659
         956           19
         958           78
         960         3345
         961         4120
         962          762
         963          853
         964         1558
         966          772
         968         5863
         969            7
         970         1381
         971          244
         972         4179
         973         2577
         974           45
         975         1292
         977          692
         978         4213
         979          186
         980         7916
         981          997
         982           86
         983         2412
         985          182
         986         8173
         988         1199
         989         4239
         990          369
         991         2306
         992           36
         993          411
         994         7473
         995         9151
         996          449
         997         3979
        1000         4961
        1001         1207
        1002         5940
        1004          126
        1005         4213
        1006          369
        1008         5019
        1009         4521
        1010         9023
        1012          126
        1013          457
        1014         1008
        1019         2282
        1020          249
        1021         5362
        1022         6885
        1023         1136
        1024          822
        1026         6786
        1028         5010
        1029         2812
        1030         1539
        1031          398
        1032         1194
        1033         1041
        1034           35
        1035         8537
        1038         7761
        1039         3274
        1040         3697
        1041         5232
        1042           67
        1043          434
        1044         1777
        1047          634
        1049          157
        1050         8453
        1051         6713
        1053         1042
        1055         8768
        1056         2669
        1057          107
        1058            6
        1060         6831
        1062         4831
        1063          293
        1066         6833
        1067         1074
        1068         5011
        1070           76
        1071         8106
        1072         2817
        1073         2691
        1074          181
        1075          463
        1076          638
        1077          158
        1079           92
        1080           46
        1083         3733
        1086         2321
        1087         5139
        1088          973
        1089          601
        1090         8254
        1091          266
        1092           29
        1094         1040
        1095         4632
        1096         1109
        1098          510
        1099            0
        1102          360
        1103         1161
        1104         2262
        1106         3327
        1107            3
        1108          336
        1110           59
        1113         2403
        1114          127
        1115         7761
        1116         5141
        1117         6877
        1118         6921
        1119         7819
        1120           40
        1123            0
        1125          235
        1128          133
        1129         4567
        1131         6981
        1132          153
        1134         3637
        1137         1106
        1138          154
        1139         1304
        1143         3087
        1144         2590
        1145          214
        1147         4364
        1148         3648
        1150         1786
        1151         2312
        1153         4308
        1154         1160
        1156          838
        1157          272
        1158         1804
        1159          128
        1160          187
        1161         4278
        1163          396
        1165         2358
        1166         1774
        1168           36
        1171         1838
        1172         4887
        1173         5645
        1175         2188
        1176          189
        1178          847
        1179          186
        1180         2777
        1181         1178
        1182          350
        1186         1645
        1187           82
        1188         8266
        1190         7344
        1191         1084
        1192           88
        1193           13
        1194          985
        1195         4003
        1198         1191
        1199         1548
        1200         4514
        1202         7327
        1203          449
        1204         1622
        1205         1357
        1206         1757
        1207         1358
        1208         2426
        1209          157
        1210          175
        1212           17
        1213          270
        1217           62
        1220         3602
        1222         6260
        1223          746
        1224          674
        1225         6889
        1226         1222
        1228          449
        1229          131
        1234         4412
        1235         1238
        1236         3353
        1237         9094
        1238         1593
        1240         1843
        1243          487
        1244            0
        1245          180
        1246         5155
        1247         4883
        1249         1535
        1250         2689
        1252          820
        1254         6964
        1256          114
        1258         1998
        1259          453
        1260         6934
        1262         2982
        1264         2268
        1268         6700
        1269          186
        1270         2510
        1271           77
        1273         1595
        1276          873
        1277          613
        1280         6120
        1283         1702
        1288         1885
        1290         4991
        1292         1298
        1294         1743
        1299         1659
        1301         8846
        1302         2866
        1303         2999
        1304          182
        1305         1975
        1308         4467
        1309           16
        1310          159
        1312          227
        1313         1780
        1314         3621
        1320         1788
        1321         1687
        1322         1635
        1323         2191
        1324         1217
        1326           15
        1327          336
        1328         8373
        1329           68
        1331         1567
        1333         1331
        1334            4
        1337           45
        1339          723
        1340         3480
        1341         4922
        1342         1650
        1343          125
        1344         5523
        1345         2554
        1346         2051
        1347          474
        1348         1876
        1353         8827
        1354          966
        1355         8951
        1356         8771
        1357         8416
        1358         1132
        1361          273
        1362         1795
        1366         2973
        1368            8
        1369         2419
        1370         1065
        1372         7575
        1373           78
        1375          483
        1376         3001
        1378         1778
        1379          703
        1380         3330
        1382         2574
        1383         1962
        1384         1512
        1385         4315
        1386         7243
        1389          208
        1391         1383
        1392         1386
        1393           42
        1394         6182
        1397         5913
        1398           48
        1400            0
        1401          469
        1405         2704
        1406         2590
        1407           92
        1408          143
        1409           68
        1411           10
        1412           24
        1413          839
        1414         2050
        1415         4214
        1417         1424
        1420         3258
        1421         3837
        1422         3448
        1424          686
        1426         1123
        1427         4497
        1430         1887
        1431         2482
        1432         2519
        1435          816
        1438          300
        1439          733
        1441         7182
        1442          293
        1445          109
        1446         2621
        1448         1436
        1449         1972
        1450         2036
        1453           11
        1455         8882
        1457         7462
        1459         2380
        1460          248
        1462         7667
        1463         1633
        1465         1479
        1469         1083
        1473         5208
        1475         4477
        1478          253
        1480         2099
        1481         2530
        1483         5529
        1484         4655
        1485         3037
        1487           17
        1493         1085
        1499         5043
        1502         9102
        1504         2811
        1505         1777
        1507           10
        1508         2081
        1509         1839
        1512           39
        1517         1471
        1518         2492
        1521         2162
        1522         4664
        1528         3253
        1529         1199
        1536         1282
        1537         2854
        1539         6230
        1540         8065
        1547         6420
        1548         3460
        1549         1809
        1550         3150
        1554          186
        1559           45
        1560          521
        1563          846
        1564         4960
        1565         3229
        1566         1580
        1569          102
        1570         1192
        1571          189
        1572         6657
        1574          182
        1577         4911
        1579         1607
        1581           92
        1583         1872
        1585          249
        1586         3294
        1590          581
        1591          782
        1593          228
        1594         1178
        1596          582
        1597         4224
        1598         2667
        1599          468
        1600         2812
        1601         1585
        1602         4873
        1603         3416
        1604         1012
        1606         3703
        1607          892
        1608         2509
        1609         6485
        1610         1325
        1612          997
        1614         2636
        1615         1446
        1616         5801
        1620          131
        1621         4243
        1622         1366
        1624          567
        1627         1660
        1628          767
        1629          398
        1631         4635
        1632         5900
        1635         1565
        1638         1159
        1639         5291
        1640         3848
        1641            0
        1642         1933
        1643         2226
        1645         1820
        1646           16
        1647         6123
        1648         2602
        1649           80
        1650          110
        1651          830
        1652          861
        1653           33
        1655         6687
        1658         1808
        1659         1642
        1662          153
        1663         1678
        1664           90
        1665         1963
        1668         1164
        1669         2379
        1671          564
        1672         6202
        1677         2221
        1678         8242
        1679         1671
        1680          510
        1681         6877
        1682          365
        1686         5759
        1687          518
        1690           60
        1691         6512
        1696         6899
        1697         1431
        1698         1964
        1700         2747
        1701         1720
        1703         7570
        1704         3294
        1705         1709
        1706          401
        1707         1520
        1710            8
        1711         4405
        1713         1706
        1714         3219
        1715           94
        1717         8299
        1718          746
        1720         3748
        1722         1315
        1723          834
        1726           17
        1727         3908
        1728          376
        1729          169
        1730           18
        1731         4205
        1733          201
        1736          953
        1738           17
        1742         1690
        1745         1728
        1747          725
        1749         1753
        1751         3235
        1754          145
        1755           28
        1758          180
        1760         1211
        1762         9174
        1764         7404
        1768         2718
        1769          120
        1772         3248
        1773         1779
        1774         1751
        1775         3107
        1776         1943
        1777          968
        1778         1645
        1779         8886
        1780         3469
        1781           53
        1783          878
        1784         8015
        1789          934
        1791           85
        1792          115
        1793           41
        1794         1363
        1795         2523
        1796         4204
        1798         1294
        1799         6144
        1800         2481
        1801          558
        1802         1317
        1803          385
        1805          682
        1806         1424
        1807         8353
        1808          469
        1809         1479
        1810           57
        1811         8582
        1814         8478
        1815           20
        1817         2961
        1819           31
        1820         4189
        1821         4558
        1825          179
        1827         3602
        1829          130
        1831         3000
        1834         1849
        1837         5576
        1839          253
        1842         1865
        1844         1980
        1848         3348
        1852            8
        1853         1148
        1856           62
        1858         4896
        1861         1843
        1862         1884
        1863           79
        1865          526
        1866         1475
        1868         3343
        1869         1337
        1870         6657
        1871         1823
        1876          853
        1877          157
        1880         1734
        1881          204
        1883         2511
        1884         5492
        1887         1757
        1888         8615
        1890         2280
        1896          346
        1897         6768
        1898         2732
        1900         9053
        1906          206
        1908         8755
        1909          311
        1910         4635
        1911           25
        1917          727
        1918           31
        1920          500
        1925         4258
        1928          567
        1929          270
        1930         3900
        1931         1944
        1932           13
        1933         2081
        1934          587
        1936          244
        1938          102
        1939          143
        1941         4827
        1943         1031
        1945           89
        1946          154
        1948         2046
        1951         1936
        1952         2777
        1953         2171
        1954         5846
        1956           20
        1959           26
        1961         2441
        1963         3237
        1964          487
        1965           49
        1966         2149
        1967         1887
        1971         4966
        1973         1946
        1975         6108
        1977            0
        1982         1387
        1983          672
        1984         2515
        1985         3229
        1989           98
        1990         6644
        1991         4169
        1992         7050
        1993         5670
        1994          227
        2000         1070
        2003         2854
        2004         6769
        2007         3150
        2010         1998
        2012         1547
        2013          786
        2017           12
        2019         7439
        2020         4514
        2023         5580
        2024         1285
        2030         1369
        2034          480
        2035         1292
        2036         2042
        2037          117
        2040         2777
        2043          113
        2044          119
        2046         7800
        2047         9027
        2048         1523
        2052          331
        2053         5302
        2055         9147
        2057         4264
        2059         2043
        2060          157
        2061         2785
        2062         4242
        2064         2042
        2065            0
        2066         3441
        2068         1945
        2069          340
        2070         7480
        2071          182
        2074         4228
        2077         5232
        2079         1858
        2080          876
        2083         2076
        2086         3842
        2087         1798
        2088         2965
        2089          199
        2092         2692
        2097         1043
        2099         7422
        2100            5
        2102         3391
        2104          488
        2107         2778
        2108         2505
        2109         3118
        2110          453
        2111          885
        2114         1177
        2115          131
        2116         3829
        2117         8369
        2119           30
        2121          391
        2122         2815
        2123         5058
        2124          109
        2126         3617
        2130          659
        2131         2937
        2133         2977
        2134         5306
        2135          437
        2137         3016
        2140         4425
        2142          175
        2144         4740
        2147           15
        2150          180
        2152         2149
        2155         3364
        2159          262
        2160          103
        2163         1023
        2164         3343
        2172         8520
        2173         2255
        2174         8352
        2176         3951
        2177         4859
        2180         3441
        2181         4919
        2184         3644
        2190          114
        2193           65
        2194          268
        2195         6560
        2198          264
        2199          817
        2209         7028
        2210          487
        2213         2099
        2216         4091
        2217         5860
        2220         7222
        2222         7601
        2223         7065
        2224           36
        2226         4538
        2230         4057
        2234         4614
        2235         5410
        2238         7444
        2239          659
        2240           41
        2241          107
        2242          786
        2244         2230
        2246            9
        2248          926
        2249         3631
        2250         2574
        2257         2303
        2258          420
        2259         1561
        2262         1460
        2265           96
        2267            2
        2269         2206
        2270          129
        2271         2227
        2274         1180
        2275          116
        2276          190
        2279         1214
        2280         8768
        2281         1849
        2282          425
        2284         1081
        2285         1028
        2290         1509
        2291         5093
        2293         6178
        2295          189
        2296         7525
        2297         1429
        2300         2394
        2301          856
        2303         2777
        2306          962
        2308         1512
        2309         1665
        2310         5057
        2311          780
        2312         2345
        2315          518
        2316          115
        2317         1362
        2318         4263
        2320            0
        2324         1460
        2325         2829
        2326         3710
        2327         4860
        2330          660
        2331         2544
        2332         8647
        2333         5533
        2338         9186
        2339         1525
        2342         2122
        2343         1729
        2345          493
        2346         2325
        2347          906
        2349          670
        2352          225
        2354          327
        2355         1964
        2356         4861
        2358          529
        2359          487
        2361         7827
        2363         6102
        2369         1915
        2373         1303
        2375         3781
        2376         7211
        2377          308
        2380         6820
        2382          925
        2384         2716
        2386         5009
        2387           72
        2388          638
        2392         4385
        2394         7293
        2395         1035
        2400          133
        2403          179
        2404         1963
        2408         3285
        2410          218
        2412         9238
        2414         2379
        2416         3469
        2417           14
        2418          534
        2419           67
        2422          565
        2427         7436
        2428         3136
        2431          214
        2434           97
        2436         3552
        2438         2321
        2439          938
        2441         1275
        2442         3252
        2443          233
        2444         1146
        2445         5346
        2446         1157
        2447         2956
        2448          707
        2449          720
        2451          428
        2453          520
        2454         3800
        2455         4809
        2457         2745
        2458          462
        2459         3913
        2461         4182
        2462         2857
        2464          243
        2465          867
        2467         5860
        2472         1616
        2473           10
        2479           10
        2482          119
        2484           70
        2492          942
        2493          224
        2494          294
        2495         2172
        2496         1640
        2497         2574
        2500         3498
        2503         1250
        2509          122
        2513         6464
        2514         5801
        2520         1183
        2522         2032
        2524            7
        2525         2665
        2527          186
        2528          674
        2529          265
        2530         5873
        2531          791
        2532         2497
        2533         5503
        2534           13
        2536         1304
        2537         2619
        2539         3512
        2541         4822
        2544          104
        2546           17
        2548         2581
        2550         1139
        2551         1090
        2553           11
        2554         4258
        2555           20
        2558           23
        2559          763
        2560           14
        2563         8161
        2565          764
        2567         7394
        2568          142
        2571         2564
        2572           12
        2574          286
        2575          862
        2576         4304
        2580         3598
        2583         1247
        2584         2534
        2588          407
        2589         5139
        2590           69
        2591         2051
        2592         1305
        2595         2499
        2597         4122
        2598         2599
        2599         3542
        2600          992
        2602         7549
        2603          126
        2604          296
        2605         1031
        2606         1512
        2610         9190
        2613          727
        2614         1476
        2615         1665
        2618          182
        2619          152
        2620          346
        2622          565
        2630           25
        2631         2774
        2632          764
        2633           58
        2638         1324
        2639          834
        2641         3016
        2645         2110
        2646          800
        2649         2088
        2651         5739
        2653          895
        2654          401
        2656          267
        2658         8538
        2659           72
        2660         2615
        2664          686
        2665         7460
        2666         2696
        2667         6485
        2671         6835
        2673         3647
        2675         1428
        2678         2790
        2679         2258
        2681          674
        2682         7117
        2684         7008
        2686          323
        2688            0
        2690         3331
        2692         1872
        2694          259
        2696         7675
        2699          821
        2702          128
        2703         2744
        2705           55
        2706           10
        2708         1745
        2712          959
        2714         2679
        2716         1590
        2717         1437
        2720          346
        2721         6377
        2724         7231
        2728         3463
        2731         1282
        2732          816
        2733         3435
        2737         4826
        2739         5892
        2741          821
        2744          709
        2748         1108
        2750         4157
        2751           44
        2753         5656
        2754           78
        2755         1955
        2756         6988
        2759          756
        2762         6294
        2764          515
        2765         5036
        2768         6049
        2772         8896
        2773            5
        2776          116
        2777         3265
        2780         1184
        2783          749
        2784         8131
        2787         4877
        2788            8
        2790         5692
        2793          427
        2794         2870
        2796         4827
        2797           66
        2799         1460
        2801         5813
        2802         7192
        2804          401
        2806          477
        2807         2376
        2809           55
        2814           26
        2815           98
        2816            9
        2819         1522
        2821         7542
        2823           54
        2824         4341
        2827          855
        2828         1657
        2829         8032
        2831          538
        2832           19
        2833         6012
        2834         5439
        2837         2501
        2839          565
        2841         5906
        2842         2857
        2843          379
        2844         1657
        2845         1478
        2850         3672
        2855           50
        2856           31
        2857         1015
        2858         1083
        2860           15
        2868         8089
        2870          838
        2874         1524
        2875         4313
        2876         1368
        2877           20
        2879           59
        2880           36
        2882          346
        2883          851
        2887         1106
        2889          256
        2892         1926
        2896         3053
        2899           53
        2903         3087
        2907          393
        2908         4414
        2909         6236
        2910         6339
        2912            7
        2913         8664
        2916         8539
        2917          207
        2918            0
        2921         2523
        2925         2679
        2927         5167
        2929           45
        2931         5924
        2932          651
        2935         1864
        2936         1103
        2937         1605
        2940         2157
        2943         4181
        2944           67
        2948          236
        2953         7667
        2954           38
        2955          137
        2959          727
        2962            1
        2963         4616
        2964         3713
        2968            0
        2969         2061
        2973         1204
        2978         2910
        2979          947
        2980         1269
        2981         2008
        2982         1101
        2984           79
        2985         3314
        2986         1311
        2987          370
        2989          496
        2990          496
        2992         2376
        2993           78
        3002          674
        3003           92
        3004         1522
        3006          208
        3007          245
        3008          716
        3009           14
        3011          114
        3013         8139
        3014         3631
        3015         2309
        3016           79
        3019          756
        3024         6744
        3025         4252
        3027            8
        3028         5034
        3030           45
        3033          720
        3036         2998
        3037          334
        3038          130
        3039           67
        3042         4418
        3048         2613
        3049         8260
        3050          520
        3052          738
        3053         3044
        3056          391
        3059         2999
        3062         2743
        3068          153
        3071         3655
        3072         3320
        3075           44
        3076          643
        3079          447
        3080         3094
        3081         4151
        3082         1229
        3083         2176
        3084          180
        3086          580
        3087         3215
        3089          169
        3090          493
        3091          940
        3094         8880
        3096          614
        3101          667
        3102         9057
        3104         1811
        3105         5574
        3106          921
        3109         3004
        3110          806
        3111         3225
        3115          103
        3118         2167
        3120         3111
        3124         7218
        3126         3468
        3128         1135
        3129          834
        3131         2006
        3132         2544
        3133          489
        3139         3190
        3140         5287
        3142          607
        3143          674
        3145           40
        3147         3124
        3149           34
        3150          747
        3152          227
        3153         4371
        3155         1987
        3157           72
        3158           95
        3160         3029
        3162          142
        3168         8239
        3169          171
        3170          179
        3173           82
        3176            0
        3180         4178
        3183           62
        3185          110
        3187          962
        3191         5776
        3193           83
        3194         3441
        3195         5019
        3197         2268
        3199          346
        3202          172
        3204           48
        3208         3797
        3209         5238
        3210         1447
        3213         1139
        3215          750
        3216         7328
        3217          578
        3219         5723
        3221         2937
        3224           21
        3225           20
        3227         4938
        3228         3107
        3229          149
        3231         3281
        3232         3085
        3234          247
        3235         1353
        3236           35
        3243         1801
        3247          313
        3250         9147
        3251          306
        3258         7490
        3259         3008
        3260         7998
        3261          368
        3262          265
        3265         3326
        3267          186
        3272         2325
        3273         2983
        3279         3299
        3280         5076
        3281         6607
        3283         4725
        3284         6953
        3292          100
        3296         2923
        3297         2396
        3299         5576
        3302         3252
        3305         4629
        3308          485
        3312           43
        3314         1898
        3316         1650
        3318         1146
        3322         2571
        3323         7870
        3324         4020
        3326          748
        3327         5614
        3328         2395
        3329         1428
        3333          446
        3335           13
        3336          945
        3337         7884
        3340          264
        3341          241
        3343         2288
        3344         2031
        3345         4264
        3346          182
        3347         7989
        3349          728
        3350         6119
        3351          580
        3352         5048
        3356          267
        3357         1142
        3360         2540
        3362         7274
        3363         3765
        3364          909
        3366          502
        3369         5117
        3371         5910
        3372         5408
        3373          274
        3376         1489
        3379         5787
        3382         7178
        3384          918
        3387            5
        3394            8
        3396          882
        3398          691
        3399         1322
        3401           21
        3403         5698
        3405          252
        3407         7333
        3408          404
        3416         3046
        3417         3539
        3421         1722
        3422         3137
        3430         3046
        3432         1056
        3433         5970
        3435          233
        3437         3432
        3438          708
        3440           95
        3441           66
        3444         3335
        3445         8361
        3450           45
        3452          876
        3459         1972
        3460          807
        3461          262
        3463         1230
        3466          534
        3467            2
        3468         5614
        3469         1151
        3470         1635
        3473          605
        3476          218
        3477         4531
        3479         1842
        3483         4093
        3484         3396
        3485         2005
        3487         3385
        3491          183
        3493         1348
        3494         3442
        3496         7937
        3498         5510
        3502         2425
        3505          121
        3506          130
        3510          338
        3512         1975
        3514         3831
        3515          104
        3518         4162
        3520         3427
        3522         3129
        3523          874
        3524           29
        3525         3228
        3527         6605
        3530          474
        3531         3859
        3536          211
        3537         3535
        3538         3349
        3539         3231
        3540          209
        3543         1837
        3547         8863
        3548         3802
        3550          617
        3552           39
        3554         1226
        3556         5316
        3558          406
        3562         2916
        3565          312
        3572         2644
        3573           27
        3576         2384
        3577         2905
        3583         1454
        3584          434
        3585          930
        3588         1160
        3596          247
        3598         5544
        3604         2294
        3607         1205
        3610           92
        3612         1028
        3617         3798
        3619            0
        3620         6989
        3622         6501
        3624          946
        3628           15
        3630          394
        3632          874
        3641         3649
        3643         3591
        3647         3994
        3649           27
        3655           82
        3656         1467
        3658          297
        3659         1642
        3661          176
        3662         2941
        3664          943
        3666         8335
        3669           16
        3674         1524
        3680          320
        3681         1046
        3684         1021
        3689         6047
        3692          535
        3693         7216
        3696         2985
        3697         5004
        3698         6132
        3703          217
        3705         6380
        3706         1924
        3708          667
        3711         3228
        3714         2977
        3715         3746
        3719         5257
        3720         1055
        3721           63
        3722         2450
        3723           68
        3724            5
        3727         5709
        3729          173
        3731           41
        3735         1310
        3736          517
        3739            0
        3741           17
        3742          264
        3743         3000
        3744         2837
        3745          133
        3747           34
        3749         7681
        3750          162
        3754         4525
        3756          487
        3762          572
        3764          409
        3766          142
        3769          757
        3770           31
        3771         6045
        3774         1906
        3777          208
        3779          140
        3782          991
        3783         1760
        3784         4295
        3786         1813
        3787         6359
        3788         1071
        3789         2440
        3790         1902
        3794           22
        3795         1943
        3797          141
        3799         1195
        3808         4800
        3813         3613
        3815         1879
        3816          359
        3819          218
        3824         2568
        3825         7991
        3827         3966
        3830         1148
        3836          112
        3838          359
        3842          325
        3845          427
        3846          975
        3849         1608
        3853         4987
        3856          394
        3858          441
        3860           26
        3862         3839
        3863           82
        3865          119
        3866          994
        3867         1690
        3868         3533
        3871         5410
        3873          135
        3874         6302
        3877         1428
        3878         4224
        3879         8526
        3883          979
        3884         5426
        3885          895
        3890         1876
        3892         4050
        3893         3843
        3901         2273
        3903          801
        3906         3013
        3908          911
        3909         1879
        3913         1333
        3916          241
        3917           41
        3920          496
        3921           55
        3924         3701
        3931          988
        3934         1875
        3935         1195
        3939           40
        3940          101
        3941         2750
        3946          122
        3951         4051
        3952         7371
        3954           41
        3956         1317
        3957         3908
        3960         2627
        3961         3129
        3964         1548
        3972         1162
        3977         5401
        3978         8041
        3980          406
        3986         5310
        3994         1056
        3999         1532
        4006          955
        4007         3753
        4008         1734
        4009          729
        4014         7761
        4019         8916
        4021         4504
        4022          864
        4026         8648
        4027         1441
        4029          814
        4036          397
        4038         3755
        4042         2288
        4043         2227
        4044         7874
        4050           18
        4058           54
        4059           78
        4060           59
        4066         1664
        4067         3107
        4069           55
        4073         1265
        4074            0
        4076           65
        4077          948
        4078         4691
        4081         1020
        4084           68
        4086         6630
        4087          138
        4094         3938
        4096         4936
        4097          168
        4098          184
        4102           80
        4104           84
        4107         4020
        4110         4434
        4118         1535
        4119          422
        4120         7798
        4122          295
        4124           62
        4125           97
        4126          131
        4130         8828
        4133           84
        4135          938
        4138           21
        4140           59
        4144         4022
        4146          382
        4148         4135
        4150          610
        4151         4192
        4152         6533
        4158          398
        4162          850
        4163         6000
        4167            2
        4171          205
        4173          620
        4175         1535
        4181         2923
        4183         4523
        4185          397
        4190         1315
        4191          278
        4192         2325
        4193         3735
        4197         3320
        4199         3061
        4200         1547
        4201           49
        4206          954
        4209         3411
        4210           20
        4211         3466
        4217         1645
        4219         5431
        4225          179
        4226           73
        4227            2
        4232         4261
        4233          666
        4234         7880
        4235          102
        4238         4074
        4246         4949
        4248           40
        4250          300
        4253            0
        4255          300
        4256           37
        4259         4263
        4260         1671
        4261           31
        4264          957
        4265         1180
        4268          520
        4273          116
        4275           73
        4277         1023
        4279          886
        4283           51
        4285          919
        4286          310
        4289         2476
        4291         1494
        4296         7327
        4297         4691
        4301          322
        4306           13
        4307          131
        4308          581
        4310          242
        4313           13
        4318            0
        4319         4391
        4321          512
        4326         3105
        4328         6824
        4332          792
        4348         6597
        4351         1946
        4354          703
        4355           31
        4357          178
        4360         1417
        4361          334
        4364         3029
        4365         1109
        4366         2464
        4371         1675
        4373         4676
        4383          667
        4384           10
        4387           35
        4389         1833
        4393         1451
        4396          341
        4398          118
        4400         7042
        4402         3578
        4409          774
        4411          757
        4413         5614
        4415         6591
        4418         1289
        4420         2855
        4429          114
        4430         6635
        4437         1468
        4441         1225
        4446         3129
        4448         4810
        4450         3536
        4451          856
        4452          194
        4458         1873
        4460          958
        4463          329
        4464           18
        4469          513
        4473         4191
        4475          131
        4478          600
        4479          132
        4482          274
        4488         2205
        4489         6869
        4490          214
        4493         1747
        4494           13
        4499         2099
        4500         4255
        4506         2694
        4509          192
        4510           20
        4512          578
        4516          887
        4518            8
        4519         3559
        4520         2957
        4521         3962
        4523         5137
        4525          233
        4528            0
        4533         1637
        4535         2821
        4538         6688
        4539           44
        4541            5
        4542         4371
        4543         1494
        4544            3
        4545         4295
        4547          500
        4553         4888
        4557          185
        4558         1380
        4562          992
        4566         1534
        4567         6759
        4568         4743
        4569         5674
        4572         3114
        4578         5374
        4579         3269
        4584         8475
        4588          133
        4589          380
        4593          878
        4596          709
        4599         3453
        4602         1746
        4604          560
        4605          866
        4606         2016
        4614         8118
        4617           33
        4623          303
        4624         1911
        4625           76
        4626         7295
        4632          262
        4635          104
        4638         3557
        4639         3647
        4641         1369
        4644          294
        4646          226
        4648         1524
        4649         1359
        4650         1512
        4652         2776
        4653         4414
        4654          955
        4656           67
        4661           48
        4662         4704
        4663          155
        4671         5834
        4672         3797
        4673          949
        4675          352
        4678         3899
        4686         5050
        4687          643
        4688         1513
        4690         6442
        4702          346
        4703         3046
        4704         4960
        4705         1046
        4706         4702
        4708          305
        4712         4213
        4717          614
        4719         3083
        4721          707
        4722         4205
        4724         5967
        4725          331
        4726           19
        4728         4710
        4729          337
        4730          360
        4733           82
        4734          299
        4738          725
        4742          176
        4748         1823
        4752           17
        4754          368
        4756         4981
        4757          791
        4764         4826
        4768          728
        4771         6380
        4773         1782
        4777           43
        4778         2554
        4779         4744
        4785            0
        4787         2499
        4788          111
        4795         5562
        4796         2231
        4802         1760
        4807         4317
        4809         2519
        4811         6275
        4812          481
        4816         1873
        4817          186
        4825          131
        4828         1029
        4838          450
        4840         2098
        4841            6
        4842          280
        4846           25
        4849          346
        4860          229
        4861          986
        4862          936
        4876            2
        4879          173
        4880         1504
        4881           18
        4885          111
        4887         5636
        4888           94
        4889         2030
        4893          600
        4900         2328
        4905          228
        4908         3787
        4909         4216
        4910           87
        4913         1363
        4914          615
        4924         2633
        4925         3358
        4926           79
        4928         1477
        4930         5588
        4932           74
        4936            0
        4939          726
        4945          455
        4946         4893
        4947         3498
        4952          204
        4954         3134
        4955         8739
        4958         4997
        4960          303
        4967           91
        4968         4141
        4970         2597
        4971         1331
        4972         1979
        4973          474
        4975          133
        4983         5735
        4988           19
        4989         6362
        4991           70
        4992         4780
        4995          276
        4996         1293
        4997          246
        5000         4943
        5001          149
        5008          271
        5014            4
        5022         5125
        5027          696
        5028         5145
        5029         1135
        5030          392
        5033         1948
        5035           64
        5037         7246
        5044          119
        5047           77
        5053         1208
        5055          153
        5059         1338
        5064          309
        5067          366
        5068         1130
        5069         3424
        5072          907
        5076         3030
        5080         1284
        5092         2325
        5093          101
        5099         3368
        5102          100
        5109          507
        5110          111
        5112         6885
        5114            3
        5118         5897
        5119         1414
        5121         1893
        5122         1420
        5129          268
        5138          180
        5141         2224
        5143         3076
        5146          214
        5151          262
        5152         1043
        5154         3050
        5157          573
        5160          593
        5164         5364
        5166          158
        5171         6289
        5173         7031
        5174          246
        5175           22
        5176         3851
        5183         7905
        5184          623
        5190         6660
        5192         5594
        5196         7855
        5199          437
        5200           33
        5201         2337
        5202         2507
        5204          724
        5212         3343
        5215            0
        5218         2930
        5219          119
        5220           77
        5221         5208
        5223          192
        5228         5096
        5229         3085
        5235          259
        5237         2559
        5238         2692
        5239          168
        5240          460
        5241          650
        5243         4088
        5247          879
        5248         2388
        5252         3498
        5253          643
        5254          203
        5258          309
        5260           92
        5264         1181
        5267          232
        5269         6266
        5273          653
        5274         2175
        5275           48
        5281         1797
        5292          303
        5293          278
        5297         1751
        5298         1886
        5299         1952
        5300         1418
        5301         1376
        5303          212
        5305         1662
        5306          684
        5308         1967
        5310         1709
        5312         2692
        5313          932
        5315         3529
        5323          228
        5332         8352
        5340         5351
        5349         1146
        5351          392
        5352          372
        5356          196
        5361           17
        5363          219
        5364         7193
        5366          237
        5368         8121
        5369         1208
        5370         6338
        5373         2485
        5374         1501
        5375          635
        5376          830
        5384          703
        5385          213
        5392         1289
        5393          218
        5394         3129
        5399          709
        5408         6669
        5410          211
        5412         1858
        5413           72
        5416         3214
        5419          189
        5424         5386
        5431         1323
        5439          184
        5440          458
        5443         1061
        5444           97
        5446         1717
        5455         5018
        5456         5228
        5460          735
        5462         5157
        5465         6289
        5466          288
        5467          468
        5470          611
        5476         3252
        5485         1078
        5486         1365
        5490         6253
        5493         4788
        5497          812
        5498         3645
        5500         8434
        5504           10
        5507         5487
        5509            7
        5511         5896
        5512          163
        5514            0
        5526         1499
        5534         2829
        5537          227
        5548         3782
        5553         5009
        5558         2579
        5564         1403
        5571          125
        5572          863
        5575          520
        5576          278
        5577         2862
        5579           64
        5583          173
        5587         3647
        5589         2591
        5600         5860
        5601         3198
        5602         5733
        5606           48
        5610         2837
        5611         2583
        5614          152
        5618          377
        5622         6746
        5626         5048
        5633          561
        5637         6582
        5640         4432
        5644         2591
        5653         3361
        5655         8070
        5660           80
        5661         1180
        5664          115
        5672         1984
        5673         1722
        5675           40
        5676           47
        5677         1246
        5679         2773
        5680            7
        5684            0
        5687          325
        5690          419
        5692         1305
        5697         7625
        5698          805
        5699          814
        5701         8030
        5704          381
        5708         3107
        5716           61
        5718          894
        5719          422
        5729         7243
        5737         1420
        5741          826
        5747         1263
        5752         1541
        5756          153
        5762           17
        5764          131
        5767         5666
        5768          809
        5770         3354
        5775          329
        5781         4784
        5784          469
        5786            2
        5787          212
        5789           21
        5792          395
        5795          228
        5797         4356
        5799          325
        5802         6661
        5803          406
        5805         1753
        5807          513
        5812           43
        5818         9168
        5825         4973
        5828         1483
        5836          618
        5841         2313
        5844         9026
        5846         3713
        5851         3478
        5853         4689
        5866         7118
        5868          592
        5871         1798
        5877           40
        5880         1782
        5881         7419
        5883            3
        5884         1193
        5890          830
        5892          620
        5894           82
        5896         8140
        5897         2122
        5918         2411
        5927           38
        5932         7367
        5935          119
        5936         2954
        5939         1149
        5942          102
        5946          173
        5947           45
        5948           24
        5949          732
        5956         2299
        5958          171
        5960          858
        5962           49
        5963         3377
        5964          889
        5967          872
        5973          633
        5981          185
        5984          643
        5988         4661
        5989          794
        5992          225
        5999         1358
        6000         3710
        6001           62
        6004          168
        6007          228
        6008          739
        6013         2527
        6014         1875
        6016         1907
        6017         1209
        6019           54
        6022          622
        6026          702
        6028          376
        6035          647
        6037           31
        6043         2570
        6045         4614
        6047           93
        6050          958
        6053          304
        6055           20
        6056          154
        6058          436
        6059           17
        6064         1137
        6078         6095
        6081         3549
        6087          729
        6092          173
        6094         5999
        6096         7627
        6097         1159
        6100           61
        6101         1208
        6112         2716
        6114          167
        6119           60
        6122         5823
        6129          587
        6135         2425
        6139         6129
        6143          376
        6145           52
        6147          381
        6150          360
        6153          513
        6157          409
        6158          698
        6159         2693
        6161          604
        6173         1196
        6179           74
        6183         2717
        6185          592
        6194            0
        6198          813
        6200          857
        6220           86
        6221          730
        6224         3283
        6230          940
        6232         3071
        6233         1173
        6234          187
        6238           35
        6241         2920
        6242         2235
        6246         1999
        6250         3110
        6252          820
        6258          632
        6261           59
        6266            4
        6272           15
        6275         3528
        6278         1287
        6285         3062
        6291         1753
        6295          449
        6297           98
        6301          248
        6313           63
        6314         8545
        6315          884
        6325            9
        6326         3983
        6331         3129
        6334         6261
        6338          131
        6359         1671
        6365         2737
        6370         8225
        6372          112
        6373          141
        6376         1498
        6379          219
        6380         6142
        6381          120
        6383         5572
        6387           31
        6396            0
        6403           11
        6409          228
        6411         1686
        6414         1157
        6417          396
        6429         4164
        6430         6725
        6432         1050
        6436         1049
        6439           60
        6440         1632
        6441         4951
        6446         4595
        6450          340
        6451           59
        6456            6
        6457         2228
        6459          224
        6462         6404
        6463         1426
        6468         8201
        6469         3428
        6474          315
        6482          613
        6493           14
        6494         2191
        6495         3726
        6502           38
        6507          112
        6510         1532
        6516          660
        6520         2007
        6529         1335
        6532            7
        6536         4870
        6539          345
        6540         1158
        6541          609
        6545         1687
        6547          414
        6554            0
        6561          523
        6562         2601
        6564           95
        6565         6616
        6567           90
        6568         5688
        6575         9059
        6577         4288
        6582          131
        6584           38
        6585          420
        6586            1
        6587         4356
        6592            1
        6593         5893
        6594         1573
        6595         2159
        6597           37
        6599         2482
        6602           63
        6610          378
        6613         3528
        6615          571
        6623          984
        6626         4308
        6636         8266
        6646          592
        6649         2047
        6652           83
        6654         2403
        6656         1165
        6657         4792
        6660           20
        6662          346
        6663         5831
        6666            0
        6670          772
        6676          162
        6679         1601
        6680         1199
        6689         6715
        6694           58
        6699          718
        6703         3967
        6704         3220
        6705            0
        6711            4
        6714         8946
        6715           32
        6716          475
        6719            0
        6720          744
        6721          635
        6726          109
        6730         2859
        6732         1379
        6734           83
        6737         1883
        6744         4964
        6748         4796
        6750          729
        6752         3114
        6754         2775
        6756          297
        6766          438
        6773         4896
        6777            0
        6782          203
        6786          122
        6787           42
        6793         3722
        6795          145
        6796          101
        6802          896
        6809         8566
        6814         1602
        6817         1331
        6819         2274
        6831         4320
        6834           77
        6841           60
        6847         4156
        6849          779
        6854          778
        6856         2191
        6857           55
        6859         5467
        6863          879
        6866         1880
        6867         7012
        6871          493
        6872          247
        6874         6721
        6877         4528
        6879         1706
        6881            1
        6894          569
        6899         8703
        6902         5829
        6911          182
        6912          442
        6913         1672
        6914         1986
        6927         3235
        6930         6114
        6934           90
        6937         7575
        6940           15
        6945         2596
        6951         3231
        6955          385
        6956         1081
        6957            0
        6963          288
        6965            0
        6966         2635
        6975          463
        6986         6696
        6989          275
        6992            0
        6993         5178
        6996          534
        7003          968
        7007          170
        7008         1205
        7009           17
        7014         3659
        7016          676
        7018         5919
        7019         2471
        7035          169
        7039         7644
        7053           41
        7054         4083
        7056          805
        7066          288
        7067         1035
        7074         2743
        7077         2325
        7105          555
        7107          455
        7108           36
        7113         6473
        7117         2586
        7118          655
        7132         3797
        7137         1979
        7138          520
        7153         5379
        7154         4064
        7169          155
        7170         2766
        7173         2621
        7180         1207
        7194         2990
        7195         1445
        7200         2233
        7206          610
        7217         1472
        7220         7257
        7231          507
        7234         3335
        7239            0
        7241         1072
        7246            8
        7248         1636
        7251         1287
        7260          512
        7276         3178
        7280         1170
        7281         7044
        7289         4239
        7298         9117
        7299          340
        7308         1057
        7332         3575
        7333         2491
        7334          210
        7344          936
        7353         1340
        7361         3100
        7362          220
        7365          994
        7366         3178
        7379          179
        7380         1218
        7383         3070
        7385         5510
        7392           26
        7396          210
        7405         1251
        7406         2600
        7407         3561
        7414           95
        7416         6055
        7436           18
        7438         6915
        7442            2
        7448          761
        7449         1130
        7450         8672
        7454         1691
        7459         3437
        7477         5048
        7478         6857
        7486           10
        7488          513
        7492         1244
        7494         9119
        7497           47
        7498          477
        7508         3517
        7511         5973
        7513            0
        7515           22
        7523          710
        7524          383
        7525            0
        7535         4741
        7540          936
        7542           57
        7544         6550
        7553            0
        7557         1251
        7565            0
        7568         5421
        7572         2407
        7589           13
        7597          104
        7601         1341
        7602          320
        7604         2735
        7605          379
        7607         7254
        7610          475
        7611           43
        7612            4
        7615          220
        7624          901
        7639         1583
        7642         5370
        7645          106
        7653         4387
        7663         1516
        7671          205
        7672          583
        7674         1674
        7699          343
        7700           18
        7704         1139
        7709         1035
        7714           52
        7715         7257
        7716           60
        7732          404
        7738         3229
        7743         3316
        7749         8157
        7751            0
        7759          750
        7766           10
        7774           92
        7781            7
        7787         1530
        7789         1480
        7790         7741
        7793         1083
        7805            6
        7812         2647
        7823         5900
        7832          127
        7833         4232
        7836          962
        7844           12
        7859         5704
        7867         1042
        7868         7631
        7871          404
        7872           21
        7876          232
        7877         1140
        7879          168
        7884         3487
        7892          414
        7895         1137
        7896           70
        7902         2956
        7923         3364
        7927          223
        7928         7037
        7929          220
        7937         3747
        7943         8239
        7944          258
        7945            0
        7948         8261
        7950         5939
        7957          256
        7961          272
        7976         2321
        7977          823
        7989          104
        7991           90
        7996          401
        7997          380
        7998         2667
        8000          150
        8001           27
        8004         6388
        8005          954
        8006         3333
        8010            4
        8039          269
        8042          123
        8044          122
        8045         2319
        8047         3045
        8049         1996
        8060         4289
        8070         6637
        8075           19
        8076         1016
        8078            3
        8092           47
        8094         4585
        8100           88
        8103          552
        8107         2211
        8119           61
        8127            8
        8129         4959
        8134           47
        8141         4306
        8145         4845
        8155         1039
        8161          308
        8163           93
        8171           17
        8194         1127
        8200         2175
        8201          588
        8204         2499
        8210          535
        8214          334
        8217            5
        8221         6242
        8230          918
        8240            0
        8253         4845
        8259         4336
        8268         1323
        8269         8214
        8282         1983
        8289         1752
        8294          386
        8321          276
        8323          392
        8324         2303
        8325         5013
        8343          577
        8344          806
        8347         1478
        8349           98
        8352           97
        8365         3970
        8371          115
        8392         1234
        8393         3429
        8394           31
        8401           64
        8407         5281
        8411          150
        8412         1405
        8421           12
        8431         8290
        8432          948
        8434         3616
        8442          209
        8454         3179
        8467           91
        8471         3582
        8472         4990
        8473           55
        8494          401
        8508           75
        8510         5192
        8513            8
        8516         3223
        8518          765
        8520            1
        8521         3264
        8525         1386
        8528         2460
        8541         6787
        8585          249
        8606         8523
        8613         1309
        8614          366
        8619            1
        8622            0
        8643          166
        8658         5336
        8668           25
        8701         7867
        8702           37
        8720         1023
        8732         3766
        8742          401
        8746         2556
        8758          108
        8777         1436
        8782         3184
        8790         1150
        8793          422
        8805         2761
        8808         3302
        8820          671
        8831          276
        8833            1
        8836         1849
        8844            0
        8850         5899
        8851         4795
        8858           61
        8868          576
        8884         5141
        8887         4497
        8897          628
        8905         7980
        8934           41
        8941         2076
        8943          773
        8948           71
        8951         1152
        8952         1283
        8964         2041
        9001         5361
        9015         7751
        9019         2146
        9047         9217
        9063         5577
        9065          320
        9091            0
        9097            7
        9104         1157
        9111         6251
        9114         8084
        9118          428
        9120         3315
        9129          553
        9130          453
        9139           11
        9143          602
        9145         6677
        9150          725
        9160          826
        9163         4062
        9170          768
        9171         2066
        9190          260
        9195         3085
        9196          260
        9200         4487
        9209         1933
        9213         1092
        9222          140
        9228          341
