# HaloID(1) HaloID(2)
           0            0
           1            1
           2            2
           3            3
           4          815
           5          538
           6            6
           7            1
           8            8
           9         1414
          10         6608
          11            7
          12           76
          13          168
          14           13
          15         1285
          16            0
          17          791
          18           93
          19         1802
          20         7196
          21          123
          22          916
          23          521
          24          105
          25           46
          26          759
          27           33
          28            1
          29          585
          30          158
          31         2277
          32           31
          33         2840
          34         1759
          35         7889
          36         2554
          37            3
          38          232
          39         2289
          40         1536
          41         1292
          42         4249
          43           79
          44            9
          45         3468
          46           45
          47           24
          48          410
          49         1272
          50          297
          51            5
          52          319
          53         1011
          54           24
          55         3729
          56           86
          57         4642
          58           56
          59           58
          60           61
          61         5942
          62           62
          63         2168
          64          111
          65         1415
          66          641
          67         1211
          68         1002
          69          112
          70           69
          71          340
          72         3372
          73          170
          74         5270
          75         7018
          76         2870
          77         3545
          78         7378
          79          783
          80          613
          81         2742
          82         7408
          83          720
          84          247
          85           87
          86          909
          87          254
          88         2137
          89          497
          90         1059
          91         7115
          92          583
          93         3018
          94         7376
          95         2296
          96         7452
          97           50
          98           12
          99            4
         100          366
         101          712
         102          102
         103         4811
         104         4046
         105         2699
         106          785
         107           20
         108         6187
         109         5788
         110         4783
         111         2170
         112         2322
         113         3189
         114         6423
         115          873
         116          678
         117           21
         118         5020
         119         8614
         120            9
         121         8313
         122         2690
         123          549
         124          760
         125         1886
         126         5485
         127         1722
         128           21
         129         4897
         130          948
         131         4027
         132         1124
         133           28
         134          359
         135           14
         136         1828
         137         7713
         138         1158
         139         1299
         140         8337
         141         5273
         142          353
         143         1070
         144          564
         145         6827
         146         1201
         147         1260
         148          353
         149          954
         150           70
         151         8159
         153         4574
         154         1288
         155         3291
         156         3251
         157           21
         158         1312
         159           40
         160          821
         161         3140
         162         2066
         163          903
         164         1667
         165         1289
         166         1033
         167         1119
         168          405
         169          315
         170         5177
         171         3714
         172         2910
         173         8631
         174         2872
         175         6409
         176         2601
         177          345
         178          253
         179          649
         180          948
         181         2461
         182          181
         183         6166
         184         2586
         185         1038
         186          183
         187         6390
         188         2763
         189          104
         190         8956
         191         2787
         192          130
         193          621
         195         2195
         196          938
         197         5411
         198          526
         200         3704
         201         1973
         202          335
         203          116
         204           45
         205         1670
         206         2097
         207           88
         208          208
         209         4029
         210           33
         211          311
         212         2945
         213          228
         214           58
         215         9327
         216         1708
         217         1345
         218          142
         219         4278
         220         5979
         221          220
         222         3574
         223          343
         224         3254
         225         1061
         226         1537
         227         1405
         228          174
         229         7073
         230          552
         231         3988
         232         3566
         233         7498
         234           67
         235           90
         236          526
         237            2
         238         1782
         239         2261
         240           21
         241          511
         242          889
         243         1010
         244          721
         245          753
         246          615
         247            7
         248          533
         249          906
         250           43
         251         1603
         252         4759
         254         2575
         255         3220
         256          509
         257         1950
         258          598
         259          919
         260           14
         261          169
         262         2119
         263         6266
         264         9297
         265         2123
         266         5511
         267            7
         268         2967
         269          297
         270         4955
         271            7
         272           57
         273         1988
         274         2137
         275         2311
         276         1964
         277         3780
         278         4432
         279          874
         280         3720
         281          372
         282         4075
         283          282
         284          247
         286         1814
         287          391
         288         3035
         289           14
         290         1367
         291         2420
         292          167
         293          913
         294         3679
         295         7886
         296          493
         297         8392
         298          281
         299         6416
         301         6814
         302         2455
         303          795
         304         7753
         305         3316
         306           85
         307           12
         308         1295
         309         4137
         310         5284
         311           33
         312            0
         314         1338
         315          588
         317           15
         318           43
         319          572
         320          325
         321          473
         322         1653
         324         1263
         325          915
         327          191
         328          303
         329         1645
         331         8122
         333           70
         334         2617
         335           50
         336         1330
         337         2093
         338         5980
         339          356
         342          341
         343         4446
         344         2000
         345         2898
         346         3089
         348         2222
         349         2313
         350         9016
         351          367
         352         3406
         353           34
         354         3613
         356         1633
         357          487
         358          487
         359           70
         360          387
         361          859
         362         5323
         363          192
         364         5854
         365         1337
         367          178
         368          830
         369         1338
         370         3646
         371           76
         372          405
         373         8547
         374          635
         375         2136
         376          140
         377         2437
         378          151
         379         1519
         380            1
         381           27
         382         5908
         383         1057
         384         3005
         385         2248
         386          468
         387          158
         388           37
         389          799
         390         8176
         391          787
         392         3694
         393          392
         394         8280
         395          289
         396         1461
         397          222
         398         5144
         400         1964
         401         5244
         402         4474
         403         2156
         404          650
         405          919
         406         4254
         407         2241
         408         1575
         410         7862
         412         8921
         413         5332
         414         3786
         415           17
         416         3131
         417         3545
         418         1374
         419         1284
         420         4581
         421         3033
         422         2319
         424         7130
         425         5607
         426          747
         427           40
         428         5201
         429          153
         430         4771
         431         3242
         432           12
         433         2184
         434         1405
         435           12
         437          604
         438         4341
         441         1420
         442         6026
         443         8374
         444         4070
         446         2828
         447         1569
         449          228
         450         5347
         451          381
         452         8486
         453         4393
         454          110
         455          907
         456         1964
         457         6331
         458         1656
         459         1974
         460          369
         461         7714
         463         2387
         464         3694
         465         8796
         466         5093
         468         4488
         469         2961
         470         8860
         471         2502
         472         5840
         473         9459
         474         1695
         475          703
         476         1850
         477          854
         478          384
         479          498
         480         1230
         481         1292
         482         4799
         483         4491
         484         4250
         486          206
         489           63
         490         1390
         491         2146
         493         8005
         494          294
         495          311
         496          409
         497           13
         498          105
         499          614
         502          188
         503         2974
         504         2442
         505            7
         506         4758
         507         1211
         508          950
         509         1788
         510           54
         511          101
         512         3860
         513         1230
         514          512
         516         5032
         517           28
         518           41
         519          634
         520          172
         523           58
         524          519
         527         1527
         528          606
         529           50
         530         3596
         531           12
         532         4688
         534         3034
         535          543
         536          192
         537          530
         538         1409
         539          128
         540          535
         542            2
         544           16
         545         3565
         548         8681
         549          954
         550           33
         551         6523
         552         5386
         553         3344
         554            0
         555         1385
         557          294
         558         3220
         559         6412
         560          281
         561         6452
         562         7781
         563         2111
         564         1727
         565         2257
         566          469
         567         4075
         568           85
         569         6916
         570            0
         571         7838
         575         7746
         576         1335
         577         1241
         578         4602
         579            7
         580         7109
         581         1408
         582         5326
         584         4487
         585            0
         586         2017
         587         1216
         588          123
         590         4204
         591         4483
         592           42
         593           33
         595         3464
         597         2329
         598          159
         599          155
         600         4213
         601         2411
         602          303
         603         1622
         604           51
         605         5954
         607          175
         608         4963
         609         4200
         610         8529
         611         5575
         612         7301
         613         1393
         614           26
         615          564
         616         1028
         617          791
         618           79
         619         8280
         620         3331
         621         5506
         622          464
         624           33
         625         6278
         627         4312
         628          354
         630         2952
         631         4227
         632         1588
         633          230
         634         2704
         635         1829
         637         1733
         638          293
         639         6519
         640         5512
         642          180
         644         3301
         646         1396
         647           80
         648         1475
         650            7
         651         1400
         653         6142
         654           24
         655         5841
         656         6047
         658         1492
         659          273
         660         4929
         661         8557
         663         3226
         664          912
         665         2699
         666         3569
         667            0
         668         2685
         669           58
         670          828
         671          280
         672         5793
         674         2385
         675         4319
         676         3369
         677         1042
         678          340
         680          400
         681         1272
         682          740
         683         2022
         684          684
         685         7362
         686          469
         687         8824
         688         1542
         689         1497
         691         7585
         692         7563
         693         5789
         694         2407
         695           50
         696         1334
         697         1214
         698         1657
         699         2236
         701         8993
         702         1149
         704          961
         706         5586
         707         2841
         708          164
         709         3427
         710          304
         711          927
         712           42
         713          720
         715         5864
         716          359
         719         6514
         720          348
         721          111
         722          917
         723         7692
         725         4227
         726         6596
         727         6047
         729          330
         730         3847
         731          555
         734            4
         735         4554
         736         3325
         737           31
         742         1288
         744          828
         745          212
         746         4127
         748         1164
         749         7196
         750         4613
         751         7011
         752         6744
         753          864
         755         1905
         757         2870
         759         1638
         760          746
         761         1398
         762         3151
         763          412
         764         8475
         765          120
         766         5657
         767         5117
         768         9736
         770         1288
         773         4155
         776         7147
         777         2325
         778          142
         780          620
         781         5433
         782         2877
         784          169
         787          927
         788         4998
         789         3190
         790          165
         791          159
         792          133
         793          499
         795          237
         796          637
         797           24
         798         4432
         799         6540
         800          118
         801         1144
         802         6540
         803          169
         807         2299
         808         6303
         809          131
         810         1505
         811         4246
         812         5850
         813         8338
         814         2322
         816         7743
         817         4191
         818          174
         819          751
         820           76
         821         2358
         823          767
         824          554
         825         7305
         826           78
         827         6783
         828         4576
         829           35
         830         2472
         832         4137
         833         1522
         834          833
         835         1170
         836          158
         837          112
         838           23
         839           34
         840          162
         841         3435
         842          573
         844         5558
         845           37
         849          303
         850         6449
         851          113
         852         2977
         853         7238
         854         2967
         855         7861
         858         4786
         859         3561
         861         4110
         862          848
         863          514
         865          605
         867          213
         868          524
         869         2464
         870           91
         871           11
         872            3
         873           38
         874            0
         875         2587
         876          172
         879         3762
         880         7033
         881         2172
         883          597
         884           12
         885         1902
         887          525
         888         2806
         889         8735
         890          246
         891         1474
         892         7762
         893         8616
         894          315
         895         3175
         896          552
         897         1248
         899          197
         900          443
         901         9691
         902         5862
         903          127
         904          769
         907          901
         908         1080
         909          765
         910         1129
         911          232
         912         6998
         913          352
         914          799
         915         1001
         916         1680
         917         5552
         918         2512
         919         3061
         920         9657
         921         5262
         922            4
         923         4457
         924         8226
         925         1754
         926          541
         927         2741
         928          357
         929         7358
         931          165
         933          211
         935         7806
         936         2934
         940          230
         941         4937
         942          653
         943          329
         944          161
         945         7998
         946           24
         947         2063
         948          938
         949         7887
         950          198
         951         1417
         952         7675
         953          245
         954          558
         955         5305
         956         2461
         957         1457
         958          361
         959         1424
         960          120
         962          955
         963           91
         964           35
         966          689
         967           43
         968         6727
         969         3096
         970            0
         972          116
         973          420
         975          611
         976          345
         978          343
         979          435
         980          713
         981         3152
         982         3412
         984         2450
         985         2320
         986         6178
         987          220
         990         1975
         991           42
         992         1185
         994          894
         997         7681
         999         5177
        1000         1356
        1001         3752
        1002         1473
        1003          925
        1004         1594
        1005         3608
        1006         8461
        1007         8590
        1008         3296
        1009            0
        1010         9211
        1011          666
        1012          408
        1014           98
        1015         3531
        1016         1243
        1017           61
        1019         1016
        1020         3561
        1021         3221
        1022         8188
        1023         4307
        1024          202
        1025         1603
        1027            8
        1029         8743
        1030         8282
        1031          726
        1032          343
        1033         2298
        1034          597
        1035          131
        1036         9290
        1037          924
        1038         3194
        1039         1664
        1041         3337
        1042         1253
        1044         9200
        1045            6
        1046         3707
        1047         1471
        1048         1967
        1049         3533
        1051          613
        1053         2839
        1054         1923
        1055         7452
        1057          477
        1058          997
        1059          249
        1061         7242
        1062          497
        1063          327
        1064         3957
        1067           85
        1069         6561
        1071          787
        1072           17
        1073          400
        1074         1089
        1075          849
        1076         5689
        1077          919
        1078         1398
        1079         6141
        1081           19
        1083          509
        1084         1092
        1086           79
        1087         2957
        1088         1186
        1089          539
        1090          105
        1091           85
        1094         3377
        1095          422
        1096         2437
        1098         3522
        1101          163
        1102           35
        1103         2124
        1104          349
        1105         2375
        1106            1
        1107         3684
        1108          448
        1109         1003
        1110         7331
        1112         2634
        1113         4596
        1115         1057
        1116           28
        1117          957
        1119          395
        1120         1525
        1121          169
        1122          535
        1123          699
        1125         9137
        1127         2312
        1129         4086
        1130         1245
        1131          524
        1132         1193
        1133         1701
        1134         5002
        1138         3637
        1139         6543
        1140         6429
        1141         1129
        1143         1351
        1144          246
        1145         5851
        1146           33
        1147         1832
        1149         5979
        1151         1432
        1152         7800
        1153         2097
        1154          347
        1155           50
        1157         1386
        1158         1008
        1160         4862
        1161          729
        1163         2444
        1164         2511
        1165          969
        1166         3374
        1168         5376
        1170         6543
        1173         1170
        1174         1877
        1177         1162
        1178         3983
        1179         5895
        1180         7361
        1181         1678
        1182          836
        1183         3988
        1185         5299
        1186         1312
        1188         3303
        1190         3104
        1191           58
        1194         3622
        1195          369
        1196           29
        1197         4786
        1198         1190
        1200          441
        1201           18
        1203          217
        1204         2187
        1206         6409
        1207         1472
        1209          511
        1210         8735
        1213           99
        1215          166
        1216         3888
        1217         7038
        1218          555
        1219         2657
        1220         3549
        1223           30
        1224         7596
        1226          818
        1228         1548
        1229           85
        1231           25
        1232         1930
        1233          360
        1235         1467
        1237          381
        1239           65
        1241          320
        1242          231
        1243         1175
        1244          633
        1245          424
        1246          105
        1247         3160
        1249          100
        1250         1031
        1253         2341
        1254          260
        1255         2136
        1256            0
        1258         3222
        1259         1881
        1261         1246
        1262         4783
        1263         7785
        1265          146
        1266         7452
        1267          481
        1269          238
        1270         3213
        1271         8827
        1275         8679
        1277          300
        1278         7013
        1279            0
        1280         1348
        1281          319
        1282         4494
        1284          260
        1285         2901
        1286         6137
        1288         2261
        1290          945
        1291         1375
        1294          877
        1295         2245
        1297         5815
        1299         2896
        1300          383
        1301         1282
        1302           46
        1303            9
        1306         9024
        1313          812
        1314         7744
        1315         1012
        1316          564
        1317          220
        1318         1220
        1319         5158
        1320         1588
        1321         1388
        1322           79
        1326         2986
        1330         3364
        1331          101
        1333          565
        1335          690
        1336          458
        1337         6735
        1338          919
        1340         1195
        1341          369
        1343         1331
        1346         2492
        1347         1619
        1349         3502
        1351           19
        1354           32
        1355          237
        1356         2690
        1358         1249
        1359           58
        1360          649
        1361         4962
        1365          724
        1366         1351
        1367         2759
        1369          148
        1370         4681
        1373            7
        1375         5896
        1376         9046
        1378           85
        1379         1314
        1381         2428
        1382         3542
        1383         1365
        1385         1377
        1387         1686
        1389         4356
        1392         8527
        1393          246
        1394          469
        1396          638
        1397          372
        1399         1505
        1405         8944
        1406         8706
        1407           25
        1409           21
        1410          529
        1414         3309
        1417            9
        1419         1190
        1421         7943
        1422         1719
        1423         1384
        1424         1459
        1425         2690
        1427         6789
        1428         8263
        1430         4777
        1431         4974
        1432         3264
        1433          150
        1435         3307
        1436         8715
        1437         1008
        1439           76
        1440         1497
        1441           68
        1445          196
        1446         2156
        1447         2752
        1449         6845
        1450          244
        1452         2264
        1455          354
        1456         3455
        1457         2394
        1459          305
        1461         1818
        1463           51
        1464         2745
        1465         9130
        1466         2598
        1469          687
        1470         2285
        1472         5665
        1473         7753
        1474          985
        1476          448
        1477         4846
        1478          104
        1482         3072
        1484         5049
        1485         3694
        1489         1421
        1490         4854
        1492         6341
        1494         2350
        1495           84
        1497            4
        1498         4468
        1500           45
        1501          245
        1502           17
        1503           19
        1504          232
        1505          378
        1506           49
        1508          281
        1509         1154
        1511          302
        1512         1241
        1513         1042
        1515         1569
        1516          282
        1520         2818
        1522         7823
        1523         4054
        1524          102
        1525         8178
        1528           78
        1529         1709
        1531          505
        1538         4226
        1539           43
        1541         2478
        1543         6759
        1544           22
        1546           25
        1548         5018
        1550         3074
        1551         1543
        1552          239
        1553          418
        1554         2990
        1555         9578
        1556          795
        1557          181
        1559         1352
        1560         1065
        1561          866
        1562           91
        1564          310
        1565          279
        1568         3203
        1569         5809
        1570          394
        1573         7369
        1576          523
        1577         1566
        1578         8592
        1581           85
        1582          588
        1584         4678
        1587         9006
        1588         5267
        1590         1598
        1592         1119
        1593         6793
        1594         4200
        1595         6127
        1599           58
        1602           17
        1603         8235
        1604         6621
        1606          686
        1607         1798
        1608         8384
        1610            6
        1611         3743
        1613          165
        1615         5012
        1618         5687
        1619           61
        1621           21
        1623          567
        1624         2593
        1625         4927
        1628          972
        1629           90
        1631         5275
        1633         4470
        1634         5680
        1635          133
        1636          260
        1637         8216
        1638         3557
        1640          299
        1642          942
        1644         2430
        1645          511
        1646          935
        1649           86
        1652           32
        1654           33
        1655         7134
        1660         1107
        1662            1
        1663         2617
        1665           81
        1666         9119
        1667         1368
        1669            4
        1672         2066
        1674         3307
        1675         1577
        1677          102
        1679          190
        1681           73
        1687         8313
        1688         5267
        1689         5839
        1692         1008
        1693         1623
        1694           24
        1695         1682
        1696         2289
        1698           26
        1699         4487
        1701         1689
        1702         1572
        1703            0
        1704         2641
        1705           81
        1708         1697
        1711          245
        1712          253
        1713         1080
        1714          347
        1715            4
        1716         2911
        1718          684
        1719         2810
        1720          890
        1721         7575
        1722         5829
        1723          585
        1724         5416
        1727           28
        1728         4329
        1736          130
        1737         1636
        1738          162
        1740         3222
        1741         4073
        1742         2530
        1743         1251
        1744            0
        1745         1325
        1747          191
        1749           14
        1750         3304
        1751           37
        1752          405
        1755         2785
        1756         2882
        1757           28
        1758           10
        1759          814
        1761         1705
        1762         8786
        1763         6583
        1766         4062
        1768         1334
        1771         1092
        1773         5681
        1774         2917
        1777           12
        1778          988
        1779            0
        1780         4443
        1783         6653
        1788         5908
        1789         1241
        1790          545
        1792         3022
        1794         2960
        1797           83
        1799         4691
        1800         3862
        1802         4121
        1804         2421
        1805         1023
        1811         4038
        1812          701
        1813          917
        1815         1478
        1819         4783
        1821          600
        1822          854
        1823         6444
        1824          197
        1826           17
        1829          850
        1831          153
        1832          523
        1834         3323
        1835          266
        1836         2405
        1838          899
        1842         1079
        1844         1495
        1845          606
        1847         1920
        1848         1860
        1850           10
        1852          887
        1853         1776
        1857         2842
        1860         1537
        1861         6081
        1862          888
        1863           22
        1868          215
        1870         1522
        1872         1151
        1877          133
        1881         4752
        1882          245
        1887          103
        1889         1400
        1892         5066
        1894         3790
        1897          175
        1898         1062
        1902          782
        1907         8640
        1910         7712
        1914          153
        1916            0
        1917          421
        1918          430
        1919          818
        1920         2823
        1922          189
        1923         1547
        1925          121
        1928         1758
        1929         2045
        1930         6810
        1936            4
        1937         1023
        1938         2907
        1939         7586
        1941          244
        1942          113
        1943         1981
        1944          542
        1945         4013
        1946         1462
        1947          169
        1948          356
        1950         8946
        1952         3023
        1954          268
        1955         1437
        1956         1057
        1958           17
        1959         9297
        1960          311
        1961         1364
        1964         5657
        1965          186
        1970          104
        1971         2221
        1972         4023
        1973         4088
        1977          170
        1979           10
        1982          383
        1984          195
        1986          678
        1988         4962
        1992          550
        1994          684
        1995         4121
        1996          135
        1997         1698
        1999           85
        2002         4384
        2004          209
        2005         1781
        2006            6
        2009         1843
        2011         6055
        2012         5973
        2013          178
        2015            4
        2020          729
        2022         5072
        2024           20
        2025          444
        2027          216
        2029         2602
        2030         2715
        2031         2036
        2033          787
        2035         1868
        2036          955
        2040         1655
        2041          116
        2042           78
        2044         3137
        2046          751
        2048         4862
        2050         1109
        2052          945
        2053         4780
        2054         5273
        2055         8308
        2056         3406
        2059         7952
        2060          516
        2063         2525
        2065          369
        2067         4503
        2068          127
        2070         1133
        2072          866
        2073          271
        2075         3295
        2076         1370
        2078          280
        2082         2093
        2083          210
        2084          206
        2087           42
        2088          350
        2089          105
        2095         1112
        2098          391
        2100           77
        2101            3
        2102         1036
        2103         6965
        2104         2250
        2107         2124
        2108          292
        2111         9130
        2112           83
        2113          240
        2114          171
        2115         5824
        2117         1210
        2118          168
        2122         4827
        2123          350
        2126          268
        2127         3959
        2129         3563
        2131         8371
        2132         1366
        2135         1633
        2141         6234
        2142           17
        2143         3638
        2147         5756
        2150         8880
        2151            0
        2152         6553
        2153          769
        2157          265
        2161         3951
        2162          135
        2163         1338
        2164         8257
        2165          158
        2166          206
        2168         1726
        2171           67
        2172         2262
        2174         1739
        2175         3467
        2180         1624
        2181         6853
        2182          102
        2185          547
        2188          715
        2189          983
        2191         3394
        2192         3386
        2193         5033
        2194         5979
        2196           12
        2199          169
        2201         2261
        2204         1220
        2206          912
        2208         1036
        2210          842
        2215         1188
        2216         2247
        2217          246
        2221          208
        2222         1090
        2223          232
        2225         1915
        2226         7588
        2227          414
        2229          144
        2230          399
        2231         5499
        2232          523
        2234         2206
        2236         2212
        2237           72
        2238          767
        2240          338
        2241         4619
        2243         5663
        2244         6450
        2245            9
        2248         2243
        2249          142
        2252         1928
        2253         7237
        2255         3960
        2256          133
        2261         2068
        2263         6409
        2264          973
        2271         1967
        2272           30
        2273            0
        2276          647
        2277         1134
        2278           73
        2285          265
        2292           37
        2295         7089
        2296         8956
        2297            4
        2299         1531
        2302         4164
        2305         9741
        2306           52
        2308          487
        2310         1277
        2312         1196
        2315         8742
        2322         7714
        2324         1199
        2326         2307
        2327            6
        2329          803
        2331          574
        2334         3769
        2336         1090
        2337         1656
        2338         4307
        2340         2701
        2342         2242
        2343          131
        2344          217
        2348         8265
        2349         2375
        2353          475
        2355         2588
        2358          360
        2359         6707
        2362           88
        2366         5082
        2370         1044
        2371         7702
        2373         6827
        2375          169
        2376         4713
        2377         5282
        2381         2669
        2383         5010
        2385           60
        2386         6850
        2390         2313
        2391         6041
        2392           25
        2393         1548
        2394           12
        2401          186
        2402         2242
        2405         7389
        2406         4124
        2407         2270
        2408         6988
        2410         1703
        2412            0
        2414          172
        2415          181
        2416           35
        2417         2197
        2419         5736
        2420         5350
        2423          985
        2425         3464
        2426          565
        2427         3075
        2430           72
        2431            0
        2433         5546
        2434          348
        2441         2779
        2443          844
        2444         2656
        2445           84
        2450          473
        2456          206
        2457         2741
        2458          303
        2459         3646
        2461         4075
        2462         2605
        2463          175
        2466         2244
        2467           22
        2468           30
        2471         1674
        2473          942
        2475         1263
        2476          191
        2479           42
        2481          182
        2484          123
        2485         7243
        2490         8394
        2493         4520
        2494          456
        2495         5817
        2497         2469
        2498           94
        2499         9130
        2502           91
        2504         2586
        2506         5508
        2507            0
        2508         4395
        2509          111
        2510          342
        2513           67
        2517          392
        2518          996
        2519         6165
        2521          427
        2522         1352
        2523         5587
        2524          130
        2530         3322
        2531          941
        2532         7770
        2533         4178
        2534         1167
        2535         3894
        2536           70
        2541           88
        2542          969
        2543         4681
        2544         2749
        2545         1437
        2547          207
        2548         1297
        2550           30
        2551            1
        2552          873
        2554         3202
        2555         3059
        2560         1954
        2561         2487
        2562           73
        2563         2974
        2567          286
        2569          948
        2571          927
        2572           81
        2573         2785
        2574          171
        2582         6852
        2584          463
        2585           94
        2586          441
        2587         5235
        2594         3804
        2596          716
        2597          124
        2599         3729
        2601         7074
        2602         5630
        2607         1166
        2608          186
        2609         2226
        2612          909
        2613         6511
        2614         3679
        2615         1344
        2616         4676
        2621         5469
        2624         3413
        2625           92
        2626         2797
        2628          209
        2629          332
        2634         3066
        2635          115
        2639          572
        2640         1369
        2641         1588
        2642          227
        2648         2695
        2649         1882
        2650         3078
        2653         2495
        2654          399
        2655         1943
        2656         1682
        2657         1391
        2659         4809
        2660          498
        2663           37
        2664           38
        2669          550
        2671         2446
        2675         1585
        2676          399
        2677          158
        2679           25
        2683         5454
        2684          170
        2688         1282
        2689           10
        2692          209
        2693          195
        2696         9392
        2699         4231
        2700            0
        2701         2212
        2703           87
        2705          569
        2706          302
        2708          122
        2711         3308
        2713         4507
        2717          374
        2720          273
        2721          372
        2722         4727
        2724         8605
        2726         1584
        2727            0
        2728         3222
        2730         2104
        2731         1058
        2733         2036
        2735         3701
        2738         4216
        2743         4137
        2744           65
        2746         7741
        2747          340
        2749         8410
        2751          742
        2752         5379
        2757         2087
        2759         8763
        2760         1062
        2761         5020
        2763         9297
        2767         2816
        2768         3275
        2771         1020
        2773         2156
        2785         7017
        2786          175
        2789         1679
        2790            0
        2791           78
        2792          107
        2793           19
        2795         9757
        2798            2
        2799           49
        2802          347
        2805          451
        2806         6991
        2807           32
        2808          123
        2810         5158
        2811         3517
        2813         2392
        2815         2288
        2816         3943
        2820         2335
        2821          105
        2822          948
        2826         3653
        2829          119
        2831          448
        2832         2128
        2835         3680
        2836          759
        2837         4794
        2839           12
        2842            4
        2843            6
        2844         1765
        2847         1600
        2849         2742
        2850          898
        2853         5944
        2854          421
        2855         7877
        2856           99
        2857            0
        2859           28
        2862         3020
        2863           36
        2864          326
        2865          283
        2866          469
        2868          435
        2869          958
        2870         4050
        2874         2272
        2878          380
        2884         1065
        2888         1772
        2891         1739
        2892         1648
        2893         1144
        2897         8356
        2899         1271
        2901         7253
        2904          186
        2906         3569
        2908          746
        2912         7456
        2917         5807
        2920         2112
        2921         1842
        2922          283
        2925            9
        2930          432
        2935          605
        2937         1439
        2938            2
        2939           15
        2940         4065
        2943           24
        2951          637
        2954            7
        2955         1682
        2956          345
        2958         4481
        2960         3968
        2962          155
        2964          428
        2965         2320
        2969          101
        2970         4736
        2971          288
        2972           35
        2975         4647
        2977            8
        2978         3267
        2980          168
        2985         4032
        2986         2940
        2988          925
        2992         1581
        2995          295
        2997         2728
        3000         1580
        3002         6601
        3004           58
        3005         1255
        3007         3349
        3008          615
        3009         2601
        3010          414
        3011          204
        3013         8147
        3014          191
        3015          957
        3017         3053
        3022          333
        3028         8542
        3031            5
        3033         5053
        3035           17
        3037         3381
        3039          983
        3041         7071
        3042         3286
        3045         1022
        3047          741
        3052          549
        3053          272
        3055          329
        3060         2442
        3064          111
        3070          273
        3071          505
        3072         2410
        3073         2164
        3076         2535
        3078          353
        3079           64
        3080          353
        3081         9225
        3083         2184
        3087         4857
        3089           10
        3090         7340
        3093          193
        3096           95
        3097         6213
        3098           81
        3099         2689
        3101         1996
        3107         1396
        3109          124
        3111           11
        3112          220
        3114           61
        3115          192
        3116         1453
        3117           50
        3119           42
        3122          154
        3125         3806
        3129          102
        3130          105
        3131         1139
        3132         5191
        3136          270
        3137          700
        3138           43
        3139         7374
        3146          356
        3147           33
        3149         4739
        3150         4083
        3154           67
        3155         7252
        3160         3549
        3161            5
        3166          565
        3167          210
        3168            0
        3176            5
        3177           29
        3178          699
        3186           43
        3187         3983
        3190         3175
        3191         7798
        3194          277
        3198         8335
        3199         4662
        3200          272
        3202            9
        3205         1210
        3206           24
        3208           31
        3209         1842
        3213         3191
        3214         6585
        3215          606
        3218          495
        3221         5508
        3223          122
        3225         2415
        3227           64
        3231         5350
        3236         1983
        3237          516
        3238          136
        3241          127
        3243         1208
        3244          887
        3246         7201
        3248          119
        3249         3147
        3251         1384
        3253         6816
        3255         2952
        3257         2949
        3261          220
        3262            2
        3263          135
        3264         5916
        3265          169
        3268         1516
        3269          607
        3271         2478
        3274            2
        3275          158
        3276          159
        3279         3609
        3280          395
        3281         2842
        3287         4539
        3289           51
        3291         2041
        3293         2105
        3296          133
        3300           10
        3303         2947
        3312         5524
        3314         6558
        3316         3341
        3317          427
        3318          746
        3322          482
        3323         7421
        3326          488
        3327         4094
        3329         3504
        3332          122
        3333          344
        3339         6988
        3345          640
        3347          193
        3348           78
        3349          155
        3351          268
        3354         7785
        3359         4013
        3361         4580
        3366           70
        3367           85
        3368         3561
        3370          893
        3371          109
        3372         1922
        3373         5070
        3379         2816
        3381         4503
        3382         1188
        3383         1334
        3386          957
        3391         5868
        3400         1421
        3401          135
        3403            2
        3407           60
        3411         8226
        3416          387
        3418          782
        3420         2486
        3421           99
        3432          197
        3433         2212
        3434          268
        3445         7770
        3450           76
        3451          828
        3455         3593
        3456         2635
        3457          116
        3458         1220
        3459           47
        3461           88
        3462         2597
        3463          110
        3464          493
        3467          327
        3468          283
        3469          399
        3470          224
        3474           73
        3475         4295
        3476         4828
        3480          247
        3489         5382
        3490         1898
        3493          729
        3504          554
        3511         2237
        3512          146
        3514           84
        3519          261
        3520          285
        3521          565
        3525         2517
        3526          394
        3527          105
        3530         1938
        3532         2615
        3534          365
        3535          633
        3541          481
        3543           41
        3544         7861
        3546          352
        3547         2204
        3548         3571
        3549          546
        3552         7594
        3561         2209
        3562         2350
        3563         6341
        3568         1794
        3570         7238
        3572         3637
        3574         4071
        3575            2
        3576           52
        3577         1910
        3579          173
        3581         3445
        3589           20
        3590          995
        3591         1656
        3595         3297
        3599         5362
        3600           19
        3604           28
        3606            0
        3608          173
        3611          294
        3613           92
        3614          106
        3617          113
        3618          532
        3623           68
        3624          631
        3628          588
        3632         2641
        3633         8832
        3638          310
        3646          104
        3647         5046
        3652         3475
        3653         7922
        3654         3645
        3655           65
        3658         4213
        3659          618
        3660         4599
        3663         5206
        3665          135
        3666           20
        3670            2
        3671            2
        3674         5501
        3675         3391
        3676         3539
        3679          391
        3683         5379
        3684         1479
        3685          296
        3686          966
        3690         1340
        3694          667
        3698           92
        3706         5737
        3710          293
        3711           56
        3714           13
        3717          169
        3718           19
        3719         3707
        3720           14
        3721          429
        3723         2460
        3727          162
        3733         7978
        3734         3937
        3736           27
        3739         2244
        3740          555
        3742         2455
        3746          616
        3747          477
        3749         4027
        3750           27
        3754         4643
        3755          158
        3759            2
        3764         5131
        3767          114
        3770          263
        3771         5607
        3772         3504
        3776         4106
        3777          275
        3781          171
        3782          790
        3783         7159
        3784          761
        3787           17
        3788            2
        3792         4039
        3794         2617
        3799           91
        3800         1653
        3807            1
        3809         3438
        3810         1384
        3812          227
        3821          184
        3824         3307
        3826          769
        3827         9053
        3829           34
        3831          574
        3836         5978
        3839         7231
        3841         1386
        3842            9
        3844          587
        3847           10
        3848            2
        3850          466
        3854          645
        3856          199
        3860         3840
        3861         2326
        3862          258
        3864          530
        3867         2212
        3873         5594
        3879         5252
        3884         3867
        3885           28
        3889         1031
        3894         8455
        3895          438
        3900            0
        3909          661
        3910         4404
        3914         1898
        3916         3988
        3918            5
        3921         1127
        3922           85
        3924            4
        3927          159
        3931           34
        3935          391
        3936         8295
        3943         4113
        3945         6663
        3952          285
        3953         3269
        3957         8983
        3959          365
        3964         1750
        3969         4031
        3970          253
        3971          224
        3973         7582
        3974         3163
        3978          106
        3979          163
        3980         3265
        3986         5808
        3990         6174
        3995         3034
        3997          623
        3998          951
        3999         5018
        4008         4893
        4011         1132
        4012          794
        4015         1489
        4017         3887
        4018         7272
        4023         1139
        4025         3087
        4026         4563
        4033         3885
        4039            0
        4045         2699
        4046         3166
        4047          892
        4051          765
        4053         3216
        4055          558
        4056          480
        4061          905
        4063          149
        4064          555
        4069         5430
        4072         9744
        4073           38
        4076            8
        4077          942
        4081          342
        4093          950
        4096          488
        4098          263
        4105         4086
        4111          765
        4114          716
        4116          229
        4131          671
        4132          215
        4134         9372
        4137         2000
        4138          110
        4142         2367
        4144         2689
        4147         1643
        4148           42
        4150          154
        4152           84
        4153           22
        4154          907
        4156          511
        4161         8460
        4163         2082
        4166         8979
        4167         5985
        4168         4528
        4170         3431
        4172         9006
        4173         5400
        4174           19
        4178         4028
        4180         6714
        4181            0
        4187         2901
        4190            0
        4193            2
        4194         2461
        4196           30
        4197          758
        4204          181
        4205         3762
        4210          166
        4216         1245
        4221           17
        4222         2801
        4227         1272
        4231           49
        4237         2152
        4238         4225
        4241          148
        4242         5273
        4244         2551
        4256            0
        4257            1
        4259         2310
        4260          498
        4269         3035
        4270           46
        4271         3616
        4276          184
        4277         2839
        4279            0
        4284          622
        4288         1457
        4289         1816
        4298          753
        4299         4948
        4301         8819
        4302           37
        4303          648
        4305         1398
        4307            7
        4311            3
        4312           52
        4314          473
        4316          274
        4317          353
        4318         1810
        4320         1506
        4323         2321
        4324          122
        4325          157
        4327           67
        4328           83
        4334          708
        4335          858
        4337          392
        4339          303
        4341          909
        4345          138
        4347         2063
        4349            0
        4351           36
        4352         3377
        4354          123
        4360          632
        4361         7825
        4362           16
        4364         1096
        4367         2901
        4368          884
        4370         2827
        4371           50
        4372         1434
        4374         1255
        4377           88
        4380         1577
        4381          840
        4383          345
        4384          426
        4387         5980
        4389            4
        4390         4684
        4393          240
        4397           93
        4399           45
        4412          295
        4413            2
        4414           37
        4417          319
        4421         5308
        4423          715
        4426         4465
        4428         3615
        4430         1107
        4433         1306
        4438          871
        4441         1326
        4443          946
        4444         8651
        4445          333
        4448            8
        4450         2941
        4452          763
        4457          444
        4461         6991
        4466          135
        4471         4364
        4473          212
        4475          285
        4476            7
        4480           13
        4482          158
        4483           39
        4484         1326
        4496           54
        4497          294
        4502         8562
        4503           15
        4507           15
        4512          300
        4514          210
        4516         1274
        4518         1150
        4522         1293
        4523         1413
        4526           49
        4528         7650
        4529          420
        4532          483
        4533         2434
        4536         1092
        4542          147
        4543         8996
        4544         4565
        4545          632
        4550          622
        4553          980
        4554          260
        4563          161
        4567          261
        4568          682
        4571           25
        4572         1910
        4573         3657
        4582         2416
        4586         1864
        4588         1712
        4591          538
        4600            9
        4605         1497
        4611           10
        4613          555
        4617         2771
        4619         3593
        4620           24
        4621         6487
        4625         9095
        4628          449
        4630         3516
        4639         1412
        4641           16
        4645         1034
        4650         4034
        4652            0
        4654          660
        4658         1201
        4661         1374
        4663         2107
        4667         5973
        4671         5076
        4677           18
        4678          195
        4679         2773
        4681         8893
        4683         2164
        4687         2952
        4693         3298
        4694           66
        4698            1
        4700           72
        4702          174
        4703         4978
        4705         3193
        4707         2957
        4711           29
        4713         1189
        4723         3196
        4725           79
        4726          538
        4727         1197
        4730          154
        4731           79
        4736         2097
        4739         4261
        4744         7896
        4745           41
        4746          280
        4747         2250
        4748         2957
        4749           25
        4751         2444
        4752          532
        4753         1991
        4754         2917
        4755         3600
        4756         3243
        4763          136
        4766         3161
        4767         1476
        4776         5748
        4778          422
        4787         5986
        4791           47
        4795         2938
        4796         2842
        4797          441
        4799          303
        4803           10
        4804          851
        4807         1365
        4809         6784
        4818          451
        4820         3006
        4827          610
        4833         1180
        4835         3472
        4838         1241
        4844          706
        4846          190
        4848           68
        4851          443
        4852          289
        4857          622
        4858          111
        4860           70
        4861         1268
        4862         5640
        4864           50
        4865         5393
        4869          129
        4879           75
        4880          922
        4881           28
        4884           15
        4890         3055
        4891          440
        4895          541
        4902         4835
        4907         1157
        4908          293
        4917         4930
        4919          419
        4922         1031
        4927         1920
        4930         1027
        4932          482
        4934         1243
        4937         1251
        4941         4031
        4942         8361
        4943         1461
        4945         1562
        4953         3222
        4954         6888
        4956         4259
        4957          692
        4958          195
        4959         1764
        4962          409
        4965          444
        4967          183
        4968          366
        4975           69
        4976          136
        4979         1114
        4983         2104
        4984         7838
        4986           43
        4990         7118
        4991         1743
        4994           96
        4997         6072
        4998         8858
        5001          827
        5002         4809
        5009         2824
        5015          120
        5019          208
        5024         4927
        5027          428
        5034         6455
        5037         5543
        5040         5056
        5041         1132
        5045           16
        5048         1569
        5055         1722
        5058          454
        5061         4057
        5066         5234
        5069          145
        5070          381
        5071           81
        5075         2790
        5079         1871
        5080           86
        5082           64
        5085         1583
        5086          924
        5087         3462
        5090           95
        5093         2488
        5095         2391
        5100          146
        5110         9567
        5119         2628
        5124          353
        5126         4011
        5131         5212
        5132         1889
        5138           24
        5144         8738
        5152         4785
        5155          617
        5159          135
        5162         2111
        5174          759
        5175          926
        5177           95
        5183         8167
        5184           82
        5193         3138
        5208            9
        5210         7397
        5214         3386
        5217         4025
        5219         1326
        5225         7629
        5227         1095
        5230         1161
        5231         3694
        5233         1705
        5239         4626
        5240          166
        5241          692
        5242          884
        5244          293
        5249         4597
        5251         3037
        5252         1709
        5253         1917
        5256         9724
        5259         2821
        5262            0
        5267          478
        5268           81
        5271         2084
        5274          266
        5275           15
        5280         3104
        5288          775
        5289         1289
        5292          730
        5296           72
        5301          357
        5311          948
        5312           39
        5314         2196
        5323         3632
        5324          282
        5325         1254
        5326         8529
        5328          184
        5329          613
        5332          505
        5333         3035
        5342           75
        5343         8302
        5345           56
        5351         1090
        5353          905
        5357         3646
        5358         7044
        5361         4753
        5363            3
        5367          635
        5390           40
        5393          588
        5397          164
        5403         1542
        5406          181
        5412          696
        5413          113
        5414            0
        5424          617
        5428         2790
        5441          104
        5443          110
        5448         7204
        5452         3975
        5455         3536
        5463          209
        5464          700
        5471            0
        5472         1847
        5473         2990
        5476          947
        5481         2824
        5482          322
        5493         1022
        5497         3139
        5502         1153
        5503          782
        5505         3728
        5509         6812
        5514          922
        5516          794
        5524          718
        5525         2341
        5531         4654
        5533         6670
        5539         5184
        5540         3887
        5544          339
        5545            3
        5546          146
        5547           85
        5548         7509
        5551         7817
        5552           58
        5553          333
        5554         3876
        5558          225
        5561         5253
        5562         9260
        5566          210
        5568         5510
        5569         2607
        5572         3826
        5576         4214
        5577         5581
        5578         1163
        5583            0
        5584          976
        5591           27
        5594          113
        5596           79
        5599          238
        5602         6618
        5604          539
        5605         2178
        5606          712
        5607         3105
        5614           16
        5616            3
        5625         8770
        5637         1538
        5645         2178
        5648         4688
        5650          102
        5651         2890
        5652            2
        5653          344
        5655         3749
        5657         9713
        5659         2066
        5663          271
        5668          100
        5677         3325
        5678          133
        5680         5470
        5683          800
        5685         4001
        5687            1
        5689         1014
        5693          854
        5695         3283
        5697           62
        5699          641
        5706          401
        5708         2895
        5715         4350
        5717         5112
        5729         7342
        5733         2785
        5735         7237
        5736         2171
        5739          298
        5741          132
        5742           32
        5744           13
        5745           23
        5747          183
        5748         1001
        5756         1277
        5758          443
        5760          497
        5762         1659
        5766          680
        5767         9484
        5768           99
        5769         1620
        5771         8768
        5779         7272
        5781         4862
        5783         3804
        5786         2195
        5787         5840
        5789          458
        5792            0
        5793          554
        5794          138
        5795           13
        5801          649
        5814           98
        5816          258
        5817         8901
        5820            8
        5826           19
        5827          969
        5839         1156
        5840           12
        5845          598
        5847         2833
        5850         1560
        5852         8105
        5853         1043
        5855         7173
        5868          157
        5869          678
        5870         3034
        5875         6601
        5876          180
        5879            0
        5880           92
        5882          210
        5884         7758
        5890         7921
        5892          565
        5900          381
        5901         6845
        5905         1999
        5913         4828
        5917         3634
        5918           31
        5919         2582
        5920         4809
        5921         1584
        5928         6008
        5929         1194
        5930         2894
        5931         3168
        5934          353
        5937          157
        5946            0
        5955          221
        5962          849
        5964          336
        5965         1104
        5966          443
        5967          574
        5975         1044
        5977         4483
        5978         4212
        5984            0
        5985          726
        5986            1
        5988          562
        5992          612
        6007           18
        6017         3853
        6019            8
        6032           18
        6033         3664
        6043         1408
        6045            6
        6046           60
        6049         2901
        6052          954
        6061         4186
        6066         5564
        6069         3620
        6071            0
        6072          641
        6073         9074
        6078         3502
        6079         5250
        6090            6
        6094         9299
        6104          184
        6108         3304
        6113          245
        6120         1879
        6122         2178
        6124         2117
        6130          417
        6134          558
        6138            5
        6139         2318
        6151          112
        6154         3618
        6163         5573
        6174         4299
        6176         1193
        6178          267
        6181            9
        6182          368
        6183         1205
        6185          692
        6207          398
        6210         9413
        6211          252
        6214         1157
        6215          130
        6225         1115
        6237          547
        6240           77
        6246         2941
        6248         1665
        6251         5275
        6252          647
        6257          365
        6258            0
        6260          107
        6261            5
        6263          588
        6265         3324
        6269         3087
        6271         2204
        6274         2350
        6277          725
        6280         1655
        6281          908
        6283          182
        6293          104
        6295          938
        6297          942
        6307         9732
        6311           92
        6314         2559
        6317          482
        6324         2149
        6331         5467
        6333         4366
        6334          154
        6337         1418
        6338         1236
        6345         2098
        6348          445
        6349         3848
        6352          250
        6354          933
        6355         4004
        6361         3009
        6368          514
        6370          316
        6372         2097
        6374         4620
        6375         5173
        6377         9176
        6383          280
        6385           49
        6387           16
        6388          702
        6392           13
        6393           40
        6405         2658
        6408          669
        6414         5555
        6418         1183
        6419          404
        6428           43
        6429          598
        6430          268
        6431         4239
        6436          761
        6446         2320
        6449          133
        6451          481
        6453         1533
        6454           85
        6455         4757
        6459         9101
        6462           37
        6465         1100
        6468           87
        6476         1620
        6481          149
        6484          105
        6490         6888
        6494         9653
        6496          395
        6499            0
        6503         3995
        6510         3656
        6517         6726
        6518           38
        6527           67
        6539            0
        6545          785
        6556         7231
        6558         2245
        6561           37
        6564          957
        6566            0
        6569         2399
        6571           49
        6573          989
        6577          153
        6585          340
        6589         2323
        6601          200
        6602          821
        6608         3774
        6610            0
        6613          193
        6614         6954
        6617          576
        6619           13
        6622          380
        6625         5576
        6626          387
        6628         4599
        6630         2517
        6631          307
        6637           39
        6640         5542
        6641         1577
        6652         9521
        6654         1272
        6661          516
        6662         6115
        6663          174
        6666          222
        6667           61
        6672         6267
        6674          623
        6676         4007
        6696           77
        6698         2251
        6705            0
        6707          647
        6709         2701
        6710         3249
        6713         1019
        6719           25
        6720          637
        6727           24
        6732         7431
        6737         2411
        6741         5815
        6744         3276
        6746         2094
        6748         1015
        6753          371
        6754          768
        6759         9063
        6760         3328
        6764          225
        6766         3942
        6769          282
        6777          695
        6783          448
        6784           37
        6787          477
        6788         5680
        6796           31
        6799         5225
        6800          306
        6802         2886
        6810          876
        6811         1981
        6814           86
        6816            0
        6818         3687
        6822         1063
        6830         4040
        6831         3591
        6832          568
        6833           17
        6835          103
        6836          154
        6845          210
        6846         8669
        6850          449
        6852            0
        6854            0
        6860         3071
        6864          331
        6865         8974
        6870         6929
        6874          113
        6880         2627
        6882         1328
        6887           68
        6888         6439
        6890         3044
        6892          103
        6894          399
        6895          119
        6900          684
        6901           69
        6908           20
        6911          535
        6912            0
        6924         8945
        6925         4931
        6927          293
        6931         1694
        6936         3304
        6937          303
        6939         5518
        6941           31
        6944         2019
        6945          349
        6946            0
        6952         3765
        6954         2888
        6955         1008
        6962          799
        6968         2479
        6969          393
        6972         7700
        6973          158
        6974          111
        6978         4688
        6993          474
        7006          436
        7010          138
        7025           39
        7034          695
        7043         1920
        7055            7
        7056         2495
        7065         1804
        7066         3378
        7067         7138
        7076         2827
        7083          698
        7085           31
        7095         7033
        7098         2542
        7099          490
        7112         1742
        7113         3762
        7117           86
        7123           81
        7125          172
        7133           18
        7143           62
        7144         5490
        7145         7332
        7146          581
        7152         6827
        7158         1568
        7162           60
        7165           54
        7168         1139
        7169         4270
        7171         3594
        7177          291
        7181           72
        7186          366
        7187          207
        7188          437
        7189         4655
        7190         7474
        7191         1506
        7193         3849
        7196          391
        7197         3711
        7201         9434
        7207         8888
        7212          909
        7214         4886
        7223          718
        7230         6252
        7231          289
        7232          740
        7233         4963
        7235          290
        7237         3182
        7242         1548
        7243         7030
        7253          488
        7254          130
        7262         2139
        7263          178
        7264         9663
        7268         4037
        7270          115
        7272           31
        7273         3774
        7277          147
        7301          649
        7308         3840
        7315          130
        7320         1624
        7321          273
        7322          113
        7328            3
        7329         1019
        7330           92
        7334           84
        7336         2664
        7337         4565
        7338          369
        7343         1231
        7346         1200
        7350          100
        7353          210
        7356          270
        7362           46
        7364         3353
        7369            0
        7374          299
        7383         1236
        7386         6377
        7393          648
        7394         1931
        7408         5941
        7413           27
        7414          500
        7422         1088
        7430          113
        7432          270
        7433         3661
        7441          401
        7445           40
        7454          392
        7456          415
        7469          229
        7477          122
        7480         4629
        7482          432
        7487         5224
        7492           55
        7498         1853
        7501         2185
        7502         3820
        7509           67
        7511          766
        7512         8440
        7513          913
        7515         6072
        7518         5136
        7519           18
        7520          280
        7524         6711
        7530         1416
        7539         1920
        7542           64
        7544         5701
        7553         2869
        7554         3002
        7559         8217
        7571         1547
        7578         1691
        7579            0
        7581         6330
        7583          149
        7585            9
        7590          146
        7594            0
        7597           23
        7598          366
        7602            0
        7604          442
        7610         7304
        7613         2402
        7620         3980
        7623          588
        7624         5094
        7625            0
        7626          905
        7633         8229
        7639         3865
        7644          639
        7649         2681
        7655         8377
        7656           43
        7658          170
        7670         2607
        7672         6202
        7673          135
        7674           28
        7679          302
        7681         8762
        7693          227
        7699          353
        7700         1920
        7705          101
        7706           10
        7708           10
        7709          209
        7712            2
        7723            4
        7724         7095
        7726         3068
        7728         2837
        7729         3067
        7730           82
        7731          432
        7732          589
        7740         2017
        7749            0
        7756         3204
        7757          474
        7770         1732
        7771         5268
        7778          319
        7780          110
        7781         3645
        7803          401
        7808         1564
        7813         4047
        7815         3494
        7825         2131
        7835          748
        7837          229
        7838            3
        7839         5349
        7848          108
        7849          858
        7852         7099
        7854         2243
        7855           29
        7866          756
        7876         4738
        7877         4438
        7879           95
        7880          289
        7881         3659
        7894            1
        7901          592
        7902          669
        7903         4905
        7904          305
        7910           53
        7915          601
        7920          637
        7923          886
        7933          936
        7935           78
        7939           44
        7940         4195
        7949            9
        7956           52
        7966          549
        7978         3514
        7991         1367
        7998            1
        8001         5291
        8002          159
        8003            0
        8005         1386
        8007           74
        8013          241
        8022         3057
        8037            1
        8047          198
        8048          163
        8051         6945
        8055           44
        8056         3313
        8071         4730
        8072         4301
        8073           41
        8078         1781
        8081          537
        8082           84
        8085          222
        8091          252
        8092         1739
        8094         4782
        8102          524
        8116          129
        8117          687
        8121         7353
        8126          250
        8132         2363
        8133          110
        8136          263
        8143          535
        8145         3329
        8146         2242
        8150          234
        8154          443
        8157           47
        8158         3119
        8164          647
        8165            0
        8172          414
        8178         1328
        8179          925
        8184          135
        8187          915
        8199          692
        8204           84
        8206            0
        8207          404
        8210         9228
        8212          246
        8216           22
        8223         1215
        8224           82
        8233         1277
        8237         6757
        8244           49
        8245         7261
        8253          840
        8256         2990
        8260          775
        8262         7380
        8275           14
        8284           20
        8286          149
        8293         2753
        8301         4032
        8302          777
        8307          404
        8308          113
        8312          729
        8323          808
        8330         1641
        8335         7601
        8351         2941
        8359           77
        8362         4500
        8371         5670
        8388          101
        8390         1953
        8399          998
        8401          163
        8403          612
        8404         3661
        8406         1091
        8408         1825
        8413         6724
        8417         2821
        8423         3164
        8430          931
        8437           23
        8440         1633
        8450         7917
        8464           42
        8470          131
        8471            0
        8476           25
        8478         2886
        8489           61
        8491          149
        8497         5531
        8503         2676
        8508         2116
        8512         4941
        8514            2
        8517         2727
        8528         7559
        8544         1839
        8545          234
        8548           84
        8551          993
        8554         3165
        8557          183
        8562         1391
        8569         4051
        8585          106
        8595            0
        8607         6003
        8609           55
        8611         4727
        8614            2
        8617          791
        8627          706
        8628           95
        8633           68
        8641           49
        8646         8306
        8651          465
        8656         5324
        8662         2402
        8672         1873
        8677         1655
        8678         8940
        8680           67
        8685          416
        8695         1293
        8708         5157
        8722           27
        8728          589
        8729           34
        8731          541
        8734          235
        8736         2315
        8741          300
        8746         4173
        8749           10
        8759          454
        8768         1695
        8769         9010
        8779         3071
        8781         2097
        8786          310
        8795          155
        8800          856
        8811         6139
        8814         1802
        8818         6250
        8830            0
        8837            0
        8842          524
        8845          601
        8850         2357
        8861         1892
        8877         1955
        8878            0
        8888          205
        8890         4554
        8898         8608
        8900         1539
        8904           66
        8910            0
        8918         5207
        8924         2991
        8926           31
        8934          227
        8941          680
        8945           44
        8954            0
        8957         2656
        8960           10
        8964         7362
        8969         1935
        8978         1839
        8997         5047
        8999         2250
        9005         9260
        9007         2589
        9018         1882
        9032          101
        9040           10
        9044         6259
        9046            4
        9048          220
        9061         1321
        9065         1290
        9069            4
        9070         1086
        9081           81
        9086           63
        9089          200
        9104         9575
        9106          459
        9107          818
        9108            3
        9113          200
        9115           70
        9122          185
        9138           14
        9139            1
        9165         3164
        9179            2
        9192         2052
        9196           93
        9204          372
        9216         5815
        9219         2528
        9222            6
        9231            9
        9243         1046
        9244         8354
        9245         6623
        9247            1
        9255           72
        9274          336
        9288          363
        9295            0
        9303         2622
        9304           51
        9310         2397
        9315         1665
        9318            1
        9319         2272
        9328          587
        9329         6001
        9332            3
        9335         2895
        9341         2614
        9353         2934
        9365         4953
        9388         2196
        9392         2849
        9395           56
        9414         6893
        9416         1623
        9433         2062
        9436            0
        9437          206
        9458           18
        9470         8296
        9473           43
        9492         8002
        9494          295
        9500         1771
        9504         5741
        9511           67
        9519            0
        9527         8425
        9541         5815
        9548           22
        9556           74
        9577          524
        9584         2301
        9585          751
        9599         6528
        9604          649
        9619         5434
        9624         3607
        9630         5321
        9633           87
        9634         4127
        9636           81
        9645         8038
        9647          387
        9649           41
        9660         5073
        9672         4968
        9679          774
        9681         4280
        9684         1196
        9704          188
        9706          404
        9709          184
        9714         3383
        9728         7853
