# HaloID(1) HaloID(2)
           0            0
           1          102
           2          122
           3            4
           4          711
           5            8
           6          992
           7          437
           8          291
           9          728
          10           10
          11           23
          12           89
          13           70
          14         1897
          15           73
          16          915
          17          168
          18         1121
          19          140
          20           57
          21          638
          22          621
          23         1480
          24         2369
          25           34
          26            9
          27            1
          28          389
          29          883
          30          774
          31          737
          32          520
          33         2960
          34         2335
          35          398
          36         1322
          37         1902
          38         2140
          39         2468
          40           36
          41         3408
          42          570
          43           41
          44          141
          45           47
          46          420
          47          643
          48           49
          49            4
          50         4138
          51          161
          53         2577
          54           66
          55          632
          56          388
          57          211
          58          296
          59         1600
          60          690
          61          858
          62           68
          63          107
          64           43
          65         1500
          66           72
          67         3469
          68          467
          69          825
          70          653
          71           70
          72         1622
          73         4187
          74         1161
          75         1130
          76          166
          78          765
          79          422
          80         3211
          81           83
          82           14
          83         1241
          84          130
          85          982
          86          543
          87           95
          88          154
          89          152
          90         1066
          91          185
          92          657
          93          443
          94         3487
          95          101
          96          100
          97          211
          98          503
          99         2409
         100         1788
         101         2669
         102         1651
         103           35
         104           13
         105         3031
         106          870
         107          152
         108          101
         109          223
         110         1059
         111         2480
         112          766
         113         2443
         114          773
         115         1184
         116           41
         117          135
         118         2075
         119         2264
         121         1676
         122          368
         123          233
         124          300
         125         1862
         126          196
         127         4107
         128          521
         129          462
         130           27
         131         4980
         132           14
         133          113
         135           71
         136          253
         137          122
         138          313
         139          556
         140           96
         141         3153
         142          467
         143           40
         144          101
         145         2003
         146           64
         147         3063
         148          382
         149          551
         150          176
         151           99
         152           23
         153            0
         154          543
         155         1730
         156          651
         157         2347
         158          241
         159          122
         160           37
         161           29
         162          642
         163         1133
         165         2395
         166         1403
         168         3097
         169          304
         170          144
         171         3548
         172          634
         173         2092
         174          299
         175         2620
         176          297
         177           46
         178            4
         179          320
         180          101
         181         2380
         182          540
         183          119
         184          493
         185          553
         187           47
         188         1882
         189         1711
         190          122
         191         1498
         192          120
         193         2381
         194          322
         195          808
         196         3630
         197         1399
         198          812
         199          166
         200          207
         201          930
         203           15
         204          310
         207         1098
         208          241
         209          208
         210         1375
         211          234
         212         1293
         213          135
         214         2520
         215          247
         216           63
         217         1600
         218         2989
         219          338
         220         1746
         221          548
         222          333
         223            7
         224         2982
         225          227
         226          180
         227         1186
         228         1212
         230          638
         231          136
         232          327
         233         1353
         234          143
         236          273
         237          414
         238          462
         239          254
         240           10
         241          289
         242          935
         243         2232
         244         1036
         245          315
         246          530
         247           52
         249          939
         250           10
         251          255
         252           54
         253          481
         254          254
         255           40
         256           86
         257         1541
         258          998
         259          437
         260          175
         261          309
         262         1580
         263          226
         264          714
         265         2275
         266         3020
         267          153
         268          200
         270         1027
         271          264
         273          551
         274          147
         275          140
         276          285
         277         2457
         278           68
         279           72
         280         1770
         281           39
         282          287
         283          835
         284         3556
         285         1314
         286           45
         287          480
         288         1402
         289          189
         291         4499
         292         1226
         293         1007
         294         3167
         295         4335
         296            7
         297           83
         298          802
         300          318
         301           47
         302         1065
         303         1966
         305         2480
         306         2407
         307          123
         308          442
         309         1921
         310          555
         311         2036
         312          834
         313          520
         314          105
         315          392
         316         2457
         317           88
         318          274
         319           74
         320           22
         321          119
         322          737
         323          333
         324           50
         325          633
         327           14
         328          295
         329          201
         330         1770
         331          781
         332         2826
         334          997
         335          293
         336         1999
         337           83
         338         1448
         339         1341
         341         1356
         342         1326
         343         1647
         345          119
         346         1739
         347          201
         348         1356
         350         1190
         351          965
         353         2737
         354         2480
         355           66
         357         1852
         359          259
         360          649
         361          667
         362           27
         363         3618
         364           56
         365          871
         366          621
         367         4614
         368          829
         369           72
         370          521
         371          546
         372          318
         373         1051
         374         1283
         375          168
         376          274
         378         1078
         380          306
         382           25
         383          102
         384          127
         385           23
         388          482
         391          313
         392          555
         396         2132
         397          125
         398          209
         399          107
         400         1014
         401         1666
         402          537
         403          704
         404         3307
         405           98
         407          423
         408          304
         409          960
         410          736
         411           42
         412          256
         413          956
         414          651
         415         1190
         416          845
         417          252
         418         1310
         419          379
         421           41
         422          339
         424          431
         425           91
         426         2237
         427         1729
         428         1238
         430         2347
         432          922
         433         4187
         435            4
         436         2723
         437          891
         438           48
         440         3025
         441          144
         442         4666
         443          462
         444          185
         445         1409
         446          487
         447         1709
         448          835
         449          541
         451            0
         453          633
         455           11
         456           47
         457          247
         458         1388
         459         3875
         461         4539
         462            8
         463          985
         465          815
         466           52
         467          306
         468          503
         469          559
         470          783
         471          210
         472          190
         473         3610
         474          226
         475           29
         476          176
         478         1020
         479         1630
         480          223
         481          901
         482           49
         483          515
         484         2169
         485          521
         486          101
         487           27
         488         1719
         489         4539
         490           81
         491          176
         492          212
         493         1862
         494          143
         495           39
         496          982
         499          150
         500         2969
         501           66
         502          140
         503          468
         505          249
         506          986
         507           16
         508          172
         509            4
         510         1836
         511         2597
         512           27
         513         2156
         514          490
         515          356
         516         1456
         518           34
         519           50
         520          490
         521          295
         522          407
         525         1897
         526          212
         527           74
         528          379
         529          437
         530          878
         532           43
         534          217
         536         3447
         537         3050
         538         3775
         539          128
         540          115
         542            9
         543          631
         545          584
         546         1627
         547          818
         548          954
         549         4098
         550          119
         551          449
         553         2344
         555          300
         556          261
         557          231
         559           73
         560           57
         562         1164
         563          587
         565           92
         567         2117
         569         3512
         573          296
         574         1051
         576          852
         577          196
         579         1322
         580          309
         581         1890
         582           81
         583          612
         584         2289
         585          530
         586           94
         587          763
         588          521
         589          530
         592         1506
         593           48
         594          381
         595         1003
         596          640
         598         1248
         599          613
         600          935
         601          116
         602           68
         603           48
         604          481
         606         1852
         608          490
         610            7
         613          876
         615          713
         616          346
         618          249
         620         1860
         622          567
         623          124
         624          638
         628          611
         630          761
         632         1206
         633           52
         634          345
         636         2970
         637          161
         638         1195
         639            3
         640          271
         641          395
         642         1137
         643         2174
         644          407
         645         2287
         646          698
         647          158
         648          886
         649          150
         650           99
         652         2459
         654          120
         655          132
         656          982
         657          693
         658         1613
         660          521
         661           18
         662          537
         665         1116
         668          518
         669          318
         670          845
         672          167
         676          660
         677         1538
         678           46
         679           41
         680           14
         681           99
         682          667
         683          124
         684         1547
         685          704
         686         2667
         687            3
         688          421
         690         1516
         692          122
         693         3017
         694          223
         695         1322
         696          265
         697         1575
         699          128
         700           32
         701         2708
         702         1664
         703          394
         705           40
         706           34
         707         1990
         710           17
         712          883
         714          534
         719          291
         720          350
         721         2447
         722         2898
         724         1383
         725          584
         727          651
         729          731
         730          261
         731           89
         733           87
         735         1066
         736         1839
         738           38
         739          789
         743         1310
         744          779
         745          289
         746          285
         748         1231
         751         2614
         753         2734
         755          601
         757         1158
         758          388
         759           29
         761          412
         762          210
         763         3179
         765          262
         766           47
         767           38
         768          440
         769          503
         770           55
         771          314
         772           18
         773          579
         777          147
         778         1622
         780         1033
         781           36
         782         1019
         783          127
         784         4619
         787         1218
         788           16
         790          320
         791           85
         792          273
         793          736
         797          380
         799          216
         801           20
         802          365
         803         3190
         804          177
         807         2479
         808         1070
         813           53
         817         1780
         818           16
         819          175
         821          103
         822           28
         825          388
         826         2713
         827         1668
         828         2218
         829          749
         830          904
         835         2121
         836            3
         837          227
         838           42
         840         1071
         843          183
         845         1981
         846         1358
         849          355
         851          457
         852          172
         856           65
         857         1516
         858         1788
         859         4256
         860          957
         862          119
         864          386
         865          221
         866         1649
         867          348
         868         1007
         869          883
         870           69
         872         3281
         873          641
         874           93
         879          320
         880         1191
         881         2339
         884         1912
         887          270
         888         1480
         889         1281
         890          237
         892          120
         893          119
         894          183
         897         1664
         899          216
         902         1398
         904         1894
         906            6
         907           34
         910          231
         911         2387
         916          638
         917           50
         919          282
         921           63
         922         2117
         923         1594
         924         1230
         926         2325
         927         1197
         928         2060
         929           17
         930           42
         931           17
         932           57
         935         1275
         936            0
         937          487
         938          621
         939           71
         941          338
         945          951
         947          211
         948          380
         949          521
         950         2484
         951         5022
         952          313
         955         2418
         957          593
         959            9
         960          659
         962           60
         963         2492
         964          266
         966         3592
         967          295
         969         2169
         972           36
         973         1036
         974          443
         976           14
         977          200
         979          168
         983         1244
         984            4
         985         4719
         988            1
         989         2382
         990          416
         991           29
         992          539
         993          521
         995          613
         996         3045
         997         4124
        1000          482
        1001          111
        1002          906
        1004           71
        1007           22
        1009            3
        1014          834
        1015          256
        1018         3045
        1019           48
        1020            4
        1021          420
        1022          113
        1023          852
        1024          486
        1025         2148
        1027          135
        1029          100
        1030          559
        1031           17
        1033         1146
        1034         1229
        1036         1761
        1037         1603
        1038          204
        1039         1613
        1041          470
        1042         2042
        1044         3220
        1046          309
        1048         2278
        1049          211
        1052          615
        1053         2294
        1054          282
        1055            0
        1056          766
        1058          416
        1059         2320
        1061         1938
        1063          198
        1064         1486
        1066            3
        1067         3803
        1069          440
        1071          469
        1072           63
        1074         2953
        1078           43
        1081         2166
        1082            3
        1083           17
        1084         1602
        1089          808
        1091         3367
        1093          154
        1094         1043
        1095          711
        1097         2960
        1098           49
        1099         1011
        1100          318
        1102         1318
        1103          779
        1104          142
        1107          566
        1109          305
        1110          493
        1111         1676
        1112           30
        1114          551
        1116         2465
        1119         3166
        1120          502
        1122         2213
        1124           32
        1125          226
        1127          970
        1128          392
        1129          119
        1130          254
        1132         1476
        1133         1314
        1136         1852
        1138          439
        1142          300
        1143          840
        1148          157
        1150           32
        1151         1307
        1152          237
        1153          930
        1155          256
        1156           45
        1158           24
        1160         2697
        1162         1471
        1165          131
        1166           19
        1167         1213
        1168          437
        1169          208
        1170          282
        1172         1241
        1173          122
        1174          607
        1175          728
        1176          800
        1178         2424
        1180           13
        1181         1877
        1182           75
        1184         3217
        1188          717
        1189          528
        1190           71
        1192          326
        1193          391
        1196          381
        1199            8
        1200          155
        1201         1240
        1202          357
        1204          486
        1205         2232
        1206          115
        1207         1575
        1209          940
        1215          661
        1218          567
        1219         3106
        1220         1938
        1221          167
        1225          651
        1226         1333
        1227         1148
        1230           45
        1231           43
        1233           25
        1234          723
        1235          794
        1238         1257
        1239           70
        1240          773
        1241         1843
        1247           93
        1248          169
        1249          156
        1253          320
        1255          454
        1256          380
        1258          291
        1259           66
        1260         1074
        1264           13
        1265         1216
        1266         3744
        1268          112
        1270         2380
        1272          167
        1278          220
        1279         1859
        1281           43
        1286         1651
        1288           39
        1289         2312
        1291          139
        1292          206
        1293           89
        1294           11
        1297         1026
        1298          260
        1299         2395
        1302          494
        1303          546
        1304           45
        1305          164
        1306         2786
        1310           73
        1314         2117
        1318          272
        1319          458
        1320          400
        1322          287
        1323         1108
        1326         2480
        1329           63
        1330          766
        1331           89
        1332          940
        1333           29
        1334         1976
        1338         2452
        1340           45
        1341           10
        1346           48
        1348          164
        1349           25
        1351         1215
        1353          277
        1355         1980
        1356          284
        1357          871
        1359            0
        1361         1372
        1363          490
        1368          311
        1369         2242
        1370         1535
        1375           28
        1376           94
        1377         2635
        1378          300
        1381          755
        1382          584
        1383          122
        1384          253
        1385          175
        1386          291
        1387         2444
        1388          774
        1393           40
        1394          150
        1398          988
        1400           15
        1401          167
        1403          695
        1404          534
        1405          775
        1406          102
        1408           96
        1414          455
        1415         3479
        1416          549
        1418         1996
        1420           66
        1421           36
        1424         2168
        1425           25
        1426          136
        1428          319
        1429           23
        1431          129
        1433         2910
        1434           34
        1435          961
        1436          211
        1437          121
        1438          808
        1440         4058
        1441           20
        1444          524
        1446         2619
        1447          378
        1448          300
        1449          471
        1452          169
        1460           68
        1461          107
        1462         1026
        1463          638
        1464            1
        1465         1130
        1466           46
        1468         1382
        1469         1999
        1473         2754
        1474           14
        1475         2516
        1476          243
        1477           14
        1478         2997
        1479          102
        1481          244
        1482         1643
        1484          458
        1488          144
        1489          932
        1491         2684
        1494          389
        1499         1721
        1500         1506
        1502          587
        1503            0
        1504          141
        1505          835
        1507          157
        1508          883
        1510           58
        1512         1600
        1513           78
        1515         1944
        1516          136
        1517          980
        1520         1855
        1525            7
        1529          744
        1530           74
        1532          227
        1535           38
        1536            0
        1537          863
        1541         1863
        1544           10
        1549            3
        1550         1854
        1551            3
        1553         1462
        1557         1005
        1558           68
        1559          179
        1561         2113
        1562          818
        1563         1464
        1565           63
        1570           23
        1571          602
        1572          154
        1573          171
        1574          684
        1577         3468
        1579            6
        1580         1622
        1581          122
        1583          546
        1586         1029
        1587         3020
        1590         1628
        1593         1071
        1594          906
        1599         1215
        1601         1416
        1604         1792
        1606          141
        1611           53
        1612           11
        1617         1664
        1618          154
        1625           78
        1626           70
        1628           35
        1629         1187
        1631          142
        1632            4
        1634         2104
        1635          775
        1637         3358
        1638          185
        1640            0
        1641           42
        1642         1918
        1643           14
        1647          185
        1648         1892
        1649         1063
        1651            1
        1653         4308
        1657            0
        1661          759
        1665         1407
        1668         1232
        1670           19
        1672         2575
        1674          302
        1676          299
        1677          142
        1683          546
        1684           44
        1687           89
        1690          619
        1691          150
        1693         1129
        1694         1407
        1695           75
        1696            7
        1701           78
        1702          437
        1704         1239
        1710         2980
        1712          838
        1714         1881
        1716          207
        1717         1498
        1719            7
        1720           14
        1722           11
        1723         2264
        1725         1524
        1727          142
        1729            5
        1730         1812
        1734           49
        1735         2315
        1736         1184
        1739         3080
        1747            3
        1748            6
        1749          889
        1750          177
        1752          168
        1753          154
        1756          575
        1760           16
        1762         2782
        1764          201
        1765          589
        1766          256
        1767           83
        1769           10
        1770         2898
        1772          602
        1773            7
        1774           78
        1775           11
        1777            0
        1780           73
        1781           48
        1783         1897
        1785           17
        1787          696
        1788          299
        1790         2275
        1791          203
        1792           15
        1797           19
        1799         1384
        1800          601
        1803         1103
        1804           31
        1807         2117
        1808           17
        1809           17
        1810          263
        1813          304
        1815          247
        1818            2
        1819          122
        1820           26
        1821         3857
        1822          242
        1823          885
        1824           83
        1825            1
        1826           68
        1827          185
        1828           79
        1829         1547
        1833          530
        1835           11
        1836           17
        1838          273
        1842         1600
        1844         1547
        1848          152
        1849          122
        1850          728
        1852           37
        1854         2190
        1856          514
        1858            3
        1862           71
        1876          302
        1877         1888
        1878         1320
        1879         2452
        1881         4748
        1884          802
        1887          481
        1888           97
        1890         1001
        1897           88
        1900          876
        1901           21
        1903          302
        1904         4210
        1906          338
        1910          476
        1911            3
        1912         2515
        1917           52
        1919          362
        1922            9
        1923         1803
        1925           14
        1926         1399
        1927          838
        1929          790
        1930         1027
        1932         3608
        1935          116
        1937         1547
        1939         4614
        1940         1797
        1943           58
        1945            7
        1946          458
        1950          153
        1952         1881
        1953         2619
        1954         1029
        1955          546
        1956          118
        1958         4676
        1961            0
        1962          443
        1964          127
        1966          364
        1968          501
        1969          467
        1972          212
        1975           14
        1976          481
        1980         1666
        1981         1430
        1982           50
        1983         1086
        1986           71
        1987           37
        1990         1768
        1991          490
        1994         2605
        1995           56
        2007          629
        2009           71
        2015           17
        2016          540
        2022           15
        2023            0
        2025         1217
        2026          255
        2027          300
        2029           35
        2032          545
        2036            4
        2040          833
        2041          766
        2043         1023
        2047            2
        2048          454
        2051          907
        2052         1843
        2053          193
        2054          364
        2055           32
        2057         2166
        2058          152
        2059          432
        2062          364
        2066         1027
        2068           35
        2069           30
        2070          659
        2072         1131
        2073          570
        2076           93
        2078           39
        2079          226
        2080          268
        2082            6
        2085          524
        2086          602
        2089          294
        2094          223
        2099          870
        2100           51
        2101         2075
        2109         1897
        2110          476
        2111         1165
        2113           56
        2114          273
        2123           63
        2126          660
        2133           10
        2134           43
        2139         1852
        2143           53
        2144         1902
        2145            8
        2146           45
        2150          994
        2155           32
        2159          789
        2160          660
        2166          484
        2169          171
        2171          122
        2172            7
        2188          502
        2190           35
        2194           17
        2195          422
        2198           48
        2199            0
        2200           93
        2209          362
        2211          541
        2212          354
        2219           15
        2223          167
        2224          143
        2227           83
        2229          980
        2233           42
        2238           86
        2239           32
        2240         3051
        2241          268
        2244           31
        2246            4
        2247          168
        2250         3179
        2253           43
        2254           10
        2255         1576
        2260         3107
        2261            2
        2266         2116
        2276          139
        2278         1881
        2280         3211
        2284          328
        2287         1404
        2289         2695
        2290           71
        2292           18
        2296          226
        2298            0
        2304         3207
        2308          185
        2314           54
        2316         1238
        2318            4
        2319            4
        2324          369
        2327          320
        2328          483
        2334         1395
        2335          275
        2336          459
        2348          660
        2352          139
        2353            0
        2355           16
        2356         1863
        2357          124
        2358          333
        2360           39
        2365          188
        2366         1134
        2380         2380
        2381          171
        2382          628
        2389           24
        2391           32
        2393            7
        2396          110
        2398         2119
        2399          318
        2400         1155
        2401           70
        2402          826
        2404          564
        2407          621
        2408         2737
        2411          575
        2417           73
        2418         2026
        2420         1777
        2422         1229
        2425          471
        2429           42
        2435           72
        2444         2925
        2446         3319
        2450           83
        2457          226
        2473         1318
        2476          565
        2478         2452
        2481         1803
        2490         1797
        2491            4
        2505          127
        2518           42
        2522            0
        2523           32
        2526         1682
        2528         2262
        2534           11
        2537          444
        2546           10
        2553           24
        2555         1078
        2556         2480
        2557           24
        2559          491
        2571           23
        2577           23
        2584           24
        2588          262
        2590         2330
        2592          807
        2596           57
        2597          432
        2611          123
        2614          919
        2617         2708
        2619           66
        2625           17
        2631          192
        2636           32
        2641          308
        2655          140
        2656          274
        2662           22
        2666         1770
        2673           43
        2676          385
        2679          628
        2683         1757
        2686          244
        2687          239
        2697          453
        2703          838
        2706           66
        2718            2
        2723          554
        2728           70
        2732         1405
        2741           47
        2743         1217
        2752          146
        2755          213
        2759          111
        2787          280
        2794            9
        2797         1464
        2799          801
        2802         3567
        2804            0
        2806            4
        2823           17
        2825          192
        2836           52
        2838          870
        2858           86
        2893          263
        2895           45
        2898           16
        2910           86
        2916           31
        2917         2507
        2936          186
        2959            9
        2973          110
        2976          225
        3013           33
        3016          128
        3018          773
        3019          197
        3023          547
        3055          408
        3065          131
        3066           51
        3082           24
        3092         2949
        3104          263
        3106           11
        3113           27
        3130          437
        3131         2592
        3146          111
        3150           98
        3154         1567
        3157          362
        3179           94
        3220          596
        3223           45
        3254            4
        3258           72
        3264         3243
        3269           28
        3274         1310
        3278            0
        3311            0
        3318           44
        3326         1130
        3327           40
        3335            9
        3343            3
        3346          334
        3351            6
        3353            0
        3408            6
        3409         1036
        3414          326
        3435           24
        3440         3836
        3444         3564
        3476            0
        3495          159
        3502         1904
        3508           84
        3565         1817
        3572          102
        3574          197
        3656            8
        3662           62
        3701          288
        3704           99
        3709          100
        3711           73
        3726            0
        3727          146
        3753         2140
        3809            8
        3860         1867
        3872            9
        3942          114
        3977         2508
        3988         1792
        3998          159
        4020         1933
        4036         1421
        4039           83
        4105         1601
        4107         1420
        4123            2
        4131           79
        4292         1323
        4300         1543
        4312          460
        4438         2209
        4441          262
        4463            0
        4520          554
        4547          197
