# HaloID(1) HaloID(2)
           0            0
           1            0
           2           94
           3          538
           4            0
           5            5
           6         2712
           7            7
           8          515
           9         2908
          10          399
          11         1856
          12         2478
          13         7632
          14         2438
          15           91
          16          110
          17         8392
          18           14
          19           18
          20          859
          21         5185
          22           22
          23           25
          24          460
          25         3152
          26          737
          27         1703
          28           27
          29         2759
          30           19
          31            8
          32           24
          33           32
          34          179
          35         8766
          36          153
          37         5673
          38         4456
          39          667
          40         3683
          41           42
          42         1963
          43         8603
          44         2920
          45         3305
          46         4950
          47         2023
          48          367
          49         1167
          50          399
          51         3094
          52         1564
          53          792
          54          616
          55           59
          56           58
          57           20
          58         2425
          60          519
          61         1426
          62         2564
          63         7715
          64         4121
          65           80
          66          770
          67          178
          68           71
          69         5230
          70          272
          71          606
          72         4515
          73           12
          74            0
          75          184
          77          253
          78          286
          79         3406
          80         8424
          81         3026
          82          429
          83          852
          84         1195
          85         1410
          86          751
          87          344
          88         2948
          89          435
          90         7290
          91          204
          92           92
          93         4794
          94         5136
          95         7534
          96         2745
          97         1532
          99         6861
         101           89
         102         2309
         103          878
         104         5551
         105         3657
         106         3251
         107          107
         108           14
         109         7757
         110          390
         111          294
         112         1178
         113          240
         114            1
         115         1181
         116          655
         117         8537
         118         5644
         119            0
         120         4096
         121          201
         122         3748
         123          721
         124         1855
         125         1684
         126           12
         127           99
         128           22
         129         1254
         130           28
         131          898
         132         7464
         133         1147
         134          246
         135         2215
         136         6348
         138         2589
         139          645
         140         4235
         141         4767
         142         2438
         143         2321
         146         5748
         147          148
         148           42
         149          190
         150          236
         151          666
         153         8105
         154           27
         155         2134
         156         6569
         157          538
         158           82
         159          830
         160          647
         162         3397
         163         6766
         164         1974
         165            0
         166         1856
         167         6305
         168          515
         169            2
         170           94
         171         3807
         172          512
         173         7766
         174          276
         175         2192
         177         1703
         178          642
         179         3352
         181         2979
         182          130
         183          176
         184          432
         185          585
         186          170
         187         4268
         188          576
         189         1928
         190           27
         191         1003
         192          193
         193         5810
         194          723
         195         7557
         196           27
         197           94
         199            0
         200         3052
         201           26
         204          124
         205         6932
         206         1271
         207          109
         210            2
         211            3
         215         2106
         216          295
         217         4615
         218         4833
         219          311
         220          219
         221          447
         222         7815
         223          220
         224         1080
         225           77
         226            0
         227         5866
         228          123
         229         2532
         231          208
         232         1787
         233         1357
         234         4706
         235          447
         236            5
         238          635
         239         2617
         240         6221
         242         7271
         243          300
         244          365
         246         2844
         247            0
         249         3767
         251          660
         252         2973
         253         2689
         254         8149
         255          236
         256         1081
         257         5524
         258         1167
         260         1212
         261          226
         262          364
         263         4338
         264           88
         265         2217
         267         7293
         268         5686
         269         1410
         272         5133
         273         1896
         278          180
         279            0
         280         1253
         281         4864
         282          336
         285           80
         287         6516
         288          124
         289         5828
         290          864
         293         1148
         294         2760
         295          585
         296         1285
         297         1981
         298         1689
         299         2174
         301         8679
         302          562
         303         1175
         304          569
         305         4893
         306         5911
         307         1792
         308         5633
         309          493
         310          466
         311         2101
         312          483
         313         5530
         314         7734
         315         1146
         316         1237
         317         4166
         319         3072
         320         1381
         321         4950
         323         3828
         324         1005
         325         3287
         326         3986
         327          753
         328         1564
         329         2292
         330          171
         331         1330
         333          261
         334         4903
         335         1220
         336          290
         338         7498
         339         3006
         340         5413
         342         3378
         343         5933
         345         1089
         347            7
         348          359
         350          132
         352         3490
         353         1412
         354         8883
         355           85
         356         2209
         357          426
         358         3870
         359         6540
         360           18
         363          203
         365         1219
         366          573
         368         1221
         369          174
         371           16
         372          142
         373         1410
         374           24
         375          839
         378            7
         379          974
         380         4160
         381          216
         383          349
         385         1102
         386           39
         387         6794
         388            0
         390           97
         392         2221
         393          909
         394         3168
         395          453
         396         1595
         397            9
         398         6678
         401          377
         402         4472
         404           78
         405          723
         408         2448
         410         2886
         412         3245
         415         2759
         416         3610
         418           86
         420         5535
         421         1495
         422         3487
         425         1174
         426          436
         427         3808
         428         3307
         429           42
         430         1871
         431           30
         432          435
         433          338
         434         6066
         436           75
         437         3327
         439         1564
         440         2695
         441          431
         442          225
         443           36
         444          573
         445           44
         446          247
         448          354
         449         4245
         451           91
         452          153
         455          451
         456          578
         458          915
         459         3722
         461         5322
         462           86
         464           32
         465         3686
         466         1126
         468         2546
         469          461
         470           84
         472          179
         473          529
         474           64
         476          477
         477         6722
         478         1921
         481         3603
         482         5797
         483         2489
         484         7288
         486         2129
         488         1072
         491         1412
         492         3134
         494         2014
         495         4390
         497           12
         499         1897
         500          834
         502         6212
         503         3447
         504          207
         505          496
         506          359
         507         2615
         509         3116
         511           11
         512          285
         513         3655
         514         4328
         515          243
         517         1161
         519           59
         520            6
         521         2525
         522         4841
         524         8783
         525         2223
         528         4251
         529         5857
         530         5385
         531         8146
         532          651
         533         2010
         534          529
         535         3560
         537         2398
         538         6135
         539         6983
         540         7448
         541          752
         543         8817
         544         5748
         545         1798
         546           26
         549         5719
         550         3873
         552          899
         553          899
         554         1220
         556         3954
         557          948
         558         7627
         559           34
         560         1991
         563         6654
         564         8148
         565         8717
         566         1440
         567           12
         570         7085
         573         3141
         577          458
         579         7909
         580           67
         581         2842
         582          310
         584         7136
         585          415
         588         5714
         589         4206
         590           19
         591         3756
         592         2224
         593         5588
         594         4834
         595           70
         597         2273
         598          512
         599         7001
         600         1301
         602          109
         605          204
         606         2150
         607         1420
         611          156
         612         2495
         613           18
         615         1029
         616          210
         617          475
         619         4181
         620          508
         621          745
         622         1961
         623          752
         624          624
         625         1900
         626         1062
         627         2576
         628         8687
         630          921
         631           48
         632          503
         633         3453
         634          167
         635         1853
         637          238
         640          809
         641         2073
         642          204
         643         7292
         644         4199
         647           48
         648         7496
         649           27
         650         7612
         652          850
         653         3203
         654           22
         655         6529
         658          467
         659         8237
         663         6722
         664           60
         666         5488
         667          974
         668          899
         670         1371
         671         2564
         672         2500
         674         6485
         675         3288
         676         2530
         677         6820
         679          150
         681         3703
         682           36
         686         2589
         688         2740
         689         1335
         690          164
         691          682
         692            0
         693          166
         694          673
         695          221
         696         2248
         699          451
         700          257
         702         3599
         706          852
         707         1498
         708         3308
         710          164
         711          698
         712         1436
         713          110
         714         1336
         718         1903
         720         1064
         723         1722
         725          472
         726           52
         728          123
         730          235
         734         3966
         737         4124
         738         1836
         740           22
         743          730
         744           26
         745          852
         746         3829
         747         8055
         749         8115
         750         5759
         751         3464
         752         8346
         754         1132
         756           16
         758         3569
         760          616
         761         1301
         763            7
         764          418
         765         2374
         767         1599
         769         1410
         772         4121
         773         1173
         776         2511
         777         3874
         778         7464
         779         4201
         781         3888
         783         3332
         784         1053
         785         1574
         787           92
         791          118
         792         2258
         794           19
         795          208
         796         2766
         797         3424
         798         1195
         799         1493
         802         8536
         803         1799
         804          258
         805         5636
         806         8392
         807           28
         808         2601
         809         3942
         812           35
         814           26
         815         1014
         816         3338
         819         3072
         820         1811
         821          893
         822         1725
         824          868
         825         3694
         826         3533
         827          443
         828         6162
         829         2206
         830         1025
         832         5816
         833          149
         835          156
         836         6707
         837          102
         838          366
         839          405
         842         4715
         845          261
         846           86
         847         1440
         849         4043
         850          249
         851         8509
         852          403
         853           24
         854         1293
         855          398
         856         1722
         857          963
         859           19
         860          739
         861         2415
         862          180
         863         6651
         865         7056
         868          103
         870          548
         871          573
         872         8518
         873         6460
         874          130
         875         1794
         879          558
         880         1553
         881          189
         889         2242
         890           26
         893         4536
         899          206
         901           18
         902           66
         903          870
         905            0
         906          647
         907          285
         908         1084
         910         2130
         911         3661
         914          604
         915         8489
         917         1756
         918          451
         919          382
         920          158
         921         5975
         922         5977
         924          562
         925         1403
         928          217
         929          125
         930         1584
         931           18
         932         2864
         936          316
         939         8428
         940          564
         941         4914
         942          911
         945         8106
         947          287
         949         3107
         950         2087
         951         3205
         952          336
         953         1365
         954          385
         955           11
         961           49
         964         1146
         965         5668
         969         2266
         971         2390
         972           45
         974          335
         975          246
         981         1011
         982         4258
         983         2525
         984          346
         985         8309
         986         6446
         987         1468
         990         1466
         992           20
         996         1285
         997          992
         998           93
        1000          749
        1002           66
        1003         1053
        1004           19
        1005         3936
        1006         4533
        1007         5701
        1010         3488
        1011         2437
        1012         4582
        1014           23
        1015          921
        1017            2
        1018         3273
        1022         5969
        1023           19
        1024         5710
        1025         5427
        1027         2452
        1028         1690
        1032          102
        1034         1225
        1035         1406
        1036          262
        1038          368
        1039          194
        1040          725
        1041         5342
        1043          887
        1044          789
        1045         1059
        1046         7209
        1048          107
        1049         3484
        1051         3048
        1056         3412
        1059          902
        1060          875
        1061         3491
        1063         1146
        1065         2838
        1066         1075
        1069         1197
        1070         2521
        1071         3656
        1073         6255
        1076          766
        1077           22
        1078         5150
        1082         2177
        1083         1564
        1084         1779
        1087         2228
        1088         1684
        1089         1213
        1090         7126
        1092         1962
        1094           12
        1095         5447
        1096         1015
        1097         3721
        1098          607
        1101          130
        1103         3519
        1105            2
        1107         6357
        1110          235
        1111           19
        1112         1650
        1113         1423
        1120         3179
        1121          585
        1123           89
        1124           16
        1126         1478
        1130           11
        1131          290
        1132         4036
        1135           15
        1136         4810
        1138         2833
        1142         2423
        1143         3602
        1145         1537
        1147         2181
        1149         1524
        1150         4202
        1151         4623
        1152          292
        1154         7212
        1155         4319
        1156           42
        1157          296
        1158           21
        1159         4171
        1164          452
        1166          285
        1167           18
        1168          911
        1169         6959
        1170          855
        1171         7046
        1174          221
        1175          576
        1176         3603
        1177           69
        1178         1029
        1180         2552
        1181         5185
        1183          907
        1184         1098
        1185         2842
        1188         1969
        1190          911
        1193         1161
        1194          117
        1197         4271
        1199          769
        1200          151
        1201         3919
        1206         6792
        1207           20
        1214          269
        1215         6786
        1217           29
        1218          149
        1219          382
        1220         4338
        1223         3141
        1224         4618
        1225         2173
        1227         1837
        1228         2785
        1229         7562
        1230            0
        1234         3386
        1236         1082
        1237          248
        1243         1247
        1244         1102
        1245          844
        1246            1
        1247         5139
        1250         5680
        1251         2973
        1252          395
        1256         7990
        1257          439
        1258         4459
        1259          107
        1260         2497
        1263         6038
        1267           58
        1269         5068
        1270          146
        1272          995
        1274         6525
        1276         4504
        1277         2842
        1279           67
        1281          439
        1284          266
        1285         3896
        1287          359
        1289            0
        1291         2032
        1292         6144
        1294          512
        1296         1706
        1298           48
        1305         1314
        1308         7182
        1309          979
        1312         1647
        1313         2165
        1316            4
        1318         3235
        1319          268
        1320          716
        1322           12
        1328          794
        1329          365
        1332          359
        1337         6983
        1339         1504
        1342          696
        1343         7009
        1344         4732
        1345           42
        1347         7155
        1348         1005
        1349          702
        1351         8784
        1352          154
        1354           76
        1358          133
        1359         5230
        1361           39
        1363          102
        1364         2642
        1366         7189
        1371          669
        1374         7866
        1375         3490
        1377         4753
        1378         1861
        1380          173
        1384         2443
        1385         8505
        1391          346
        1392          201
        1393         4877
        1394          125
        1395         1535
        1397         6788
        1398         4609
        1402           98
        1403         3736
        1405         3421
        1406         1961
        1410         3433
        1412         1728
        1413            0
        1415         1070
        1419            0
        1423         7445
        1424         4141
        1425          850
        1426         8215
        1430         1580
        1432         3642
        1434         2757
        1435         6046
        1439         3577
        1440         2667
        1442         5481
        1444          615
        1447         7223
        1450          607
        1453         2522
        1455           61
        1456           97
        1457         4221
        1458          477
        1466          839
        1467         6249
        1468          829
        1469         1029
        1470           63
        1472         3653
        1473         2052
        1475         2497
        1479          753
        1480         1742
        1483          551
        1484         2505
        1485          128
        1486         4679
        1491           22
        1497           59
        1500         1102
        1501         1113
        1504         7684
        1505         6536
        1507          364
        1510         4577
        1512           15
        1513         5717
        1515          682
        1516          477
        1517         1609
        1520           26
        1526           69
        1527           16
        1528            0
        1532         1565
        1533          125
        1534          276
        1535         2596
        1537          323
        1538         1539
        1545           61
        1546          184
        1548          182
        1549         2002
        1550         2653
        1553         2743
        1555         1823
        1556         6377
        1558         8354
        1559         1089
        1563         8544
        1566         1934
        1568         3622
        1569         2260
        1572         3603
        1574         4534
        1579         1579
        1582           54
        1583         5595
        1584         5182
        1585         1741
        1586           23
        1589          381
        1590         3928
        1593          168
        1594         1609
        1596          243
        1597            7
        1599          573
        1600         2813
        1602         2917
        1603           79
        1608         1934
        1609           48
        1611          130
        1612          565
        1613           92
        1618         1728
        1619         1195
        1624         1053
        1625         4471
        1628         1974
        1629          168
        1631         2419
        1632           67
        1633          697
        1636         4833
        1637         6525
        1638         4530
        1641           28
        1644         3853
        1647          940
        1648         1384
        1649         2243
        1650           11
        1652          422
        1660           63
        1661            0
        1662         1986
        1665         3844
        1666          293
        1668          672
        1670         1921
        1672          962
        1673         1395
        1674         4841
        1675           16
        1676         2904
        1679         8914
        1682          775
        1683         5821
        1684         1138
        1685         5420
        1686         1645
        1692         1511
        1693         3083
        1694           17
        1695         4141
        1696         3000
        1697          493
        1699         6119
        1700         1582
        1701           52
        1704         5402
        1705         3907
        1706         6167
        1710         7194
        1711         5628
        1713          829
        1714          196
        1715           92
        1716         8757
        1717         2869
        1719          647
        1721         8318
        1724         1415
        1725         6025
        1726          868
        1730         1698
        1735         5499
        1737         3911
        1740         1865
        1744         2017
        1746         8085
        1747         1211
        1749         6832
        1752         2278
        1753         2241
        1756          570
        1757         4664
        1759         2063
        1760          375
        1762         5389
        1764         1008
        1767          140
        1768         5083
        1771          562
        1772         4400
        1776         1789
        1777          569
        1781          130
        1782         5657
        1783         2566
        1784          132
        1786         1101
        1789         1763
        1791         1676
        1792         6636
        1796         4845
        1797          573
        1798         2709
        1800         3166
        1801         8355
        1804          323
        1805          138
        1808         1929
        1810          725
        1812         4197
        1816          852
        1818         2689
        1819          259
        1824           42
        1829           23
        1832         3930
        1833         7023
        1835           66
        1839           36
        1841          429
        1849            6
        1858         1682
        1859          624
        1862          306
        1866          177
        1869         2560
        1870         4444
        1878          776
        1880          180
        1881          660
        1882          696
        1885         4079
        1886         4071
        1887         7028
        1890           88
        1891           26
        1894         3811
        1895         5212
        1897         1885
        1900          844
        1902         4775
        1903           21
        1905         4354
        1908           63
        1909           63
        1910         3979
        1916          306
        1919         1553
        1922         2294
        1923           57
        1926         2932
        1927          707
        1929          139
        1930          770
        1931         1995
        1932           23
        1937           83
        1938         8113
        1939          303
        1941          212
        1943          336
        1946          239
        1948         3748
        1949          819
        1951          799
        1952         3128
        1953          132
        1955         1354
        1960          452
        1961          448
        1962           19
        1965          147
        1966          179
        1968         5939
        1969          504
        1972         4678
        1973         1301
        1974          224
        1975         2000
        1979          429
        1982         4908
        1987         8625
        1994          596
        2002         5628
        2003         7477
        2010         1956
        2014          365
        2015         2811
        2016          108
        2018         4833
        2019           39
        2021            5
        2023          975
        2025         4120
        2028         5866
        2031         1134
        2032         2221
        2034         5551
        2035          365
        2044            0
        2046           74
        2054          684
        2055         6963
        2058         3602
        2060         4697
        2061         3345
        2066           37
        2067           16
        2069         6403
        2077            0
        2079         6008
        2082         4050
        2083          228
        2084         1104
        2090           61
        2093          875
        2095         5990
        2101         4273
        2106         1213
        2107         1237
        2108         6593
        2110         3122
        2111          651
        2113          800
        2114          310
        2116         2725
        2118         6168
        2119          305
        2121         4068
        2122          609
        2126         5199
        2137         6081
        2145            0
        2146          191
        2147         8140
        2148         2334
        2149         4213
        2152          225
        2154          403
        2158           19
        2163         6569
        2164         5373
        2165           35
        2166         1394
        2170         2202
        2171         1092
        2174           18
        2175            1
        2176          432
        2177           50
        2178            0
        2180          606
        2181          368
        2182          504
        2186         1022
        2190          429
        2191         8010
        2193         7162
        2194          461
        2195          753
        2198         4757
        2201         1475
        2204         7235
        2205         3596
        2206            1
        2208          333
        2209          166
        2210          479
        2211         2157
        2217         3008
        2219          449
        2220          115
        2222          292
        2224          207
        2228         1174
        2231          655
        2232         2394
        2233         1029
        2234          374
        2236         2728
        2237         3213
        2241          745
        2244           24
        2246          253
        2249           14
        2250         2486
        2254         2152
        2261          295
        2263           60
        2266          275
        2267         2604
        2269          921
        2273         1080
        2276          642
        2277          548
        2280          178
        2282          338
        2286         1247
        2289         2269
        2292         7343
        2293          167
        2295          131
        2301          495
        2302           12
        2303         3978
        2305          857
        2310           62
        2313         2887
        2314         3266
        2316         3412
        2318          211
        2319         3767
        2320         4348
        2324          364
        2325         1630
        2330            0
        2334           86
        2336         6244
        2338            9
        2340         2842
        2345          496
        2346          878
        2348          166
        2352         5427
        2354          899
        2365         8581
        2368         2711
        2369         5666
        2370         2917
        2371         5601
        2374         3406
        2376          953
        2378         3195
        2379          557
        2380          519
        2382           32
        2383          922
        2384         8749
        2389         3736
        2390          232
        2392         1225
        2396         2936
        2397          681
        2398         3503
        2399          510
        2402          113
        2404         2390
        2414           14
        2415         3288
        2416         1995
        2417         2334
        2419            8
        2424           23
        2429         3528
        2430          852
        2442         1026
        2446         4686
        2447          577
        2448           49
        2450         3936
        2454         1539
        2457         2465
        2459          816
        2463           22
        2464            6
        2465          211
        2466         2647
        2470          392
        2473         2920
        2474           69
        2476          221
        2477           85
        2478         2902
        2483         1599
        2484         6241
        2488         3694
        2489          654
        2494          230
        2496         1051
        2501         1101
        2504           15
        2505         2173
        2511         3707
        2512          435
        2513         3519
        2514         1267
        2515          388
        2516         4327
        2518         1798
        2522         4290
        2530         3291
        2532         1163
        2535         5422
        2540         1279
        2542         1391
        2543         1885
        2544           19
        2547          487
        2548         2177
        2551          460
        2553           78
        2557         4564
        2560          181
        2565         6895
        2566         2563
        2569          520
        2571         3016
        2572         4138
        2573         2410
        2575         6861
        2576          579
        2578         1254
        2581          311
        2583         1634
        2585         6726
        2586           17
        2590          330
        2593           28
        2594         5911
        2598           41
        2603         2508
        2613         1082
        2616            2
        2618          366
        2619            6
        2621         5341
        2622          660
        2625         3999
        2629         6424
        2630          521
        2632           40
        2634         5078
        2637         4720
        2639         4011
        2643           64
        2646          582
        2649         2743
        2653          257
        2659            7
        2660          688
        2661          792
        2662           96
        2664          485
        2670           10
        2674         5138
        2677         2120
        2678          140
        2684         1105
        2687         1765
        2694          194
        2697         5238
        2699          126
        2701         1202
        2703         2408
        2705         1663
        2706         1274
        2709         2632
        2711          839
        2712          224
        2715         5284
        2719         1711
        2720         1821
        2721         1426
        2722          660
        2724            0
        2726         2560
        2729         3380
        2731          298
        2732         3910
        2737         3810
        2738         2936
        2740            3
        2742            0
        2748         5496
        2752           30
        2753          871
        2755         2622
        2756           40
        2757         4361
        2759         1019
        2761          138
        2766           70
        2767          422
        2771         2787
        2778           15
        2779         1381
        2782          196
        2787         5488
        2790          828
        2792          224
        2794         2857
        2797          106
        2798         4576
        2799           33
        2800         5085
        2801          310
        2807         2518
        2809         6117
        2811          316
        2812         2177
        2814           23
        2821         4079
        2822         1652
        2826         8404
        2827         8252
        2829           48
        2830         3634
        2834         3992
        2837         7780
        2838          244
        2840           66
        2841         2811
        2844         5962
        2845            1
        2847         6789
        2848         5653
        2855          476
        2856          364
        2862         2460
        2867          476
        2869          363
        2876          211
        2878         1755
        2885         1005
        2886         2503
        2891         3844
        2894         4472
        2900           42
        2903         2957
        2905          426
        2910          428
        2911         5698
        2914         1020
        2920         2725
        2928         3518
        2932         1848
        2936         1071
        2938          295
        2940          191
        2948         1137
        2949          433
        2950         2139
        2953          758
        2954         4159
        2956         2923
        2957         2601
        2961          789
        2965         3089
        2967            6
        2972           91
        2981           10
        2983            0
        2985         1244
        2986         2521
        2989          880
        2990          328
        2991         3264
        2992         1748
        2997          188
        3000         2892
        3005          156
        3006         1941
        3007         5991
        3009          142
        3010         2643
        3018          410
        3021           47
        3026         2290
        3028            3
        3029          357
        3034         5317
        3035           26
        3039          241
        3041         3054
        3043          903
        3045         6385
        3049          188
        3057         1799
        3059          914
        3064          156
        3067         4092
        3068          354
        3071           24
        3075            0
        3085           40
        3091         1233
        3100          562
        3107         1676
        3109         8403
        3110         1703
        3112         7136
        3115         1189
        3116         2215
        3127         4923
        3130         1525
        3146          106
        3150          287
        3151         7362
        3152           40
        3154           19
        3161         4089
        3162         7642
        3165          298
        3166         6475
        3168            1
        3169         4988
        3170         5497
        3176         2466
        3178          180
        3179         2854
        3180           23
        3188           29
        3192         3638
        3200         3775
        3208          241
        3214          521
        3218         2202
        3219         1231
        3224         3199
        3225         2050
        3227         3089
        3229          125
        3233          448
        3236            0
        3238         1029
        3239         1846
        3242         3229
        3244          889
        3246         7050
        3248         4124
        3258         2964
        3259         2103
        3262         4409
        3263         1668
        3270           37
        3272          290
        3274         4832
        3278          184
        3280         1018
        3300           93
        3305          306
        3308         2842
        3309          192
        3310         1335
        3313          812
        3316          534
        3324         7997
        3328           12
        3329         1577
        3330         2948
        3335         4158
        3337         2710
        3343         1704
        3345          368
        3346          122
        3348           64
        3349          538
        3350         7073
        3351         3355
        3352         7738
        3359         4172
        3361           19
        3369         1850
        3374          630
        3376         3235
        3377          591
        3384          260
        3385           85
        3390         4624
        3396           34
        3398          355
        3399         1762
        3400           79
        3405         2390
        3406         2075
        3407         1141
        3412         4056
        3413         2012
        3418         4194
        3423            0
        3424         1899
        3431          751
        3438          607
        3441          365
        3442          215
        3449          529
        3456         3454
        3458           40
        3461         4740
        3467          494
        3472           33
        3473           12
        3475          576
        3476         3083
        3483         1599
        3484          652
        3486         8876
        3494            6
        3496           58
        3500         4841
        3502         1893
        3503          515
        3504            7
        3507           98
        3512           12
        3519         5066
        3520         1520
        3524          326
        3529          136
        3530         2026
        3535         3609
        3539         1219
        3542         2394
        3549         8667
        3553         2653
        3558          114
        3559         7679
        3565          132
        3569         2259
        3572            9
        3581           43
        3586         4854
        3589          452
        3593           73
        3595         4141
        3599          303
        3600         2273
        3601            7
        3603         1197
        3606          170
        3608         4166
        3609          392
        3610           79
        3615         2680
        3620         8927
        3622         4327
        3623         6455
        3626           90
        3628          606
        3629          880
        3631         4523
        3632          285
        3639         2692
        3641         1496
        3643         3520
        3646         1401
        3662          992
        3666            6
        3669         1288
        3670          211
        3675          736
        3676          697
        3682         2250
        3684          435
        3686          992
        3693          443
        3696          369
        3698         1174
        3703         1628
        3705         2770
        3706         3600
        3708          503
        3709         1707
        3715          794
        3719          252
        3721          272
        3723          105
        3724         3319
        3733           86
        3734          420
        3736           60
        3741           14
        3742         3849
        3743         1479
        3744          439
        3747         3935
        3748          150
        3759         7665
        3761         2151
        3762         6794
        3763         1084
        3764          217
        3767         4993
        3770         2806
        3773          267
        3780         7881
        3784         5507
        3785         2455
        3787            0
        3788          333
        3789         5551
        3792           16
        3796           19
        3802          161
        3803         3648
        3808         5416
        3812         1386
        3815          150
        3816         1018
        3817         2561
        3818          168
        3819          110
        3820         5932
        3823           50
        3828         5765
        3831            7
        3837         3671
        3844          997
        3853          224
        3855          424
        3858         4767
        3859         4693
        3860          180
        3869         4686
        3880         7656
        3882         1726
        3884         1053
        3890         3611
        3898         1770
        3900          263
        3912         2177
        3920           20
        3931          385
        3932         3139
        3933            2
        3934         1230
        3938           14
        3952         7919
        3958         3380
        3964         2003
        3965         1377
        3966         3404
        3976         5812
        3977           67
        3982         4693
        3988           17
        3989          228
        3990           16
        3991          260
        3996          547
        3997          148
        3998           12
        4001         7757
        4002         1535
        4003         8525
        4006          135
        4008         7942
        4017           16
        4018           48
        4019           11
        4020         1711
        4024          681
        4027         1369
        4028         1415
        4030            0
        4039         1332
        4040         5162
        4042          228
        4047           18
        4052         4920
        4061           16
        4063         3722
        4067         1612
        4068          150
        4069         2139
        4070         2864
        4075          375
        4079          334
        4080         4767
        4091           28
        4092         1721
        4100          695
        4104          538
        4112         3521
        4113         1599
        4123         3472
        4126         1020
        4127         1333
        4131          246
        4134         5003
        4136          635
        4141         4875
        4145           15
        4151         3407
        4156         2234
        4161         4401
        4164         3181
        4169          368
        4171         1029
        4176         4056
        4181          591
        4193         6836
        4195         2602
        4196         4181
        4198         1142
        4206           11
        4209         1520
        4210         2010
        4213         2300
        4219         5872
        4220            0
        4221          621
        4222         4489
        4230          752
        4231          847
        4238         3447
        4240          189
        4245         2158
        4252          237
        4253         1851
        4255         3358
        4264          207
        4266         4941
        4267          222
        4271           13
        4272          375
        4273           34
        4275         2023
        4276          126
        4287         2260
        4289         2425
        4290         1008
        4297         7990
        4298         8483
        4301         3472
        4306          108
        4311           40
        4312           16
        4313           19
        4316          219
        4320         1792
        4324          191
        4328           90
        4329         1080
        4331           94
        4335          605
        4337          126
        4350          919
        4351         2728
        4352          156
        4356         4752
        4360          585
        4362         6685
        4383          793
        4385         2530
        4390         1949
        4393           99
        4398         5299
        4403          241
        4409          478
        4410         3273
        4412         7787
        4413         5561
        4426         1259
        4428         1553
        4429          351
        4433         1178
        4439           75
        4445          207
        4451            0
        4452           39
        4453          538
        4459          695
        4460           18
        4464          201
        4469         2883
        4470          563
        4472         4018
        4473         1355
        4476         2103
        4480         4659
        4482           12
        4484         4615
        4485          627
        4486          306
        4487          299
        4496         3614
        4497          892
        4500            6
        4501          585
        4502         1963
        4503         2725
        4504           57
        4505          616
        4507         1971
        4520         1406
        4521         5275
        4522            8
        4526          349
        4529          461
        4530         2861
        4535          623
        4536         1430
        4544         1869
        4553         1204
        4556           73
        4557           12
        4558           85
        4560         1714
        4565         2087
        4568         3198
        4570          712
        4572         5447
        4580          921
        4590         3435
        4591          638
        4594           48
        4599         1865
        4607           34
        4611         8742
        4615          291
        4625         1195
        4628           22
        4629         5754
        4631         4312
        4634         2917
        4637          267
        4640         1866
        4645          870
        4655           33
        4656            4
        4657          761
        4659           12
        4670         3925
        4681           31
        4686         7292
        4689         4650
        4690         8508
        4691            8
        4694         1565
        4696         5151
        4697           53
        4698           16
        4702         3134
        4707         1236
        4711          141
        4713          106
        4714          815
        4732         5788
        4733         1445
        4740          237
        4741          140
        4743           71
        4748           15
        4750          135
        4752          125
        4760          291
        4761         2710
        4764         1867
        4765          241
        4766         6271
        4772         2561
        4776         6593
        4780         1603
        4786         1015
        4788          412
        4792           26
        4795         2710
        4805          847
        4807           64
        4811          448
        4815          110
        4816         2455
        4817         2620
        4821           95
        4822         1002
        4823         1003
        4824         1434
        4825         7484
        4826         6836
        4831         3861
        4839          798
        4841           37
        4844         6056
        4847           51
        4849         1376
        4852         1386
        4853          414
        4856          333
        4866          892
        4873           67
        4880         7909
        4882          709
        4885         4747
        4888         1366
        4891         4186
        4894         4287
        4899          118
        4913         1586
        4919         3721
        4921         4732
        4922           13
        4933           69
        4941         3876
        4942         5319
        4949          560
        4966         1283
        4969           58
        4971            5
        4975         1720
        4987         1753
        4994           51
        5005         2203
        5007         3735
        5008          538
        5009          698
        5013           36
        5014         7498
        5020         6800
        5021           92
        5026            1
        5032          491
        5035         3388
        5039            7
        5042         1772
        5043          299
        5048          918
        5051         7695
        5053         5178
        5058         5047
        5060           25
        5063          150
        5067           19
        5074         2901
        5078         1478
        5079         3308
        5085         1406
        5087         1066
        5089            0
        5092           70
        5093          560
        5094           83
        5095          395
        5098           82
        5103           18
        5104           69
        5107            5
        5108          635
        5109         1336
        5112          953
        5114          628
        5115           34
        5116          581
        5120         3356
        5135         3659
        5136         2645
        5147           69
        5148         2488
        5154            2
        5155         1991
        5165         3723
        5166         2154
        5171           44
        5173         2561
        5185         8416
        5189         1535
        5205            4
        5208          793
        5211           19
        5213           36
        5215         1036
        5220         1337
        5227           74
        5230         3245
        5235         5760
        5241           69
        5247         7795
        5251         2920
        5257         5503
        5259         4789
        5264         5244
        5275           16
        5289         2884
        5293          111
        5297          607
        5302          130
        5306           60
        5307          356
        5310          544
        5320         2563
        5331           28
        5352           55
        5354         2137
        5355          356
        5365          170
        5374          415
        5375         1099
        5402           70
        5408         5427
        5415         6578
        5421         3255
        5423           59
        5430         6455
        5436         5373
        5442           26
        5443           26
        5444           16
        5447          926
        5453         3091
        5463         7557
        5464         3320
        5484         3441
        5485           15
        5487           44
        5492           37
        5503           19
        5504         2886
        5506          494
        5507          165
        5516         1842
        5518           17
        5522         1052
        5524          310
        5536          585
        5539           36
        5541            0
        5543         2262
        5551          852
        5552          131
        5553          285
        5554          917
        5556            7
        5563           67
        5565          323
        5574          598
        5584         8559
        5587          530
        5590         1630
        5591          320
        5592          834
        5594         2709
        5598           81
        5603         2306
        5615         3794
        5616         4338
        5620          130
        5625          353
        5628         1735
        5637          650
        5641          122
        5642          107
        5645         4220
        5648         1991
        5650         1066
        5651           71
        5655         1019
        5677         1225
        5681          306
        5689          334
        5699         1663
        5705          111
        5711          114
        5712          835
        5723         2414
        5737         3384
        5741           16
        5744         2376
        5745         3291
        5747         1495
        5748         1799
        5749          310
        5758         2423
        5759         5505
        5767           78
        5773         2620
        5788            0
        5793         3295
        5796          685
        5808          651
        5809         1037
        5813         7422
        5818          529
        5819          192
        5825          187
        5832           44
        5834         2344
        5837          904
        5846         2581
        5849          364
        5850         5186
        5851           16
        5858         1834
        5866           14
        5868          506
        5875         3707
        5877         4978
        5878         7557
        5882            4
        5885          164
        5889          106
        5890           86
        5892            0
        5894          591
        5895          549
        5899          203
        5901         3346
        5905          363
        5906          937
        5908          132
        5909         2860
        5916          210
        5929           70
        5931         1840
        5935         6796
        5941            7
        5942          307
        5943         2390
        5953          151
        5955         2824
        5964          160
        5974         4135
        5982         7392
        5987           22
        5991         2604
        6013         1130
        6019         5330
        6024         5864
        6026          836
        6027         2258
        6028          296
        6031           34
        6041         6404
        6053           12
        6055         2200
        6059          173
        6072           12
        6077         2722
        6084          285
        6092         3101
        6096           22
        6107         3709
        6110          712
        6118         1410
        6120          314
        6121         7163
        6134          360
        6135           44
        6143          483
        6144         5979
        6151         1407
        6154            0
        6164         2004
        6168          546
        6174          576
        6176          677
        6178         4360
        6179         1609
        6180           65
        6187         6165
        6199         1723
        6204          160
        6205         2568
        6206           41
        6211           30
        6215          230
        6225         3158
        6228         7023
        6230          146
        6231         1631
        6238          132
        6239          509
        6242         1000
        6247          166
        6254          420
        6260         1037
        6267          837
        6276           50
        6277          126
        6286         1840
        6288         6784
        6293           11
        6295          636
        6305         1115
        6308         4886
        6310         3828
        6314         2003
        6318            8
        6321          510
        6322         5177
        6330         2848
        6331          558
        6339           12
        6345          228
        6351          112
        6354            0
        6355           75
        6359           15
        6363          452
        6367          127
        6372           11
        6374          775
        6376          274
        6378          647
        6379          127
        6381         3195
        6393          102
        6396         3967
        6401          247
        6405         1421
        6411         2485
        6416          107
        6417          589
        6418         1387
        6423           59
        6425         4354
        6432         7267
        6437         8395
        6455           43
        6461         6724
        6465           26
        6467         4527
        6469         2153
        6475         8437
        6476          927
        6478         3825
        6502           25
        6508           11
        6518          203
        6520         2206
        6528           12
        6543         2624
        6548          792
        6550         5662
        6556         1955
        6564           91
        6568           25
        6580         2023
        6584          496
        6596         1420
        6607            7
        6609         3510
        6614         5830
        6618         1557
        6627          880
        6636           34
        6637         1219
        6638            0
        6639         2241
        6641          519
        6642           88
        6650         4558
        6664          181
        6679           92
        6682         8395
        6690         4810
        6691           93
        6695          111
        6697           52
        6706         4554
        6715            5
        6719          760
        6737           45
        6749            9
        6750         2670
        6754         2936
        6755           55
        6756            3
        6757          596
        6760         1225
        6763          126
        6765          119
        6768          241
        6770         2771
        6774         6126
        6782          298
        6783           79
        6784         5102
        6789         2911
        6795         1600
        6797         2234
        6807          139
        6813         1237
        6825          358
        6835         3379
        6840         8509
        6854            0
        6866           56
        6869         1268
        6877         2080
        6883         2022
        6887         5841
        6888          231
        6890           79
        6894          358
        6896         2964
        6897          576
        6900         2507
        6901           16
        6902          736
        6905           17
        6916          161
        6920           25
        6921          547
        6924           25
        6925         5416
        6932           98
        6937         2944
        6938           46
        6944           48
        6946          114
        6948            0
        6950          790
        6968         3335
        6978         8105
        6979         3807
        6980         1445
        6986         2194
        6992         1410
        6994         1267
        6995         5410
        7004          374
        7012         1929
        7026         1130
        7032           48
        7044         3072
        7049          636
        7063          163
        7077         1063
        7092          624
        7098          366
        7102         4202
        7103           25
        7111         4417
        7124           91
        7131          794
        7134          220
        7137          853
        7145          577
        7162           33
        7173          315
        7184         5386
        7188          173
        7191          358
        7192         4465
        7198            5
        7202          751
        7217          127
        7233         7227
        7238          375
        7242         1445
        7243            9
        7254         1539
        7261          596
        7275         2240
        7291          586
        7303         1018
        7317         1925
        7323         1926
        7330         2113
        7331           15
        7339         1052
        7342          589
        7344         1387
        7347           25
        7349            0
        7350            5
        7351          167
        7354            7
        7361         1178
        7366          653
        7367         1530
        7371         1240
        7392         2782
        7399          242
        7416           47
        7422            6
        7427         3194
        7432         2846
        7435          224
        7436          217
        7437            1
        7442           18
        7451         1575
        7458         2699
        7459           50
        7463         7149
        7469           13
        7493           18
        7520         2375
        7546         5386
        7548          356
        7563         1420
        7564           78
        7565         4134
        7567          832
        7575           19
        7579          230
        7589          663
        7615         2380
        7618         4413
        7620         1085
        7639          658
        7665          368
        7681         2150
        7693         2720
        7697         1135
        7716         1781
        7717         7023
        7721           14
        7727         1152
        7731          822
        7738         5349
        7748          621
        7754         4017
        7760          140
        7764         6460
        7766         1222
        7767          239
        7769         3095
        7786         4600
        7789         1735
        7791            0
        7795            6
        7801           24
        7814           19
        7818         2273
        7822         1346
        7834          168
        7845            9
        7847         3467
        7853           25
        7856         5343
        7875          398
        7883         1524
        7885          119
        7892         7583
        7898           51
        7912         3664
        7913         3831
        7917          461
        7921         4579
        7924         1024
        7930          409
        7934         5036
        7947           44
        7959            7
        7963           46
        7971           30
        7994            9
        8011         2306
        8035          369
        8046         1491
        8050           81
        8065         3613
        8096          787
        8104         1183
        8109         6368
        8132          113
        8133          143
        8142         1494
        8145           48
        8147         1477
        8150         8118
        8159          348
        8161         1327
        8166         1080
        8178         6549
        8179         8117
        8181         1552
        8184          114
        8193          114
        8196           10
        8208          326
        8216          108
        8240         2133
        8244          523
        8247         5627
        8297         5920
        8311          106
        8325          158
        8331         6161
        8333         3635
        8346         4635
        8354            0
        8356         1035
        8361            0
        8362         6125
        8374          376
        8379          764
        8410         4107
        8434           34
        8439          179
        8440         1100
        8444           53
        8455         1068
        8477           31
        8480         3977
        8483         7894
        8484         3122
        8485         3513
        8486         3997
        8488         1941
        8490         1980
        8508         5171
        8528            1
        8540         1484
        8546          642
        8578            2
        8583           36
        8602         1867
        8612            6
        8614          212
        8621            0
        8626          916
        8650         1733
        8674         3776
        8712          914
        8715         1085
        8733           31
        8751         1975
        8756            0
        8757         3676
        8760         1833
        8763           67
        8773          854
        8797         7945
        8800         8038
        8808         4153
        8816         6721
        8821         3772
        8824          591
        8835          137
