# HaloID(1) HaloID(2)
           0            0
           1            1
           2            2
           3            0
           4            4
           5           13
           6            5
           7          333
           8            7
           9          122
          10           11
          11         2555
          12           13
          13          718
          14         3670
          15         1605
          16          588
          17          305
          18           18
          19          182
          20         2457
          21         1158
          22         1039
          23           22
          24          826
          25          756
          26           69
          27           28
          28         6369
          29         1798
          30           77
          31          215
          32           31
          33         4193
          34         3947
          35         1913
          37           38
          38          889
          39         4335
          40          107
          41          247
          42         2297
          43         3429
          44         6799
          45           94
          46         1721
          47           45
          48           48
          49         2403
          50            2
          51         2176
          52         3681
          53         1360
          54          332
          55           54
          56           58
          57         1780
          58         2703
          59           61
          60         4331
          61          292
          62           78
          63         4036
          64            0
          65           87
          66           67
          67          935
          68          270
          69           26
          70          956
          71          104
          72         6691
          73          167
          74         3126
          75          687
          76         3811
          77          753
          78         1770
          79           41
          80          302
          81         8496
          82         1315
          83         8613
          84          665
          85         5414
          86         3097
          87            9
          88            5
          89         8309
          90           11
          91          998
          92         3044
          93          485
          94           92
          95          468
          96         1395
          97         2382
          98         5992
          99          100
         101          104
         102         7125
         103         4313
         104          231
         105          108
         106         1190
         107         4949
         108          392
         109          222
         110         2535
         111          765
         112           11
         113         7205
         114          280
         115          116
         116         1922
         117         5774
         118         2746
         119         1335
         120         6333
         121         1404
         122         4340
         123          267
         124         7015
         125          174
         126           69
         127         8065
         128         2249
         129         4025
         130          757
         131         1901
         133         8199
         134         2725
         135         3670
         136         7114
         137           43
         138         1033
         139         7309
         140         3583
         141         6427
         142         1446
         143          657
         144         1033
         145         8715
         147           26
         148         2616
         149         1570
         150         3904
         151         1090
         152         2013
         153         1831
         155         3824
         156         4832
         157          167
         158         1659
         159          177
         160         1102
         161          126
         162          333
         163          159
         164          324
         165         2072
         166         5452
         167           69
         168         2683
         169          441
         170         3368
         171           20
         172         2743
         173          125
         174         1132
         175         5182
         176          154
         177          464
         178         6513
         179         4957
         180          101
         182           37
         183         2639
         184         3341
         185         3127
         186         4322
         187         1926
         188         2072
         189           89
         190          387
         191          326
         192         6542
         193           11
         194         5440
         195         1561
         196          382
         197         1934
         198          217
         199           95
         200           14
         201         4208
         202          316
         203           11
         204         1530
         205         3551
         206         6881
         207           20
         208          445
         209         3323
         210         3042
         211          323
         212         8021
         213          633
         214         2006
         215           18
         216         3097
         217          142
         218         6629
         219         5170
         220         3858
         221           79
         222         2524
         223         1906
         224         5459
         225         6182
         226          292
         227            2
         228         1898
         229         3274
         230          293
         231         2137
         232         3083
         233          342
         234          535
         235         4973
         236          300
         237            9
         238         5986
         239          228
         240          692
         241         2954
         242            0
         243          477
         244         6622
         245           42
         247          218
         248         2173
         249         2624
         250          141
         251         7321
         252         1414
         253           63
         254          255
         255         6989
         256         2275
         257            1
         258         1944
         259            8
         260           11
         261            0
         262         1052
         263         8351
         265         1292
         266          320
         267         3059
         268          450
         269          325
         270         3196
         271          774
         272         1068
         273         1853
         274         7606
         275         5963
         276         6596
         277          504
         278         8691
         279         8574
         280         8587
         281         5765
         282         1899
         283         8317
         284          287
         285         5255
         286         4165
         287         1845
         288          104
         289         2139
         290          133
         291          385
         292         5625
         293         1944
         294         1464
         295         1511
         296         1773
         297         1337
         298         5652
         300         3777
         301          298
         302           14
         303         3327
         304         2215
         305         3773
         306          483
         307         2666
         308          123
         309         2356
         310           55
         314         6571
         315         5950
         316         1897
         318         3524
         319          122
         320         1039
         321          693
         323         9096
         324          146
         325         8980
         326          113
         327          208
         328         6706
         329           30
         330           53
         331         2674
         332          598
         333          767
         334          133
         335            0
         336         1102
         337         6539
         338         6279
         339         1520
         340         1040
         341         6610
         342           20
         343           13
         344          786
         345         5160
         346         1888
         348         1093
         349          174
         350         8118
         351         2985
         352         2620
         353          329
         354          292
         355          347
         356          835
         358          146
         360          284
         361          343
         362         4457
         363         6719
         364           26
         365         7593
         367         5249
         368         3252
         369         5441
         370         1602
         371         8236
         372          111
         373           77
         374          174
         375          638
         376         1952
         378         2641
         379          837
         380         5917
         381         7059
         382         5120
         383         1141
         384         4171
         385           97
         386         4598
         387          188
         389         3129
         390         6627
         391           59
         392         3351
         393          132
         394         1203
         396          657
         397          392
         398          183
         400           46
         401          973
         402          696
         403         7827
         404          373
         405           78
         407         1758
         409          886
         410          113
         411         3971
         412           58
         414         2655
         415          954
         416          889
         418         8437
         419         3223
         420          104
         421         1209
         422         2707
         423          385
         424         2503
         425           43
         427         2446
         428          100
         429          195
         430          114
         431          554
         432         4578
         433          417
         434         2812
         435         6686
         436         1040
         438           58
         439         7166
         440         2201
         441         7699
         442         6172
         443            1
         444         1545
         445         3764
         446         3002
         447         2415
         448         6667
         449         7578
         451         1209
         452            5
         454         2562
         456         5596
         457          341
         458         6070
         459         5196
         460         6536
         461          458
         462         7963
         463            7
         464          192
         465         3808
         466          632
         468          458
         469         3550
         470          712
         471         1244
         472          847
         473         9255
         474         6401
         475         3704
         476         2634
         477         1971
         478          512
         480          371
         481         6876
         482         5362
         483         5816
         484          692
         485         4335
         486          679
         488         2333
         490         2825
         491         1221
         492         1162
         493          999
         494          499
         495          689
         498         2235
         499         2098
         500         5945
         501          383
         503           67
         505         5796
         507          104
         508          497
         509           40
         510            0
         512         5081
         513         5140
         514         5343
         516         1052
         519          552
         521         2353
         522         2489
         523         1413
         525          305
         526         4758
         527         1348
         529          880
         530          229
         531          521
         532         3547
         533          331
         534           31
         535          280
         536         4762
         538          981
         539          308
         541          296
         542            2
         543         2242
         544         4676
         545          291
         546         1541
         547          506
         548          478
         551          138
         555         1522
         556         2845
         557          338
         558           56
         559         3634
         560           12
         562         3633
         563         3067
         566          557
         567           69
         568         5518
         572         1645
         573            0
         574         2092
         575         4838
         579         2435
         580          598
         581         6946
         583         4889
         584          552
         585          592
         586           85
         587         7843
         588           63
         589         3319
         590          120
         591         3961
         593         5715
         594          584
         595         7842
         596         1643
         598          473
         599           72
         600          165
         601         7224
         602          298
         603         2716
         604          753
         605         7185
         606          514
         607         8327
         609         3156
         610          668
         611           97
         612            0
         613         2177
         614         1039
         615          110
         616         1506
         617         1618
         619          438
         620         1149
         621         3040
         622            6
         623           66
         625         1853
         626         3554
         628         7320
         629          963
         630         2637
         631          396
         632          114
         633          891
         634         1827
         635         2801
         636         1315
         637         1331
         639          621
         640         3009
         642          811
         644         6191
         645         4866
         646         1308
         647          435
         648          564
         649         3579
         650         2087
         651         1910
         654          104
         655         2849
         656         5613
         657          441
         658          418
         660          749
         664         5669
         666           45
         667         6263
         672         1279
         673           91
         674         5533
         675          800
         677          830
         679         6135
         681          346
         682          415
         683         3634
         684            0
         685         2565
         686         1105
         687           89
         689         3230
         690          991
         691         3099
         692           48
         693         1178
         696         1225
         697         7486
         700            2
         701         3743
         702         6394
         703         5121
         704         1039
         705          816
         706         3974
         707          637
         709         8625
         710         4604
         711         3803
         712          237
         714         1160
         715          703
         716         2562
         717         4208
         718          369
         719         7334
         722         1205
         723          102
         724          564
         725         2148
         726         1338
         727         1945
         730         6979
         732         4617
         733         9102
         735          959
         736          266
         737         6892
         738         5243
         741         6380
         742          768
         743          203
         744          345
         745         2620
         746          619
         751         3443
         752         1885
         753         2467
         755          677
         756          765
         757          183
         759         1559
         760          488
         761         1655
         763          319
         764         6559
         765          256
         766          402
         767         1559
         768         1285
         769         1723
         770         1784
         771          647
         772         4725
         773         1069
         774            1
         776          624
         778          970
         779         6091
         781          733
         783         1313
         784         3616
         785          992
         786         7570
         787         2367
         788         5395
         789         4569
         790          827
         791         3077
         792         2400
         793         1786
         794         1567
         795         5407
         796          768
         797         1985
         798          383
         799         8022
         800         2277
         801         5178
         802         6605
         803         5877
         804           12
         805         4949
         806          852
         807          366
         808         1147
         809          208
         811         2430
         812           36
         813          369
         815          710
         816          110
         817         4280
         819         4948
         820         3036
         822           31
         823         2000
         825         3460
         826         3594
         828          496
         829         8627
         830         1013
         831           42
         833         8065
         834         8467
         836           43
         837            0
         838         6836
         839         7943
         840         1943
         841          848
         842          538
         843         3483
         845         1290
         846          981
         849          958
         851          926
         853          213
         854         5791
         855            9
         856         5920
         859           56
         861         2629
         862          250
         863         5403
         864          861
         865         2403
         868          861
         870          298
         871         4411
         872         1089
         873         9142
         877          683
         878         1907
         880         1487
         881         3126
         883         7614
         884         5196
         885          836
         886         2281
         887         1454
         890           53
         891          391
         892         5289
         893          534
         894         2825
         895           95
         897           14
         898         1899
         900          635
         901         2023
         902         2273
         903         3445
         904          243
         905         3689
         906          900
         909         2552
         910         3873
         911           44
         912         8118
         913         3665
         914          914
         917         1395
         922          780
         923          175
         925          222
         926         7955
         927         6610
         928         1147
         930         4720
         932          374
         934         3615
         938         5357
         939         1153
         940         2075
         941          254
         945           15
         946         2318
         949         6723
         950         2841
         952         4016
         954          935
         955         2879
         956          692
         957         5965
         958         1293
         959         3618
         960         1730
         962          342
         963         8975
         965         4029
         966         6783
         973          529
         975         5569
         977         8376
         979         1856
         980         6828
         981           49
         982           14
         983          168
         984          204
         985         1220
         986         3575
         987         1372
         988         1003
         992         7109
         996         3213
         997           52
         998         3551
         999         2413
        1001         2377
        1002           16
        1004            0
        1008          453
        1009         2699
        1010          498
        1011         2791
        1012           23
        1015         1007
        1017         4715
        1018         1041
        1019         3734
        1021         2360
        1024         1243
        1026          158
        1027          440
        1029         2357
        1031          102
        1032         1037
        1036         2181
        1037         9320
        1038         2707
        1039         8511
        1041         3759
        1043          422
        1044         3864
        1046         1862
        1048          534
        1049           10
        1051         4220
        1054         2240
        1056          101
        1057         2434
        1059         1045
        1060         7109
        1065         1509
        1066          534
        1067           65
        1069          938
        1070         7032
        1071         6667
        1073         2250
        1074         2483
        1075           88
        1077          786
        1079         4158
        1080         1090
        1081         1798
        1082            5
        1083         6938
        1085         5490
        1087          111
        1089          274
        1091         2198
        1092         1124
        1093           32
        1094          671
        1096         4193
        1097          488
        1098          379
        1101          132
        1102          852
        1103         5995
        1104           13
        1106         4535
        1108           85
        1109         7341
        1112         1244
        1114           19
        1115         2574
        1117         1165
        1119         1721
        1120          670
        1121         5111
        1122          322
        1123          679
        1124         5528
        1125         1052
        1126          667
        1127           24
        1129         6147
        1130            1
        1132         7878
        1133            5
        1135         5613
        1136         2630
        1138         3194
        1139          209
        1140         2770
        1141         6960
        1144         1084
        1146         6978
        1147          898
        1148         2175
        1151         3054
        1152          251
        1154          266
        1155         1152
        1158          126
        1159         3664
        1160         4723
        1161          566
        1166         1608
        1168         8140
        1169          364
        1172         2527
        1175         4276
        1176          362
        1179         2193
        1180           95
        1182         1901
        1183          215
        1184         1186
        1185         2717
        1188         7257
        1190         2360
        1193            5
        1194          175
        1195          636
        1197         3444
        1199         1481
        1200          127
        1201          933
        1203          104
        1204         1333
        1206           15
        1207          110
        1208            0
        1209         6313
        1210         7030
        1211          369
        1212         5543
        1214          406
        1215         2657
        1216         2029
        1217            4
        1218           89
        1219          511
        1220          104
        1226         1306
        1227           72
        1228           40
        1229         2767
        1230         6032
        1231         3704
        1232         2805
        1235         6330
        1236         1000
        1237         1896
        1238         5305
        1239          517
        1241         5142
        1242         1130
        1243         1229
        1244           32
        1246         1873
        1247          123
        1252         1608
        1253         2000
        1254          158
        1255         5019
        1262         3119
        1263            8
        1264         1732
        1265         3568
        1266         8649
        1267         4226
        1269         1203
        1272            0
        1275         5200
        1277         5773
        1279          325
        1281         2360
        1282         2524
        1283            5
        1285         1104
        1286         3989
        1287          416
        1288         1277
        1291         1847
        1292         4752
        1293         4380
        1294          264
        1295          104
        1297          226
        1299          692
        1302         5205
        1304         3515
        1306         1708
        1307          215
        1309         4075
        1310         2494
        1315         1305
        1317         2157
        1320         6628
        1322         2266
        1323         7036
        1324          602
        1327         8090
        1328         6461
        1330          137
        1332           99
        1334         8043
        1335          985
        1336           62
        1337         7926
        1339         7093
        1341          704
        1343           28
        1344          355
        1345         1313
        1347          393
        1348         5215
        1349         1413
        1350         5408
        1351          143
        1353          702
        1354            1
        1355          177
        1356         1749
        1357          163
        1360          463
        1361          570
        1362          608
        1363          923
        1364         6971
        1366         5178
        1367         4246
        1368         1866
        1369         5827
        1370         1885
        1371         4425
        1372          505
        1374         1500
        1375          575
        1376         5682
        1379          459
        1380         2270
        1382          249
        1383         9191
        1385          896
        1386         1387
        1387         9074
        1388         1388
        1391           28
        1393          887
        1394          219
        1396           48
        1399         3623
        1400         3995
        1401         1072
        1403           14
        1407         1365
        1409          817
        1410         6712
        1411          248
        1414          382
        1415          534
        1416         4905
        1417           77
        1422          189
        1423         8723
        1425          338
        1426         1235
        1427         9169
        1428           18
        1429         2555
        1430           64
        1432          581
        1435          164
        1437         2157
        1439          458
        1441          301
        1442          964
        1443         1104
        1444         2544
        1445          201
        1446          199
        1447          923
        1449           49
        1450         8116
        1451         3324
        1452         3792
        1454          329
        1461          742
        1463         5012
        1464         8237
        1465         2583
        1466          373
        1477          151
        1478         1434
        1479          661
        1481         4971
        1483         1404
        1485         3951
        1487         3662
        1488          127
        1489         4111
        1490         1443
        1492            5
        1496         1498
        1500         6170
        1502          218
        1508          198
        1510          283
        1514         7358
        1517         1567
        1518         8155
        1519         5407
        1520          257
        1521         4278
        1522         1480
        1523         3302
        1525         2683
        1526          753
        1527         8824
        1528         2655
        1529          596
        1530         4610
        1533          177
        1534         1426
        1535          138
        1537         6261
        1538           63
        1539         1551
        1540          347
        1543          989
        1544         5778
        1545         3114
        1550          206
        1551         2825
        1552         5766
        1553          337
        1555         1730
        1556            7
        1561          675
        1562         2075
        1563          699
        1565           63
        1566          112
        1568          819
        1569          887
        1570          130
        1571         1884
        1573         5912
        1574          325
        1576           85
        1577         1564
        1580           13
        1581           94
        1582          959
        1584            2
        1590            0
        1592         1093
        1593         6786
        1594         8804
        1595         3973
        1596          601
        1597         1664
        1599         2745
        1600         7970
        1601          228
        1603         1287
        1605         6611
        1606         3997
        1608         2601
        1611         2457
        1612          338
        1615          579
        1616          806
        1617         1943
        1620         1958
        1622         4313
        1623         7305
        1625          369
        1626          593
        1627          110
        1632         1831
        1634         1571
        1635           79
        1639         1636
        1642           60
        1643          815
        1644          571
        1647         1752
        1649          472
        1652         4023
        1653           38
        1654         8021
        1655          934
        1656          254
        1657         6175
        1659         3722
        1661         2294
        1662         3757
        1663         2578
        1664          740
        1667          215
        1669         3697
        1670         5063
        1673         4327
        1676          844
        1677         1157
        1678          325
        1680         2749
        1681         4590
        1683         4464
        1691          138
        1694         2818
        1697          691
        1699          741
        1701           13
        1702         5789
        1706           12
        1707         1337
        1709          316
        1710         2506
        1712          756
        1713         2120
        1715         3173
        1716         8214
        1717         3645
        1719         4184
        1722         1584
        1723         1004
        1725          210
        1726         3042
        1729         2909
        1730           56
        1731          151
        1732           51
        1733         1280
        1734          283
        1738         2940
        1739           94
        1740            7
        1742          362
        1745         1468
        1746           24
        1749           94
        1750         1768
        1751          477
        1752         3295
        1753          325
        1754         6062
        1755          267
        1756          526
        1760          757
        1761           49
        1762          470
        1763         1641
        1764          283
        1766          238
        1767         2075
        1768         2751
        1770         8437
        1771         6713
        1772         4229
        1773         1671
        1774         3499
        1775          938
        1776         1306
        1777         5221
        1781         6481
        1782         5946
        1783         2860
        1784          261
        1785         3154
        1786         2358
        1787         1065
        1789          208
        1790          149
        1793         6787
        1795         3042
        1796          181
        1797         1044
        1799           67
        1804          169
        1805         1530
        1806         1965
        1807          728
        1808         2390
        1809           97
        1811         2805
        1812          243
        1813          155
        1814         1985
        1815         4276
        1818         1266
        1820          646
        1821         2273
        1822         2710
        1823         6328
        1826           52
        1827         1123
        1829         4092
        1831           22
        1834         2114
        1836           40
        1837         1258
        1839           43
        1840         1149
        1841         8218
        1842          325
        1843          203
        1844         1403
        1846          904
        1847          619
        1848          360
        1851         2629
        1852         7674
        1853         8793
        1854          650
        1858         4097
        1860          837
        1862         1443
        1863           47
        1867         1044
        1869          907
        1870         1762
        1871         2493
        1873         2323
        1875           75
        1876         2032
        1879          292
        1880          445
        1881         2696
        1882          415
        1887         1871
        1889          667
        1891          128
        1892          132
        1898         1900
        1904         1160
        1905         1720
        1906          985
        1907           65
        1908           42
        1910            0
        1912          769
        1915         3000
        1916         8463
        1917          763
        1920         2224
        1921         1945
        1922           33
        1927         4662
        1930         1226
        1931         5400
        1933         3256
        1935         6352
        1937         2504
        1941         1737
        1942         1637
        1943         1356
        1944          709
        1945            0
        1946         1961
        1948         5747
        1952          907
        1953         5686
        1954            1
        1956          687
        1957         4472
        1958          447
        1959         1956
        1960         1871
        1962           79
        1963         4710
        1964          134
        1965         2335
        1968         1050
        1972            0
        1973           68
        1976         1613
        1978         1746
        1983         4455
        1989         1194
        1991         1067
        1992          619
        1993         5682
        1994         1602
        1999         3044
        2003         1022
        2007         7764
        2008         1498
        2012         8465
        2016         1073
        2018         2141
        2019           60
        2020          590
        2021         6650
        2025         4970
        2027          134
        2028          533
        2029            0
        2031         2175
        2032         1019
        2034         1405
        2035            9
        2037         1850
        2041         1184
        2047         7883
        2051         3275
        2057          168
        2061         1720
        2063         7036
        2065         1814
        2066         4883
        2067          576
        2068         1704
        2069          999
        2070         1333
        2072         4529
        2073         1021
        2075         5696
        2076          286
        2077         1403
        2078         1046
        2080           18
        2081          157
        2084         4771
        2085          554
        2086          373
        2089          795
        2091           64
        2093         6971
        2095          450
        2096         6010
        2097           77
        2105            0
        2108         4282
        2110            9
        2112          289
        2117         6923
        2119          182
        2120         2374
        2123         3104
        2124          687
        2127          313
        2129          396
        2131         8365
        2132         6132
        2133         5362
        2137          473
        2138         1023
        2139         5679
        2140          196
        2141          569
        2144          698
        2145         6778
        2146         6114
        2147          445
        2148         4922
        2150          257
        2151          657
        2152         2150
        2153           28
        2154         6028
        2159          156
        2161         1295
        2163         3215
        2166         1702
        2167          705
        2168          234
        2170         7334
        2173         2862
        2177          279
        2178           37
        2181          657
        2182         8122
        2183         1890
        2185         2005
        2187          661
        2188           51
        2190         5400
        2191         3182
        2192          800
        2194         6240
        2198          126
        2201          750
        2202          104
        2207         1266
        2214          489
        2215           41
        2217         6513
        2221         2237
        2224         1612
        2226         6269
        2227         8327
        2228         4539
        2230         4579
        2231          230
        2232         1600
        2233            3
        2234         4695
        2237         2227
        2239         7084
        2240           42
        2241         4460
        2243         5587
        2244         1613
        2245         1588
        2246         3455
        2247         3380
        2249          301
        2252         6678
        2261          217
        2262         8416
        2266          829
        2270          591
        2271         3046
        2272         3445
        2274         1998
        2276         1254
        2284         6785
        2286            0
        2287          305
        2288         2295
        2289         5160
        2290         3361
        2291         4663
        2295         1854
        2298         3126
        2300         3316
        2301         1464
        2305         2361
        2306          312
        2308         2455
        2309         1022
        2310         2294
        2311          862
        2313         7232
        2314         2465
        2315         8016
        2318          173
        2320          283
        2324         3395
        2327         6446
        2328         2356
        2330         4815
        2332          848
        2333          396
        2337          668
        2340            0
        2341            3
        2342          386
        2349          104
        2351         4802
        2352         5416
        2353         8559
        2354         2374
        2355          344
        2358          229
        2361         1296
        2362         4451
        2365           15
        2368          114
        2369          122
        2372           82
        2373          470
        2375         3840
        2383           51
        2386           62
        2388         2523
        2389         1090
        2391          167
        2392         2099
        2393          432
        2399         2370
        2401         7265
        2403         1419
        2404          167
        2408          657
        2410         8196
        2411         3495
        2412         6555
        2413          275
        2414          824
        2415         1083
        2416         2490
        2417         3074
        2422         1192
        2426         2372
        2428          197
        2429         6335
        2430         7987
        2431           37
        2432         3336
        2435         1888
        2436         1895
        2438         1412
        2446         4627
        2447          722
        2448            9
        2453         6010
        2456          205
        2457         3864
        2461         1792
        2462          520
        2465         5593
        2466            1
        2467           19
        2468          994
        2469         3421
        2470          981
        2472          258
        2475         1652
        2481           77
        2482           65
        2483         6131
        2484         1426
        2486         1410
        2488         1922
        2490         1373
        2491           27
        2493         3311
        2498          346
        2500         5461
        2501         2953
        2503         2105
        2504         1404
        2505         2325
        2506          438
        2507           90
        2510          479
        2511          366
        2512         3069
        2514         5001
        2516          404
        2519         7329
        2522          146
        2524          548
        2525          196
        2526           56
        2527         3213
        2530         4936
        2531         4478
        2532           41
        2533           48
        2536          204
        2537           34
        2539         4246
        2542           73
        2543          668
        2548         2544
        2549         3226
        2550          467
        2554         6565
        2556         5791
        2564         9083
        2565           54
        2566          835
        2567         6602
        2569         1152
        2571           91
        2578           47
        2579         1517
        2587          158
        2589          103
        2591         7834
        2594         7086
        2595         1158
        2596         3266
        2597           17
        2601         3063
        2603          428
        2604         6064
        2610          702
        2614          491
        2617         1113
        2618         2981
        2621          234
        2622         1548
        2623         1348
        2624          515
        2625         6980
        2627         3507
        2630          287
        2635         6600
        2636           65
        2638         8022
        2639          658
        2640         2227
        2641         1415
        2643           86
        2646           60
        2647            9
        2654            7
        2655         1474
        2657         5708
        2659         1702
        2661         1243
        2662         5042
        2663         4100
        2664         4848
        2666           36
        2669           89
        2670           18
        2684          325
        2686         3074
        2687          186
        2688         1653
        2692         1864
        2694          483
        2697           25
        2698           47
        2701         1209
        2702         1716
        2703         2256
        2705           28
        2709         2134
        2712         2595
        2715         1051
        2720         1451
        2722           12
        2726          123
        2727         7254
        2729         7686
        2730         5702
        2731          837
        2736          371
        2737          638
        2740         5007
        2746         4259
        2749         1943
        2750          412
        2752         7727
        2753         5163
        2754         3534
        2763           85
        2764            7
        2768         3972
        2769         4025
        2775          256
        2778            2
        2779         2858
        2782         1143
        2784         1563
        2787          446
        2793          375
        2794         2779
        2796         4020
        2800          630
        2801           24
        2803         4644
        2804         3020
        2805         1847
        2806         3829
        2807          666
        2809          534
        2812           62
        2814          302
        2821         4389
        2823           39
        2825         6298
        2826         1637
        2827         4266
        2828          418
        2832         2274
        2834         3679
        2840         3183
        2842          331
        2846          588
        2850         5838
        2855         2016
        2859         4762
        2862         1538
        2864         1094
        2866         4513
        2872         1049
        2874         5023
        2875         8569
        2878           37
        2881         7445
        2883           75
        2884         7356
        2885           34
        2886         2555
        2888            0
        2892         2789
        2893           16
        2897         8342
        2899         5175
        2900         1706
        2901          138
        2902          323
        2903          731
        2904         4409
        2906         1199
        2907         4016
        2911          321
        2914          298
        2918         1641
        2919         1443
        2920          201
        2924            0
        2926           18
        2931         3568
        2934         3258
        2935           56
        2936           54
        2948          453
        2953          958
        2955          374
        2956           22
        2958          512
        2962          599
        2964           25
        2968          458
        2969         4961
        2970         6430
        2972          354
        2975         2914
        2976         5200
        2977          347
        2978          301
        2980         5400
        2985         6209
        2986            1
        2989         8199
        2990         1710
        2992         7349
        2994         3850
        2998         4627
        3001          534
        3002         1373
        3003         1563
        3004         1056
        3005          231
        3006         8416
        3008         1708
        3009          358
        3012         1567
        3014         3401
        3017         8470
        3023           59
        3024          773
        3025         2090
        3026          132
        3028            2
        3030          699
        3035         8326
        3036         7874
        3043         1026
        3047         3205
        3048         4891
        3050           14
        3052         3079
        3054          283
        3056         2977
        3057         3479
        3059         7116
        3061          334
        3065         5780
        3066           89
        3068         1765
        3070         1788
        3072          315
        3075         6918
        3076          704
        3077          104
        3080         1430
        3088         8002
        3090         3067
        3092         6330
        3093          240
        3096         2107
        3099         1125
        3100           95
        3101         3038
        3103         2310
        3104          202
        3105         1175
        3107         4232
        3111           58
        3114         2939
        3116         4914
        3118         1405
        3119         4855
        3121         1492
        3122         3687
        3123         2084
        3124         3099
        3127          731
        3128         3281
        3130            9
        3133          490
        3135         5591
        3137          394
        3138         4112
        3140          997
        3143         7910
        3148         4589
        3151          137
        3152         2017
        3153         5866
        3154          333
        3158           11
        3161          100
        3162          937
        3164         6267
        3166          396
        3170         7012
        3172          571
        3177         7754
        3181         1089
        3185         5299
        3186           97
        3196          914
        3198          587
        3202         2802
        3203         1235
        3204         2153
        3206         3318
        3207          217
        3211           36
        3213           86
        3219            0
        3221         1640
        3222          896
        3224          330
        3226         3385
        3229          153
        3233         2836
        3234         1025
        3235         3889
        3236          707
        3237         3790
        3238         4966
        3239          427
        3240          684
        3241          878
        3244         1779
        3245         4256
        3246           88
        3247         3306
        3254         4946
        3255         3232
        3256          665
        3260         4536
        3261          947
        3262         2001
        3264         1127
        3270          861
        3275           55
        3277         6729
        3278         6650
        3284          472
        3287          120
        3289         4855
        3293         1106
        3295         3179
        3298         8822
        3299         5680
        3300         8313
        3301          368
        3303         1817
        3305         3257
        3311         1535
        3312         1649
        3313            5
        3314         5715
        3318         3874
        3325         8289
        3326            1
        3327         4829
        3335          691
        3336            0
        3338         8015
        3339         2778
        3341         4190
        3348         2316
        3349         1102
        3353          650
        3355         3873
        3356          400
        3363         4375
        3364         3050
        3365         3333
        3368         5847
        3371          381
        3373          581
        3376         1019
        3377         6170
        3378          302
        3379         2602
        3380           25
        3381          297
        3383         1992
        3390         2537
        3392         3161
        3393          154
        3394         5850
        3395          339
        3398           25
        3402         7670
        3403           87
        3407          291
        3411         2405
        3412           22
        3414         2790
        3415         3478
        3417         3114
        3418          123
        3420         5243
        3422         1065
        3424           78
        3425          204
        3430          734
        3432         3834
        3435         9071
        3437         2222
        3438            0
        3442           47
        3446          586
        3448         6629
        3449          141
        3452         1198
        3457         3772
        3458         5948
        3459         3876
        3463           88
        3464          280
        3466          374
        3467          162
        3469            5
        3471         4737
        3473         2842
        3474         1287
        3475         7296
        3479         4961
        3480         1045
        3481         4411
        3484         7070
        3488         4723
        3490            2
        3492          531
        3493          533
        3495         1712
        3497         6130
        3501           77
        3502         2212
        3505         3863
        3513         3607
        3514          280
        3521          817
        3526         4262
        3529          168
        3532          346
        3535            4
        3552          946
        3554         3988
        3563         6272
        3564          599
        3566          107
        3567         2747
        3572         8735
        3574          362
        3575         4374
        3578          251
        3581         3172
        3588          175
        3591         4322
        3599          142
        3600          291
        3602         5274
        3603            0
        3607         4081
        3608           13
        3609          586
        3618         7764
        3620          696
        3621          761
        3625         4511
        3626         5186
        3627           71
        3628          614
        3632           53
        3633         3722
        3634         4722
        3637           54
        3640         1170
        3643           97
        3645         3194
        3648         6297
        3654         1538
        3655          675
        3658          276
        3661         3754
        3664         1238
        3665           31
        3668         6376
        3669           29
        3670         9255
        3672           13
        3673          331
        3677          157
        3678         7149
        3680          908
        3681         2440
        3685          644
        3691          163
        3693           31
        3694         9354
        3696          373
        3698          752
        3700         3157
        3702          327
        3704         2707
        3706         1022
        3707         2394
        3708          508
        3711         2535
        3712          936
        3713          767
        3715         1426
        3716          143
        3717         7917
        3721          666
        3724         2556
        3725            0
        3726         8153
        3727            0
        3728          761
        3729         1322
        3732          105
        3741          237
        3750         2335
        3751         3933
        3755           91
        3756         3483
        3758         1907
        3759         3950
        3763         2270
        3766         4168
        3771          153
        3773         1545
        3775          997
        3780         7528
        3785           85
        3786            0
        3790         1510
        3796         1165
        3802         1444
        3804          622
        3805         5625
        3809           40
        3810         1458
        3811         2612
        3812          144
        3815         1210
        3816          201
        3819         1704
        3820         2956
        3825         4509
        3827         8416
        3834         3676
        3835         6682
        3838         2485
        3848         4394
        3849          325
        3850          885
        3852         4283
        3858           90
        3859         4847
        3862           77
        3863           57
        3864         7574
        3865          871
        3866          196
        3867         5103
        3868          353
        3870         1623
        3872          204
        3880         7490
        3881         3964
        3882         3811
        3883         6683
        3885          790
        3891          116
        3895          255
        3896          271
        3897          276
        3902         5020
        3904          550
        3915          267
        3916         1128
        3924         4264
        3927         1461
        3930         1813
        3934          142
        3937         2343
        3944           49
        3946         3624
        3947         3261
        3950           44
        3952         5835
        3953          245
        3955         6010
        3958           25
        3959         1674
        3960         5729
        3961         1698
        3962         6837
        3966          536
        3967          432
        3968         6785
        3970         1573
        3975          172
        3978         8645
        3980         2302
        3981         2802
        3985          379
        3990         3148
        3991         7464
        3995          196
        4002         2116
        4004         6273
        4005            2
        4006          574
        4008         4017
        4013         1037
        4015            1
        4017           71
        4018            0
        4020         1081
        4022          321
        4023         5132
        4030         7864
        4032          120
        4033         1262
        4036         6178
        4042         7957
        4043            0
        4051            2
        4054           72
        4058         6062
        4059            0
        4061          203
        4062          591
        4067          330
        4069           76
        4073         4137
        4074         2224
        4077          218
        4078         3976
        4079           10
        4085         3452
        4088          255
        4089          339
        4091         4637
        4092         2884
        4093          377
        4096            9
        4097         1292
        4100          632
        4102          252
        4104          934
        4105         4564
        4107         7719
        4113         8600
        4123         1192
        4125          164
        4126          158
        4127          453
        4128         4337
        4129         3775
        4131         1783
        4132         5937
        4134          448
        4143            0
        4147         3368
        4150           51
        4157         3027
        4161         7452
        4163         1938
        4164         1636
        4166           54
        4167          285
        4168          587
        4173         6344
        4179            0
        4180         2105
        4181            0
        4183         3763
        4187         4038
        4192           12
        4194         6544
        4197         2650
        4199         3518
        4207           66
        4211         1416
        4213         4647
        4215          204
        4219         2523
        4224          236
        4225           42
        4236          168
        4239         1418
        4240          167
        4244         1158
        4247         1388
        4249          489
        4250         3351
        4256          265
        4263         4025
        4264         1340
        4272         6461
        4273          362
        4275         7553
        4276           61
        4283          742
        4285          466
        4286           18
        4287          234
        4288           19
        4289         1246
        4291         3083
        4293           97
        4296         2214
        4298         1404
        4300          507
        4304         1222
        4309            0
        4315           10
        4322           54
        4325         1926
        4326         1073
        4330           46
        4331          152
        4332          968
        4337           73
        4344            5
        4345         4256
        4346          364
        4350         2664
        4351         7238
        4352         8106
        4356           52
        4367         3808
        4377         2903
        4378          256
        4385            9
        4386           15
        4389           68
        4390           24
        4392         8548
        4394          117
        4395         7043
        4396          124
        4397           60
        4400         7411
        4402           10
        4406          204
        4407         1822
        4423         7084
        4424          999
        4425           19
        4428          381
        4432         5751
        4433          693
        4436         7838
        4437         1966
        4439           59
        4444          285
        4448          291
        4450            0
        4451          118
        4452         6776
        4453          580
        4456         1672
        4458         1731
        4461         4928
        4462          366
        4465         2245
        4467         5989
        4469           55
        4471         4246
        4475         3921
        4479           37
        4480         5763
        4484         1914
        4487          512
        4495         3579
        4498         4573
        4499           24
        4505         4549
        4510         5866
        4512         1737
        4515         1610
        4519          146
        4522          898
        4529          928
        4530          761
        4531          819
        4532         4441
        4534         3203
        4538         7301
        4543         2073
        4544          104
        4549          429
        4551         2160
        4553          371
        4559         5583
        4560         3252
        4562          319
        4564         2148
        4572         3088
        4573          377
        4576          418
        4579         2440
        4583         2993
        4587          369
        4588         3328
        4590          275
        4595         4862
        4597            6
        4599         1435
        4608         2090
        4611           78
        4612         6210
        4619         6386
        4623          431
        4625         4015
        4629           24
        4630          837
        4634          518
        4637         8204
        4640         1652
        4641         7735
        4643         1423
        4644         4176
        4645           44
        4648         4922
        4649           25
        4650          794
        4660         7489
        4663         1538
        4667         1210
        4668          264
        4673           18
        4674          177
        4685           94
        4690          243
        4691           94
        4694          186
        4697          666
        4702         2999
        4706         8227
        4707          821
        4709         1019
        4712          562
        4718         4656
        4721            1
        4723         2575
        4727          991
        4728         2382
        4729           14
        4734         1641
        4735          134
        4736          924
        4738           36
        4745         6548
        4747         1623
        4750          284
        4751          482
        4754          484
        4758            1
        4765         3976
        4771         1510
        4772          118
        4776          338
        4780         1653
        4782          534
        4786         1723
        4791           95
        4797           15
        4799          223
        4805         8461
        4806         3841
        4807         2438
        4810           47
        4814          424
        4816           49
        4821         8097
        4823         2055
        4825         7648
        4826         4170
        4828         6357
        4841          638
        4844          418
        4848         1463
        4856         4958
        4859         3492
        4861          611
        4863          228
        4864           13
        4868         3067
        4870         2915
        4872         2758
        4877         3322
        4883         1777
        4887         1238
        4888           15
        4891          550
        4892         1907
        4895         4464
        4898         1056
        4899         1885
        4900            5
        4901         5106
        4904           84
        4907         3645
        4910          384
        4911           85
        4913         1216
        4914         7152
        4917         2858
        4918         4995
        4919          167
        4928           41
        4929         5205
        4930         4319
        4934           85
        4935           18
        4936          249
        4941         1711
        4949          312
        4951          392
        4959            3
        4962         2752
        4963         5351
        4965         1716
        4967          152
        4970           95
        4971         5849
        4973         5125
        4979         2805
        4980          406
        4981         1365
        4983         2422
        4985         5748
        4986         6135
        4992         2614
        4995          276
        4996         6602
        5009           40
        5012         1611
        5014           43
        5019          138
        5025          411
        5029         1222
        5035            2
        5037         2458
        5038          693
        5040          298
        5041          860
        5044            9
        5051          109
        5053          724
        5056         1548
        5058          572
        5060         1920
        5062         1994
        5066          111
        5068         1382
        5069         3062
        5071          346
        5073           98
        5077         3183
        5082         3366
        5089         1479
        5091          826
        5096         7509
        5107          275
        5108          566
        5112          938
        5119         1985
        5120         3738
        5123          271
        5125         3217
        5126         6933
        5143          111
        5147          556
        5152          683
        5153         1074
        5159          653
        5161         3829
        5165         3054
        5168          747
        5173         1557
        5180         4290
        5181          660
        5183          558
        5186          264
        5191         5036
        5194         3700
        5195           13
        5198          339
        5202         3615
        5206         2202
        5207         6753
        5208           22
        5209         3769
        5211         3220
        5214         1111
        5215          444
        5216            5
        5226         2853
        5230           54
        5231         6338
        5233         5186
        5235         7992
        5242         8888
        5249         8328
        5254          351
        5255          320
        5259         1767
        5260         1180
        5261           34
        5265           56
        5268            0
        5269         1513
        5271         3543
        5272         4404
        5273           73
        5278         1262
        5280         9209
        5286         5298
        5295            0
        5297          616
        5302           42
        5304          257
        5306          217
        5307         4573
        5309         3287
        5311         3816
        5314         7842
        5318            4
        5322          375
        5324         3675
        5329         1295
        5330         4586
        5334          637
        5339         2859
        5342          403
        5352          320
        5355            0
        5356         5569
        5357         2907
        5363         7093
        5365         4024
        5370         1497
        5378         5053
        5382         2413
        5385          601
        5387         1562
        5390          298
        5391         1877
        5393         3044
        5397         6175
        5398          185
        5399          461
        5400          107
        5407         7043
        5411         5667
        5412          111
        5414         3445
        5415         1687
        5422         6724
        5428         5800
        5431           38
        5433          373
        5434           79
        5438         1902
        5440            7
        5445          370
        5449          370
        5455            0
        5458         6401
        5465         4474
        5472           90
        5473          513
        5477          297
        5478          340
        5480          550
        5482         3873
        5484         4231
        5485         1321
        5492           88
        5498         5492
        5500          218
        5503         4096
        5507          377
        5510          218
        5511          505
        5513          746
        5520            7
        5522         3141
        5524          197
        5527           55
        5530           97
        5537         7546
        5546         2773
        5561          132
        5563         2662
        5564         3137
        5565          160
        5570         4562
        5571         5567
        5573           84
        5575         6192
        5579          629
        5580         1081
        5582            3
        5583         1492
        5591         1636
        5594           43
        5595          853
        5597         6345
        5607           29
        5608            0
        5615         5894
        5617          253
        5618          208
        5621            8
        5622            0
        5623         1454
        5624         2230
        5625         4545
        5627         5718
        5629            0
        5631         6010
        5633         1308
        5638          752
        5639          492
        5640          759
        5643         1386
        5646          554
        5647         5647
        5648         5591
        5649          202
        5651         4655
        5654         1372
        5655         2480
        5656           67
        5658         7456
        5660          587
        5663          159
        5665         1115
        5668           13
        5672          164
        5675          186
        5677          128
        5684         6578
        5691         1674
        5694         3425
        5696         3172
        5701         6678
        5704         2801
        5705         5001
        5706         3041
        5708          915
        5710         2479
        5720          709
        5730         2351
        5733         2006
        5734          496
        5737          243
        5740         2858
        5743          738
        5744           60
        5749         4225
        5751           15
        5753           42
        5756            1
        5761         1037
        5762         1241
        5764         6191
        5770         3196
        5773          792
        5775          128
        5785         2222
        5789         8831
        5792         2925
        5793         4358
        5796           28
        5805          257
        5806         2435
        5810         1329
        5811         1145
        5815         5816
        5818            0
        5819          710
        5821           13
        5823         1998
        5824         5964
        5825          729
        5827         5857
        5830         3566
        5833          848
        5836         1412
        5841         8832
        5842          162
        5843         5886
        5844          780
        5853         1866
        5860          437
        5862         1664
        5864          208
        5866         1547
        5868           42
        5871         1898
        5879          761
        5884          289
        5885           13
        5887          761
        5889         3097
        5894          658
        5895         3942
        5899         4461
        5901         1846
        5902          138
        5910          422
        5913         1403
        5920          348
        5924          284
        5925         8708
        5927           45
        5929         6605
        5932         2652
        5935         1708
        5938          293
        5940         6738
        5941           32
        5942          264
        5943         8039
        5951            0
        5953         1857
        5960          934
        5968          118
        5972         1956
        5977         5562
        5980          496
        5984         8824
        5990         1962
        5993         8755
        5994         1065
        5999          326
        6000         3914
        6005         4267
        6006         1412
        6007         5573
        6009          379
        6014           28
        6016         6571
        6026           29
        6030         2011
        6032         1337
        6033          373
        6036         3350
        6037         1329
        6046           44
        6049          267
        6052         1387
        6059           57
        6061         2479
        6066          269
        6069         5454
        6078          384
        6083         2267
        6090          118
        6093         1159
        6094         7466
        6095         4144
        6097         4664
        6099         5866
        6100         5288
        6104          418
        6105         4721
        6107         1125
        6109         2435
        6121          405
        6123          544
        6126         2139
        6136         2577
        6138         5160
        6139         3287
        6142          711
        6143          317
        6144         2240
        6162         5294
        6165         1220
        6168           14
        6174           89
        6177         1030
        6180            0
        6189          157
        6191         5938
        6195         5665
        6196          257
        6201         1874
        6202         6450
        6205         3421
        6208         5925
        6216          258
        6218         4280
        6226           42
        6229          184
        6231         1591
        6232          449
        6235         1108
        6237          222
        6240         6973
        6243         4945
        6246         1612
        6247          889
        6248         7073
        6250           89
        6252         2899
        6256         1266
        6266         2708
        6267         5587
        6268         2372
        6274           28
        6278          685
        6286            3
        6292            1
        6296          780
        6298          111
        6305         1069
        6306          842
        6309         1427
        6311          496
        6314         3297
        6325         1617
        6331         4464
        6342         1081
        6348         4337
        6350         2119
        6353         7803
        6359         6552
        6360          238
        6365          561
        6367         1086
        6370           36
        6381         1448
        6383         2061
        6388         1697
        6390          191
        6395         2767
        6396          111
        6397         2597
        6401         2912
        6402          540
        6403         3268
        6407         3434
        6410          188
        6414           94
        6432          120
        6433         2019
        6436          679
        6440          606
        6451         3545
        6453         3949
        6458         3369
        6459          932
        6460         2032
        6461          276
        6463          196
        6466          762
        6472          727
        6477         3339
        6483          188
        6487           19
        6488            0
        6502          140
        6503         1640
        6511          577
        6512          496
        6518          284
        6524          251
        6526          209
        6531         1454
        6535           67
        6539            0
        6541         8337
        6547         7820
        6549           97
        6552         2825
        6557            0
        6558         6585
        6561          106
        6562          419
        6566         2618
        6568          819
        6569         3379
        6570            4
        6574          601
        6580         1652
        6581          571
        6584         1372
        6599            0
        6600          507
        6606         2157
        6610         7289
        6611          154
        6615            0
        6618         2308
        6623         5103
        6626            7
        6628         4091
        6630         2322
        6631         5331
        6633           92
        6637          764
        6639         1180
        6641          297
        6642         1016
        6650         6552
        6655          147
        6656         3433
        6657         3540
        6664         3115
        6665          151
        6666          197
        6668         2602
        6676          384
        6678           54
        6680         3196
        6683         1818
        6691         1698
        6692          138
        6694         9209
        6698          243
        6703         4428
        6710          428
        6712          330
        6715         2389
        6718         4866
        6727            2
        6730         7094
        6731          294
        6739           32
        6743         5656
        6746         3414
        6756         1758
        6761          485
        6763         1246
        6769         1838
        6773          117
        6778           62
        6780           40
        6783         3714
        6785         2836
        6787          167
        6791         2121
        6796           37
        6799            2
        6802         1364
        6823           25
        6834           33
        6842         3761
        6847         2694
        6851         4168
        6853          369
        6858         1184
        6863           86
        6865           15
        6867         9270
        6868         8253
        6880            9
        6885         1658
        6888          652
        6889          481
        6892           41
        6894         3096
        6902          908
        6908         5310
        6913          154
        6915         2523
        6919         1228
        6928         1019
        6935         8050
        6939         8255
        6945           19
        6960         7442
        6962         2292
        6963         3734
        6968          252
        6979         2154
        6980         2615
        6981          498
        6982           18
        6984         3199
        6986         6588
        6988         2683
        6995         1199
        6997         3769
        6999         6436
        7001         2767
        7002         2632
        7005         2977
        7006            0
        7008          628
        7011         1321
        7012         2005
        7013         1287
        7015         1745
        7018         7869
        7019         6991
        7020         7445
        7022         2012
        7024         2712
        7028          755
        7033         1062
        7034           79
        7045         7145
        7049           15
        7059         7867
        7060          234
        7062         1369
        7063          934
        7065           88
        7072          579
        7075           18
        7078         4927
        7092         1111
        7094         3205
        7098            6
        7100         1207
        7102         3360
        7103          713
        7110           79
        7111          362
        7112         1674
        7115          234
        7121          250
        7126          107
        7133          425
        7137         7567
        7146         1008
        7160         2236
        7161          418
        7165          217
        7179         2116
        7186         3134
        7190         7280
        7198         6819
        7208          898
        7218            4
        7236          197
        7242         1893
        7246         3351
        7251         1044
        7256          794
        7259          584
        7262         1086
        7263          910
        7274           87
        7278           42
        7279         3182
        7293         3924
        7294         6879
        7295         5144
        7304            0
        7308         1245
        7309         4269
        7315         2683
        7316          145
        7319         1509
        7325          374
        7329         8031
        7331          334
        7333         5438
        7350           39
        7352         1652
        7353          105
        7357          457
        7363          881
        7367         7919
        7368           12
        7370          132
        7372          116
        7378          588
        7386            0
        7405         7419
        7406          231
        7413         4916
        7429          151
        7431           32
        7436          470
        7440           91
        7448         2499
        7452         6479
        7460           36
        7462         3372
        7465         1128
        7466          275
        7467          238
        7468         1369
        7477         1920
        7484         1027
        7497         3928
        7505          297
        7506         1255
        7532          273
        7536         2186
        7538         2493
        7549         4958
        7553          289
        7556            0
        7558         1189
        7563         6634
        7566         3949
        7568         1009
        7578          112
        7599          754
        7600           53
        7605          756
        7614         1495
        7624         6323
        7625            0
        7627         5308
        7628         2087
        7650          208
        7651           29
        7655         4399
        7664            0
        7668          172
        7669          936
        7672          151
        7676         2329
        7677         3950
        7680          134
        7693         1470
        7721         2872
        7726          944
        7733          140
        7734         2597
        7737         3788
        7738           84
        7765         1549
        7766          412
        7767           16
        7773           45
        7785           19
        7789           22
        7791         5752
        7804          908
        7808         3856
        7809         1372
        7810         4879
        7813          667
        7819         3183
        7820         6163
        7829         1566
        7831         2703
        7838         3358
        7848         4379
        7850         3223
        7851          339
        7859         1353
        7865           27
        7871         7013
        7872          653
        7876            0
        7879         6214
        7896         1914
        7903         6089
        7905         1639
        7915         1022
        7916         5467
        7917           56
        7919          203
        7921         8133
        7930           91
        7940         2912
        7941           92
        7944         1521
        7953         5057
        7958          519
        7964          211
        7968          644
        7974           62
        7979         6972
        7995          242
        7999          676
        8008          186
        8014           43
        8017         4116
        8019           19
        8020          722
        8042          134
        8051         5988
        8053         2300
        8057         5275
        8064            0
        8066           73
        8069         2338
        8072           13
        8074          751
        8075         3544
        8105         1086
        8107         3197
        8108          185
        8109          678
        8112         7637
        8119         2046
        8122         1278
        8134         1016
        8135           90
        8138          386
        8142         5220
        8146          568
        8150         2688
        8155          376
        8158          775
        8161            7
        8164          176
        8171         1519
        8176         2282
        8184         1050
        8205          945
        8206            0
        8208           53
        8209          354
        8213         4174
        8227         1451
        8232         3401
        8236          240
        8240          336
        8241          411
        8253          185
        8257           99
        8261          882
        8262         3347
        8263         5984
        8276         2071
        8289         2654
        8296         2084
        8310           68
        8313          155
        8315         1608
        8319         6682
        8323           15
        8324         4748
        8339          538
        8348           55
        8357           79
        8361          566
        8367           33
        8370          240
        8371          293
        8372          515
        8382         6665
        8385            0
        8391          142
        8392         2523
        8410         1387
        8424          276
        8438          231
        8444         3284
        8457          153
        8461          168
        8462            0
        8464           45
        8482         6221
        8483           60
        8484          398
        8493         3894
        8494         5864
        8496           55
        8498         4470
        8502           13
        8504         1332
        8518         1292
        8532          374
        8541           28
        8551          161
        8566         1189
        8568         1723
        8569         6610
        8574          679
        8584          569
        8591         1077
        8610           28
        8620         7152
        8630         6424
        8642           15
        8647         3275
        8657         3395
        8658           14
        8674          567
        8678         3323
        8679          172
        8684          454
        8695         1514
        8708         7090
        8713          115
        8744          235
        8750          256
        8753          384
        8755          474
        8758         5889
        8759          261
        8772         5601
        8775          539
        8788         4339
        8791            6
        8793          650
        8801         5886
        8803         5021
        8805         1016
        8814          668
        8815          751
        8832          334
        8844         5374
        8845          271
        8847         5531
        8856         8873
        8865         3840
        8866         2396
        8874          968
        8877          522
        8881          221
        8886          211
        8924          127
        8928         1702
        8929         1348
        8934          862
        8954           84
        8955         5604
        8957          675
        8966          118
        8969         3724
        8973          275
        8980          321
        9009          146
        9021         3979
        9037          151
        9041          968
        9042          238
        9043           17
        9047          848
        9069         1227
        9073           13
        9078         1658
        9080         2387
        9082         2119
        9087          112
        9105         2086
        9115          168
        9133           16
        9138          629
        9140         3415
        9147          496
        9148         3928
        9151            2
        9158          246
        9160         1019
        9163          819
        9164         4269
        9177          158
        9178         1659
        9185         3442
        9186         2334
        9194         3327
        9202          370
        9209           25
        9233         2132
        9240           73
        9251          756
        9252         2222
        9253            0
        9254          384
        9280         1119
        9296         2362
        9306         1474
        9325           25
        9330          947
        9337         1571
        9346           65
        9352         6634
