# HaloID(1) HaloID(2)
           0            0
           1            1
           2          251
           3            2
           4           27
           5            6
           6            4
           7         1489
           8          603
           9            8
          10           86
          11           12
          12           11
          13           88
          14         2232
          15          124
          16         3538
          17         1627
          18           10
          19          135
          20           33
          21          971
          22         2639
          23            0
          24         2030
          25          255
          26          309
          27          505
          28          774
          29         4218
          30          352
          31          605
          32          139
          33          188
          34           30
          35          695
          36         1214
          37          368
          38         2198
          39           36
          40          781
          41           40
          42           38
          43            0
          44           41
          45           42
          46           36
          47          116
          48          291
          49         4583
          50           47
          51           51
          52         3465
          53         5995
          54         3421
          55         4780
          56           36
          58          873
          59          556
          60           25
          61           75
          62           63
          63            2
          64           70
          65         6454
          66          139
          67          347
          69         1200
          70           62
          71         3802
          72          383
          73          110
          74          170
          75         1233
          76           59
          77         5509
          78         6998
          79            1
          80          992
          81          201
          82          383
          83           82
          84         2852
          85          174
          86           73
          87            3
          88           50
          89         1295
          90         1199
          91          285
          92         2716
          93         3950
          94         2394
          96           91
          97         2447
          98         1107
          99          223
         100          378
         101         2048
         102          387
         103         2691
         104         2888
         105         1096
         106         2154
         107          708
         108          108
         109          110
         110          540
         111         3059
         112         2281
         113           10
         114          634
         115         2545
         117           36
         118         1095
         119         5224
         120          892
         121          759
         122         3969
         123           42
         124         2897
         125          128
         126          966
         127         2605
         128          681
         129           31
         130          580
         131         3283
         132          544
         133         4425
         134         3088
         135            3
         136         4757
         138         1024
         139          119
         141         3989
         143         1645
         144         1131
         145         2820
         147          127
         148         1343
         149           74
         150         7472
         152          807
         153         5875
         155          825
         156           40
         157         1426
         158         1272
         159         5803
         161            8
         162         4775
         163           20
         164         4528
         165           36
         166           27
         167         4428
         168         5234
         169           72
         170         1445
         171         5243
         172          166
         173         3578
         174         2580
         175           16
         176          182
         179         3720
         181            1
         183         1896
         184         2805
         185          126
         186          389
         187         3005
         188          571
         190         1553
         191            0
         192          168
         193          196
         195          854
         196         2431
         197          835
         198          149
         199          547
         201          756
         202         5568
         203         2942
         204          645
         206           27
         207          889
         208          337
         210            2
         211         1264
         212         2516
         213         4392
         214         2928
         215         5278
         216         2005
         217          256
         218           75
         219           53
         220         1145
         221          232
         222          219
         223          894
         224          399
         225          928
         227          295
         228            5
         230         4136
         231         5901
         232         5454
         233         4146
         234            0
         237         4140
         238         3421
         239          168
         240         1500
         241         3107
         242          530
         243           44
         246         7857
         247          246
         248         2134
         249         6252
         251          241
         252         1702
         254          286
         255          118
         256         7440
         257          264
         258         5829
         259         4657
         260          482
         261          338
         262         6922
         263         1582
         264          236
         265         2416
         266         6776
         267          754
         268         2700
         269         2225
         270         1958
         272          163
         273         2960
         274         3051
         275          144
         276            1
         277         3111
         278           98
         279          372
         280         5613
         281         1848
         282         2833
         284          409
         285         2517
         286         4784
         287           30
         288          282
         289          121
         290         5889
         292         7343
         293         3552
         294          438
         298         2099
         299          579
         302         2126
         304            5
         305         1807
         307          614
         308         1778
         309         2843
         310         1221
         311           75
         312          306
         313         3935
         315           23
         317          820
         318         1548
         319           73
         320          909
         321         1961
         322          802
         323         2618
         324          324
         325          135
         326           89
         328         1642
         329          331
         330          431
         331         2257
         333         1835
         336           37
         337          115
         338          257
         339          380
         340         1365
         341         2206
         342          165
         343         2030
         345           31
         346          211
         347          841
         348           25
         349          456
         350           41
         351         4320
         352          499
         353          290
         355          174
         356         2721
         357         5700
         358         4623
         362          306
         363         3467
         365         6781
         367          372
         369         1539
         371         3908
         372         2010
         373         1296
         375            3
         376         3856
         378         3469
         383            2
         384          695
         385          525
         386         3699
         387         1370
         388         1013
         389         3800
         391          488
         392         7749
         393          791
         395         4136
         396         3248
         397         1526
         400          227
         402         5748
         404          635
         406         5100
         407         2977
         408         1164
         409            8
         410         2464
         411         1579
         412         1175
         413         1267
         414          489
         415         7342
         416          310
         418            0
         420         1978
         421         3797
         422          118
         424          229
         425         1615
         426         3308
         427            1
         430          760
         434         3656
         435          603
         437         4218
         438         1794
         439          259
         440           91
         441            5
         442          389
         443          784
         444         3624
         445         2065
         446         2642
         449         1116
         451          532
         452         7376
         453         6514
         454          814
         455           56
         456           40
         457         4891
         458         6806
         459           16
         460          166
         461          504
         463           60
         464           39
         465         7237
         466          474
         467          447
         469           84
         471         2187
         472         1233
         473         1194
         474         2249
         475          892
         476         4757
         477         1425
         478         1685
         480         2563
         481          607
         482         4812
         485          479
         486         6552
         487          276
         488         1489
         489          625
         490         1403
         492          351
         494          115
         497         1768
         498           13
         499           10
         501          148
         503         2469
         504           25
         506         2484
         507           16
         508          776
         509         5960
         510         5176
         517          805
         518          106
         519         2445
         521         6484
         523         2409
         524         1405
         525          527
         527          166
         528          346
         529         1527
         531           36
         533         2352
         534         4177
         536         3139
         538         3721
         540         2876
         541          481
         546          943
         547         7473
         548         1424
         551         3849
         552          845
         553          516
         555         4009
         557         2959
         561         1105
         562           26
         563           82
         564          614
         566          571
         570         4534
         573          513
         574         1208
         575           25
         577         1645
         579         2806
         580            0
         582         2284
         583         3405
         584         2076
         585         2820
         586         3782
         588         4767
         589          124
         590          381
         591          142
         595         2222
         597          505
         598         5509
         599           76
         605          536
         607         4674
         608         3949
         609          206
         610         1326
         611         1353
         612         1985
         613          530
         614          383
         615         2721
         618          737
         619         2385
         620          258
         622           86
         623         7658
         625         2295
         627         1274
         628         4355
         629         1643
         630         3160
         631         2944
         632          104
         633         2065
         637         2672
         638         1201
         641          324
         645         4775
         646           61
         647           85
         649         2058
         652           94
         653         7109
         656         6183
         658          405
         660          211
         661          313
         662         1338
         663          178
         664         7464
         665         2222
         666          184
         668           16
         670          442
         673         3421
         674         1891
         676          149
         679           57
         680         3085
         681          815
         682          408
         683          831
         684         2615
         685         2302
         687         1979
         689          121
         692          222
         693         3298
         698          207
         700          359
         701           57
         704          967
         705         2306
         706          227
         709          149
         711          286
         713          302
         714          884
         715          750
         716         2148
         718          948
         719         2545
         720          168
         721         6075
         722         3170
         724          207
         725         1841
         726         1402
         727         3034
         728         2221
         730         2263
         733          879
         734         2728
         735           76
         739          363
         740           59
         741          270
         742          973
         743         2339
         744         1490
         746         3682
         748         1219
         750          724
         751           68
         753          437
         755          501
         756         1768
         758         1556
         760         6808
         761         2225
         763          291
         764          454
         766          258
         767         6215
         768         1442
         770         3425
         772         2057
         774           70
         776         1864
         777          110
         778         2268
         780          708
         782         2290
         783         1654
         785          556
         787         1095
         788            1
         790         1003
         791         2123
         792         1871
         794           65
         795           99
         796          221
         797         6249
         798         3679
         799         3125
         800           23
         801         3051
         802         2230
         803         5797
         804          795
         808           27
         809         4285
         811         4079
         812         1199
         815          814
         816         3801
         817           31
         818         3638
         823         1085
         824          172
         827          238
         828         2639
         829         2959
         830         7037
         831         1096
         832          294
         835          818
         837         3259
         838          751
         839         3036
         841         5831
         843         1544
         844           16
         845          317
         846           88
         847         5955
         849           21
         850         1280
         852          135
         853         3321
         854          856
         856           25
         861         5253
         863          980
         865          347
         866         4347
         867         2039
         868          622
         870           10
         871          547
         873         1254
         874         2089
         875         7344
         876         3465
         878           82
         879         2460
         881         3025
         883         1723
         886          113
         887          187
         889          548
         890          166
         891           10
         894         2156
         895           60
         898           59
         900         1278
         904          203
         905          774
         908          144
         910          590
         911         1200
         912         6006
         913          382
         914         3034
         916          187
         918           20
         919           66
         922         1627
         923          168
         929         4884
         931          556
         933         1648
         939         2149
         941          258
         943         6417
         944          402
         945         1511
         947          283
         949         1238
         950         1480
         951         1390
         952          271
         953          147
         955         1194
         958          687
         959          738
         960           23
         961         4728
         963          166
         968          990
         970          983
         971          174
         972         1815
         977         2296
         979         2596
         980         1360
         981         5604
         982         1518
         984         3458
         985         2615
         986          420
         987         3719
         989         5243
         990         5454
         991            7
         993         4312
         996          475
         997         2399
         998           27
         999          328
        1004           86
        1008           16
        1009         4215
        1013         6118
        1014         1248
        1018          594
        1019           31
        1020         1063
        1022         2825
        1023         5223
        1024           16
        1027          160
        1028          513
        1029            7
        1030          540
        1032         3892
        1033         1666
        1035         2574
        1038         5728
        1040         1544
        1042          992
        1043          134
        1044         3125
        1045          157
        1047         1547
        1048         1317
        1050         2962
        1051          426
        1052         2820
        1057         1059
        1058          937
        1061           69
        1062           33
        1063         4153
        1064           34
        1066          368
        1068          174
        1069           97
        1071         5320
        1072          719
        1074         1862
        1077          409
        1078         1870
        1083          153
        1085         2042
        1087         6998
        1088         1859
        1091         1360
        1092          525
        1093            0
        1105         5169
        1106          976
        1109         4328
        1110          123
        1111         6781
        1112          434
        1114           23
        1117          319
        1121          108
        1122          498
        1124         1039
        1126          347
        1127          249
        1128         1107
        1130         3241
        1134         1067
        1136           62
        1138            2
        1141         1233
        1144          322
        1145          814
        1146          277
        1147          843
        1153          992
        1155         1996
        1156         1011
        1157         1950
        1159         7766
        1162          107
        1165          283
        1166           20
        1171         5121
        1172         3052
        1173           21
        1175         2756
        1178            0
        1179         2668
        1180         1891
        1181          431
        1183          568
        1184            2
        1185         1709
        1186         4191
        1188           27
        1189         2796
        1190          306
        1192         4191
        1193         2682
        1194         4336
        1197         1134
        1198          265
        1200         4594
        1202          906
        1204         1184
        1205          206
        1206         1208
        1208         5901
        1213         3350
        1215         4419
        1216          375
        1218           63
        1219         7654
        1221          196
        1222          108
        1225          268
        1228         1039
        1231         6921
        1233         1259
        1234          254
        1235         6175
        1236         2683
        1237           29
        1238         2352
        1240          351
        1241         1238
        1242          112
        1243          470
        1244           66
        1245          627
        1246          457
        1247         1141
        1250         4024
        1251         3045
        1257          681
        1260          940
        1261          208
        1263          249
        1270          416
        1271          215
        1272           26
        1278         2271
        1280          387
        1282         5518
        1286         1502
        1287         1701
        1291         1175
        1292          109
        1293           16
        1298         1869
        1299           60
        1302            4
        1303         3273
        1306            4
        1307           79
        1310         1845
        1311         1489
        1313          172
        1314          791
        1317         4161
        1325         4899
        1326          168
        1327         2477
        1332          415
        1333         4889
        1335         2023
        1346          257
        1347           45
        1353         2231
        1355         1378
        1356         2581
        1361         5169
        1363         1214
        1365          683
        1367         1002
        1368            2
        1370         2179
        1373         1597
        1374          408
        1375          207
        1376          220
        1377         6588
        1378          538
        1385          765
        1386         6618
        1387           13
        1389            5
        1390           40
        1391         7206
        1392         2075
        1393            1
        1394         6514
        1395          607
        1397           97
        1400          685
        1401          120
        1407          408
        1413          670
        1414          727
        1415          256
        1418         4188
        1421         1440
        1423         1987
        1425         1743
        1426         1552
        1431         1452
        1434          699
        1436         3639
        1437         1743
        1438         2230
        1439         1529
        1441          166
        1443         6777
        1445         2930
        1453            5
        1459          168
        1460         7419
        1463          477
        1464          943
        1467          396
        1473           66
        1474         6193
        1477          971
        1478          445
        1479           31
        1483         2313
        1484         3494
        1487           82
        1489          276
        1490          201
        1492         6462
        1495         2554
        1496            0
        1500           84
        1503         2061
        1506         1903
        1509         2390
        1513         5183
        1518          310
        1521            0
        1522          187
        1524           23
        1525         5978
        1530         2818
        1531           62
        1533           18
        1534          726
        1541         1709
        1545         2765
        1547         1775
        1556         2490
        1557         3691
        1559         1080
        1562          328
        1563          396
        1564          488
        1565           31
        1569           14
        1570           94
        1572         1309
        1574         1249
        1575          288
        1576           68
        1579          255
        1580          149
        1583         6350
        1586          126
        1590          250
        1593           76
        1599         6021
        1603          220
        1604         2451
        1605         1222
        1606         1920
        1607         5248
        1613         5928
        1614         2751
        1616         1024
        1621          142
        1623         3740
        1624          819
        1626           55
        1628         4359
        1629         3656
        1631          360
        1635         1665
        1641         2866
        1643         5265
        1646          583
        1648         2419
        1649          196
        1651           63
        1653         2769
        1655         6873
        1658         5505
        1662         3207
        1663          568
        1669         2897
        1671         1905
        1679          656
        1680         2409
        1681         3109
        1682           55
        1688         2850
        1694         4521
        1695          995
        1696         5868
        1698          626
        1700            1
        1702         1607
        1704         4883
        1706         3059
        1707         2240
        1709         5148
        1710         1858
        1713          259
        1715         1547
        1716           22
        1718         2486
        1720          168
        1721         4702
        1723         1353
        1725          710
        1726         1802
        1727          222
        1735           92
        1738          273
        1741         4079
        1743          590
        1745          322
        1746           68
        1752           24
        1756         1845
        1757          384
        1760         2249
        1763         3135
        1765          201
        1766         4460
        1767          387
        1770            4
        1771           89
        1773         5076
        1775         2531
        1782          122
        1783         1042
        1785          796
        1787         1614
        1791         4479
        1795          852
        1797         1807
        1798           15
        1800          175
        1801           21
        1807         2843
        1813         2843
        1816           46
        1817          215
        1819          206
        1820          579
        1821         1852
        1822          447
        1824          396
        1825          383
        1828         1644
        1830          462
        1832         1194
        1834         2349
        1841          192
        1849          871
        1851         1468
        1852         3536
        1853          743
        1857           12
        1858          685
        1859         2608
        1861          220
        1862         4717
        1864         3566
        1866          473
        1870         2747
        1872         3072
        1875         5065
        1876         1279
        1881         3465
        1882         5658
        1885          677
        1886           31
        1890          842
        1892          421
        1893          774
        1895          295
        1899            7
        1900         6409
        1901         1309
        1905         4223
        1909         1387
        1911          149
        1914           97
        1915          307
        1918          189
        1924         1309
        1925           35
        1934         2086
        1936          133
        1937         1735
        1946           57
        1951         2390
        1953         1179
        1956          283
        1962         4931
        1967           62
        1970         1950
        1972          897
        1975         1293
        1976          209
        1979         3858
        1985         3366
        1988         7340
        1990         1185
        1994          285
        1999          685
        2001          963
        2002            0
        2005          214
        2006           47
        2008         1255
        2012          136
        2015         1942
        2019           51
        2021           10
        2022         1042
        2024         3994
        2031         6455
        2032          347
        2033         5227
        2034          128
        2036         1705
        2038          594
        2044         1067
        2045         2056
        2046         2368
        2047          106
        2048          134
        2050          354
        2051          983
        2053           70
        2055         1721
        2057         1405
        2058          108
        2067         2852
        2073          481
        2074         6654
        2075          482
        2077          253
        2079         2073
        2083          258
        2085         1684
        2087         2048
        2089          249
        2091         1309
        2093         1582
        2095          263
        2098         1179
        2106         2019
        2108          622
        2109         1852
        2111           45
        2112           55
        2116          845
        2117         3111
        2121         3171
        2123         1314
        2125          286
        2126         1333
        2127         1600
        2132           45
        2133            7
        2136          324
        2141          654
        2142          257
        2143         3826
        2154          313
        2160         2261
        2161          908
        2163         6014
        2164         2416
        2166         4460
        2171           15
        2174         2176
        2175         2028
        2177         2281
        2181         1533
        2183         4657
        2187          306
        2188            7
        2190          307
        2192           26
        2193         5243
        2198         3802
        2200         5234
        2201         2156
        2202           82
        2206           31
        2210          766
        2211          249
        2212         2716
        2213         5777
        2214         1772
        2215          992
        2216         4754
        2218          805
        2223         2815
        2225          166
        2235          556
        2236          806
        2238           85
        2240         2263
        2241         5057
        2247         3127
        2249          745
        2252           26
        2254         2394
        2255          265
        2258          756
        2260         1405
        2263         1735
        2264           15
        2266         2639
        2267         3307
        2272         4235
        2277           66
        2285          530
        2287          709
        2291          844
        2292          273
        2294          445
        2297          757
        2298          523
        2306         1092
        2307          769
        2308         3368
        2310         1143
        2313         5092
        2315         2099
        2316          569
        2318          133
        2322          103
        2328           46
        2329         4355
        2330         3857
        2332            3
        2333          274
        2335            9
        2339           77
        2343         2691
        2344         2153
        2345         7382
        2346         1805
        2347          182
        2348          366
        2351          265
        2354          968
        2355         3147
        2364           14
        2365           10
        2366         2206
        2367           53
        2369          577
        2370         1184
        2374          715
        2375          215
        2378          217
        2387           27
        2391         2156
        2392           12
        2397         3828
        2398          795
        2401          337
        2403           61
        2404          891
        2405         2508
        2406           47
        2409           87
        2415         1280
        2417          443
        2420          112
        2422         1343
        2432          590
        2436         2073
        2438          217
        2440         2582
        2443           87
        2445          310
        2447          360
        2449          484
        2461           96
        2463          501
        2464         1920
        2465         1370
        2466          151
        2470         2484
        2475         6183
        2478          889
        2479           33
        2480          992
        2481          685
        2482          841
        2483          253
        2486          105
        2488          405
        2490          413
        2491         1615
        2492          699
        2493         2709
        2495         1558
        2496         2545
        2497          520
        2501         1107
        2505          513
        2506           34
        2507         2397
        2508          273
        2511          122
        2513         5451
        2515         4627
        2516           31
        2520          687
        2522         1079
        2525          819
        2526          888
        2527           30
        2528          647
        2530          302
        2533         3781
        2534         5106
        2540           27
        2545           74
        2547         2608
        2550         2403
        2553         2179
        2555          120
        2562           65
        2566          177
        2569           12
        2572         1314
        2576          478
        2578           35
        2581          580
        2583           40
        2591         5621
        2593          749
        2594           17
        2596           94
        2601         7766
        2603         1333
        2609         3036
        2610           26
        2616         3680
        2619            7
        2632          544
        2634          331
        2637         4298
        2638         5000
        2655          685
        2658           52
        2663         3931
        2664            1
        2665          286
        2668         1023
        2670         1200
        2672         1480
        2673          374
        2679         1352
        2686         5600
        2690            3
        2691           31
        2695         7403
        2699         6292
        2709         2206
        2710           51
        2711         1042
        2713         1411
        2714          579
        2717          346
        2719          350
        2724           27
        2725         1567
        2726           52
        2730         4184
        2732         3008
        2736         2926
        2737           31
        2738         6748
        2740          231
        2742           21
        2743         3682
        2744         1039
        2751           62
        2757          656
        2758         2620
        2762         4893
        2772          147
        2773          130
        2778         1126
        2781         1471
        2790           63
        2792         4234
        2793          447
        2798         2409
        2800         2721
        2806         2232
        2808         7742
        2809          264
        2815         1377
        2816         4110
        2818         1106
        2822         2612
        2823         2045
        2824            1
        2826         6676
        2828            0
        2832          347
        2837         2379
        2838            8
        2841          220
        2845           63
        2847          274
        2848          214
        2851         1579
        2855         1010
        2856          334
        2861         1228
        2863           76
        2868         1858
        2871          351
        2872           92
        2874          685
        2879          254
        2884            4
        2888         1910
        2891            2
        2899           15
        2903         7714
        2904          258
        2905          167
        2908         5538
        2913           51
        2914         2051
        2915          166
        2916          146
        2917          955
        2920         2912
        2921         2812
        2932         4320
        2944          168
        2948         4024
        2949         2529
        2954         2557
        2958          149
        2959         2187
        2961         2474
        2964         3836
        2969            0
        2971          324
        2975          547
        2979          260
        2981          328
        2982         2394
        2983          149
        2985         1903
        2989         4124
        2994          450
        2995          835
        2999         4415
        3001           17
        3005           13
        3007         5503
        3016           79
        3020         6038
        3021         4055
        3026         2653
        3027         1961
        3029          385
        3033          631
        3034          672
        3036         5442
        3039            5
        3049          236
        3052          169
        3057          203
        3058           26
        3059           31
        3063          501
        3066         1545
        3069         1974
        3075         1389
        3090         1798
        3091           68
        3094           23
        3099           46
        3104          239
        3107            8
        3109          264
        3110         5302
        3111         1642
        3112          201
        3115         5388
        3117          520
        3118         3083
        3122         3227
        3126          610
        3130           31
        3139            7
        3140            8
        3143          187
        3144           20
        3147           16
        3148          381
        3149          482
        3150          211
        3151          117
        3153          182
        3155          442
        3160         3127
        3162          220
        3166            4
        3169          111
        3170         2057
        3180         5095
        3191         1326
        3192          450
        3196          167
        3197           38
        3202         3388
        3205         6046
        3206          346
        3210          499
        3226         7749
        3228          448
        3232           22
        3234         3546
        3239          988
        3240         4623
        3244          540
        3247         1688
        3249          343
        3250         1304
        3251         1849
        3252          709
        3254         2677
        3255         4010
        3257           26
        3261         1979
        3262          413
        3268          356
        3274         5269
        3275           63
        3284          328
        3285         4213
        3287           31
        3291         6313
        3292           27
        3295         3910
        3299           81
        3300         1807
        3307           26
        3321          583
        3324         3147
        3325          238
        3330         2963
        3331         3509
        3340           26
        3341           63
        3351          960
        3357         4383
        3358           89
        3363         3802
        3377         4154
        3379         1381
        3382         1666
        3386         1063
        3389          175
        3390         7650
        3394         5615
        3399          569
        3405         5867
        3414         1199
        3415          203
        3417          407
        3418         4026
        3424         3582
        3425           65
        3426           70
        3432         1718
        3435            1
        3439          326
        3440         2177
        3442         2517
        3452          135
        3453          211
        3454          166
        3460         2385
        3467           65
        3468         1528
        3470          590
        3475            4
        3476           30
        3481          109
        3483          207
        3495           63
        3500          170
        3501           72
        3504           45
        3505            0
        3511         3088
        3512         1739
        3513         3051
        3514            5
        3518         5385
        3527         1166
        3528          307
        3532          122
        3533         2574
        3534         6128
        3536          231
        3546         3989
        3550          750
        3551            2
        3554          601
        3559         1705
        3560          332
        3564          672
        3568          465
        3574          157
        3575         4167
        3577          170
        3578         2065
        3580            3
        3587         4878
        3589         1597
        3591          705
        3594          579
        3598          547
        3601           21
        3602         2843
        3607          740
        3608           81
        3611          168
        3618         1195
        3622          331
        3623          434
        3624         5392
        3634         1242
        3636          174
        3638         1668
        3640          149
        3642           30
        3644         4528
        3646         1107
        3648          172
        3655         3751
        3656            7
        3660         2263
        3664          149
        3667           10
        3670         5955
        3672          125
        3678          343
        3679           40
        3683         1390
        3687         2134
        3689          658
        3706          177
        3707         4285
        3709            5
        3710          273
        3718            1
        3721            1
        3730          779
        3733           68
        3735            2
        3737         4996
        3739          107
        3740          740
        3758         2643
        3761         2434
        3764           46
        3769         2879
        3770            5
        3779         2502
        3781           79
        3785          117
        3787           10
        3789           86
        3791           62
        3793          955
        3809          130
        3810           47
        3812         6704
        3813          295
        3816          125
        3817         2255
        3820         2135
        3831         2221
        3834         3323
        3836           26
        3837          539
        3839           12
        3840         2447
        3846           16
        3852           62
        3857          443
        3858           84
        3867          256
        3874          322
        3876          844
        3881          166
        3889         5596
        3899          262
        3902          750
        3904          565
        3907         2929
        3910          215
        3920          820
        3935         2825
        3948          580
        3949         3967
        3968          120
        3969           22
        3970          421
        3973          277
        3976           92
        3983         2442
        3987            1
        3988            0
        3999         4055
        4000          619
        4006          499
        4007          924
        4008         2012
        4010         3806
        4012         4919
        4015           13
        4019         2198
        4020            1
        4023          467
        4025         3102
        4026         4061
        4027          328
        4035         1441
        4036         3244
        4043         4183
        4049         6229
        4054           21
        4057         1468
        4058         1463
        4061          576
        4063          126
        4066          394
        4067          239
        4071         2325
        4074           31
        4078         3007
        4092          877
        4093         2134
        4096          317
        4098         1080
        4099         4336
        4102         1768
        4103          914
        4104          539
        4107          174
        4114         2668
        4121            2
        4123         1719
        4124         7381
        4129          220
        4130            7
        4138          560
        4146           11
        4151           34
        4152          448
        4155          273
        4159           12
        4163          103
        4164         2012
        4165          753
        4174           63
        4177         1608
        4179          105
        4180          265
        4182         1920
        4186         1059
        4187         1141
        4195           11
        4196          399
        4205         3539
        4208          196
        4209          531
        4215           14
        4221          731
        4235         4623
        4236          244
        4238         5366
        4244         3782
        4263           69
        4269         2757
        4271          375
        4274          162
        4276          212
        4277           20
        4282         5812
        4284           15
        4286         3925
        4288         1502
        4289         3949
        4290          199
        4305          229
        4313           90
        4319         3723
        4322         2707
        4323         3777
        4324           85
        4335         1325
        4341          770
        4342           12
        4343            2
        4344         1660
        4348         5243
        4352         7694
        4361          244
        4364          631
        4366          687
        4367         3656
        4370            2
        4375           11
        4376           62
        4378           85
        4384          122
        4388           63
        4392            0
        4393           94
        4403         1207
        4408         2529
        4411          899
        4425         5326
        4428           94
        4429         2268
        4431          428
        4434          152
        4444          124
        4446         4153
        4449           26
        4451         1786
        4456         1374
        4459          756
        4470            1
        4479         1735
        4483          203
        4485         1866
        4487           61
        4494          189
        4500         2447
        4502         2769
        4503         2304
        4504          128
        4511          331
        4515         6092
        4519           90
        4521          871
        4522          184
        4527         2523
        4535         1597
        4536         3716
        4537          779
        4546            7
        4547         2159
        4553           26
        4557            0
        4565           27
        4567          740
        4572          962
        4573           74
        4574         2247
        4584         2016
        4585         1476
        4589         5057
        4595          194
        4596          134
        4607         1151
        4611          324
        4617           21
        4619          531
        4624         2720
        4625         3444
        4626         1894
        4627          272
        4631         4757
        4635            0
        4641         5684
        4656         1214
        4660           89
        4661          182
        4662           40
        4663         3102
        4664         5731
        4670           63
        4678         4663
        4681          983
        4685            9
        4698          238
        4701          547
        4706          196
        4714            0
        4718          207
        4720          328
        4725          683
        4729         1660
        4730         5301
        4731         1500
        4735          708
        4737         4898
        4743         1612
        4747          740
        4754         1579
        4767         4466
        4768          310
        4771         1707
        4777          473
        4781         6684
        4787           92
        4790          848
        4792         1811
        4798          258
        4803           12
        4804         4757
        4811            4
        4831         5025
        4832          929
        4834           92
        4837         3444
        4838          425
        4842         2608
        4848          130
        4856         1932
        4858           65
        4862           30
        4872           62
        4874           82
        4885          169
        4890          383
        4903           19
        4904          135
        4907           12
        4909         1823
        4911           27
        4921          709
        4924         1202
        4927           47
        4929           66
        4930          382
        4955          265
        4960          751
        4962          172
        4968           92
        4994         1455
        4995           12
        4997          498
        5003         5608
        5007         5092
        5010           40
        5018         3111
        5022         3272
        5030           40
        5033            0
        5038          966
        5041           29
        5055           11
        5056            0
        5063            7
        5064            7
        5068         2989
        5074          104
        5083         2833
        5084         5187
        5087          698
        5090           74
        5100          563
        5106         1338
        5107         1618
        5116          593
        5118           19
        5124          482
        5126         7845
        5131           53
        5136          523
        5141           94
        5150          151
        5155          715
        5159          636
        5164           29
        5169         3984
        5174          716
        5179         3655
        5186         3793
        5193         6687
        5201         1081
        5212          629
        5216           23
        5220          175
        5221          177
        5232         1002
        5236          670
        5246           20
        5251            2
        5252         2302
        5257         1261
        5264          807
        5266         3536
        5269         1556
        5270           94
        5279         3962
        5286         3329
        5287           15
        5310          901
        5319          112
        5322            7
        5333           15
        5338            0
        5339         3578
        5347          175
        5351          109
        5352          632
        5361          229
        5385         4195
        5400            8
        5402          115
        5404           71
        5410         2631
        5411          115
        5414          255
        5415          791
        5421         1961
        5442           58
        5444         2338
        5446         3821
        5457          770
        5462           34
        5469         4373
        5471           14
        5473           17
        5479         3445
        5482         1985
        5502           10
        5505         3938
        5507          773
        5508          183
        5515            6
        5518         6553
        5532          359
        5534           18
        5538            7
        5543            0
        5544          249
        5550          184
        5570         2409
        5575         1198
        5586          227
        5587         3994
        5592          383
        5595          256
        5602          260
        5608           63
        5609         1242
        5611          351
        5612         1379
        5624         3367
        5629         1266
        5631         1287
        5632           24
        5636         2592
        5638          147
        5640         2207
        5645          217
        5655         2741
        5658         2041
        5660         2268
        5685         1369
        5686         1060
        5701         1014
        5718           22
        5727           26
        5738          295
        5741         2433
        5742          208
        5754          227
        5770         1886
        5786          194
        5787         2153
        5814           71
        5823            9
        5831          645
        5844          560
        5855          203
        5858          399
        5860           10
        5863           14
        5874           96
        5875          347
        5879            1
        5889           17
        5892         5409
        5897          512
        5898          688
        5901         2996
        5904         2460
        5919            1
        5922           79
        5925         1256
        5927           15
        5928            0
        5936          112
        5941         1081
        5942           28
        5997          807
        6000           46
        6001         1607
        6012          273
        6013           20
        6037           40
        6067          708
        6075         1562
        6077         2290
        6081         1039
        6084           92
        6086          203
        6092            2
        6102          150
        6109         3782
        6126         7466
        6146           29
        6153           85
        6164           22
        6185          642
        6205          114
        6207         2485
        6210          812
        6212            8
        6213           68
        6225          653
        6240         3637
        6246            5
        6255         2615
        6275         4788
        6283         4024
        6284           31
        6328         2508
        6343         1784
        6344            8
        6346         5414
        6349         6484
        6360          882
        6363         1199
        6373         4367
        6381           40
        6429            0
        6449         4421
        6471         1511
        6486         4810
        6510          327
        6536           11
        6567          328
        6574          111
        6585           83
        6608         1066
        6611            0
        6638         1031
        6639          143
        6648           14
        6650         4676
        6684          611
        6706            1
        6737         2681
        6750           65
        6752         2405
        6767         4373
        6790          151
        6795          228
        6846         7134
        6862         3066
        6881            1
        6885           71
        6906           21
        6914          645
        6920           10
        6942          143
        6959          355
        6974          622
        7019           35
        7020            0
        7043          543
        7067         4737
        7077           78
        7086            0
        7090         1498
        7093            2
        7109           11
        7129            2
        7137          534
        7174         1264
        7225          212
        7229           17
        7241            0
        7242           24
        7249            0
        7273            4
        7312         1131
        7321           96
        7355         1373
        7362          340
        7366         6340
        7390           83
        7393           98
        7417            0
        7437         2292
        7458         5297
        7471          596
        7472         1919
        7502         4113
        7528         2915
        7576         3925
