# HaloID(1) HaloID(2)
           0            0
           1            0
           2            3
           3            4
           4            0
           5            6
           6            5
           7          242
           8            8
           9          770
          10           10
          11         1430
          12           11
          13         3794
          14         5261
          15           14
          16           15
          17            0
          18          116
          19         1131
          20         4286
          21           21
          22          899
          23          659
          24            0
          25           25
          26          773
          27         5424
          28           26
          29           27
          30          784
          31            5
          32         1209
          33          176
          34          147
          35         2491
          36         2782
          37           32
          38         1025
          39         4237
          40         1274
          41          904
          42           38
          43          868
          44          848
          45           88
          46            0
          47          345
          48            0
          49          445
          50           42
          51           45
          52          343
          53           20
          54          636
          55           49
          56         1450
          57         3278
          58         6240
          59          854
          60           17
          61         8298
          62         2908
          63          723
          64          271
          65           61
          66          190
          67          189
          68         3291
          69         3895
          70         2837
          71         2438
          72           67
          73          106
          74           72
          75          268
          76           74
          77          549
          78           76
          79         1541
          80          772
          81          736
          82           99
          83         6145
          84           82
          85           81
          86          121
          87          594
          88         5615
          89           87
          90           86
          91          130
          92         3804
          93         4357
          94         5472
          95         6195
          96         7043
          97         3723
          98         6970
          99            0
         100         1760
         101         2087
         102           10
         103         6870
         104         5586
         105         6298
         106         4908
         107         3443
         108         1351
         109          931
         110          114
         111          331
         112         1188
         113         1714
         114           34
         115         4259
         116         1117
         117          510
         118         5048
         119         2133
         120          808
         121           21
         122         4108
         123           22
         124          506
         125          435
         126         7143
         127          127
         128          128
         129          129
         130          131
         131         6272
         133          786
         134          114
         135         3330
         136           91
         138          150
         141          624
         143         1375
         144          149
         145         1831
         146           29
         147           73
         148          192
         149         1058
         150           31
         151         5052
         152          152
         153          157
         154          541
         155         2349
         156         3687
         157         1466
         158          160
         159           40
         160         5358
         161           42
         162         6985
         163         3783
         164            0
         165         1533
         167         1703
         168          227
         169           28
         170         4065
         171         1726
         172         6877
         173         6382
         174         1159
         176          177
         177         2084
         178         7370
         179         6203
         180          798
         182          869
         183         6943
         184          163
         185         1041
         186          182
         187           81
         188          530
         189         8633
         190          268
         191         2818
         193         2966
         195          405
         196          196
         197         2558
         198          204
         199          200
         200         1178
         202          202
         203          451
         204          537
         206         1284
         208         1486
         209         1715
         212         3079
         213          660
         214         4689
         216          425
         217          260
         218          214
         219         7737
         220           58
         221           26
         222          649
         223          505
         224         5236
         225         4649
         226          236
         227         1072
         228          779
         229         3655
         231         4237
         232           26
         233         5928
         234         5043
         235         4164
         236         2861
         237         1046
         238          237
         239         7154
         240          986
         241           51
         242          970
         243         2884
         244         3596
         245         4922
         246          979
         247          183
         248          291
         250         3049
         251         2161
         252         2848
         253           26
         254         1471
         255         3650
         257         2000
         258         3710
         259         3078
         260         2170
         261          108
         262         2836
         263          271
         265         6339
         266           90
         267          263
         268         3882
         269         6221
         270         2733
         271          190
         272         2312
         273          735
         274         1683
         275          582
         276         1286
         277          223
         278         3186
         279          642
         280          282
         282          900
         283           16
         284           61
         285           79
         287          120
         288         8485
         290         4581
         291          296
         292          488
         294          890
         295         5819
         296         1880
         297          305
         299         5095
         300         4270
         301          850
         302          285
         303         1870
         305         5187
         306          887
         307          319
         308          798
         309         7512
         310         2500
         311         2633
         313         5428
         314          119
         315            4
         316         2538
         318           35
         319          521
         320         3112
         321         5139
         322         1858
         323          899
         324         5708
         325          260
         327         7535
         328         6292
         329          447
         332          129
         335         4163
         337          953
         338            8
         339          303
         340          714
         341         3372
         342         1829
         344         8171
         345         3777
         347           67
         348           45
         350         4207
         351         2902
         352            7
         353         4459
         354           34
         356           95
         357           61
         358          348
         360         1773
         361           90
         362          297
         364          612
         365         1703
         366           13
         368         1870
         369         7206
         370         3044
         371         3955
         373           48
         376         1497
         377           28
         379          123
         380          809
         383          381
         384          850
         385           88
         389          176
         391         1048
         394         2243
         395           86
         396         1286
         397         2632
         398          815
         399           31
         400          153
         403         2052
         404         1379
         405           91
         406         4712
         407          416
         408         2007
         409         1365
         410          411
         411         3141
         412          268
         413         3960
         415         2903
         416         2474
         417         1024
         418          457
         420         3133
         421         5193
         422          142
         423         2308
         424         1430
         427           26
         429          318
         430           34
         431         2089
         433          318
         435          225
         437         2672
         438           41
         441          555
         442         5563
         444         3978
         445          147
         446         5612
         447           28
         448          449
         451         1088
         452         8062
         454         1995
         455         2171
         456           45
         457         4285
         458         7191
         459         5188
         461         4000
         462          250
         463          121
         465           61
         466          432
         467           74
         469         5036
         471         1937
         472           38
         474          476
         475         3328
         476         3485
         477         2985
         478         8583
         479          835
         483         3440
         484         2013
         485           72
         486           17
         488          415
         489          415
         490           15
         491         1766
         492          196
         494           26
         495          185
         496          495
         497           14
         500         4723
         502         2461
         503           72
         504         1055
         505         3475
         506            0
         508          483
         509          161
         511          136
         512         2859
         513          290
         515            6
         516          658
         517         6082
         519          528
         520           28
         521          152
         522           36
         523           26
         524         2514
         525         4022
         526         1974
         528         2389
         532           27
         533          199
         534          601
         535          544
         536         5338
         537         1259
         538          131
         539         4124
         540          219
         541          175
         546          181
         547          770
         548         1354
         550         3602
         551         5678
         553          182
         554         4098
         555           90
         556          303
         557          835
         559         2193
         560         3064
         562          858
         563         5837
         565          265
         566          598
         567         3802
         568         1332
         569         6048
         570         1306
         571         4910
         572         6140
         573          570
         574          580
         575           87
         576         1123
         580         3245
         581           26
         582          984
         585         2849
         589         1375
         590           28
         593         1803
         594         7043
         596         5297
         597         2253
         598          272
         599            6
         600         3937
         602         2963
         603         1067
         604         4890
         605          523
         606         3674
         607         6055
         608         3198
         609           51
         610         6227
         611         3510
         612         1473
         614         3955
         617         1784
         618            9
         619          200
         620         2577
         621         7088
         622           22
         623         6108
         624         2154
         625         4723
         626          265
         627         2131
         628          862
         629          976
         631         1263
         632          775
         635          637
         636          120
         640         3032
         641           27
         643         1284
         644          507
         645          985
         646          645
         647         5812
         649         2499
         652            8
         654         1674
         655         1599
         656          195
         657         2985
         658         3687
         659            0
         660         2133
         661          669
         662         2443
         663          461
         664          639
         665         2010
         667          200
         668         2108
         669           26
         670          670
         673          671
         677         7661
         678          729
         679          665
         681          198
         683         1401
         684          139
         685          448
         687         6283
         688         5229
         691         2633
         696          406
         697         2625
         698          772
         700         4625
         703          698
         704         1178
         706         6259
         707         1863
         708          765
         709          745
         710         2789
         712         2711
         714          439
         715          116
         716          211
         717         5371
         720         4151
         722         4217
         724           45
         725          325
         726         3864
         728          773
         729          481
         731         3256
         734         3886
         736          292
         738          936
         741         5408
         742         2509
         743          387
         744           38
         745         3930
         747          771
         749         4371
         752          128
         753         3514
         755         1030
         756          313
         758         2106
         759          142
         761         3606
         762           75
         763         5364
         764          870
         765          863
         768         2836
         769         3372
         772         2603
         774          521
         775          464
         776          343
         777          786
         778         4956
         780         3590
         781          692
         783         3475
         784          401
         788          266
         789         1473
         792           47
         793         5231
         794         1796
         796         2621
         797          148
         799         2759
         801          490
         802          514
         803         1025
         804          166
         806          870
         807         3432
         808            2
         810            3
         812          694
         813          840
         816         2711
         817         2251
         818           34
         819           78
         820         2788
         821         1633
         823          643
         824         1392
         825         8513
         827          883
         828           21
         829         5457
         830          113
         831          773
         832          300
         833           15
         835         1759
         837          844
         840          936
         841          342
         842         4657
         844         6946
         846          474
         848          993
         849         4630
         850         3859
         851           25
         853           85
         855          189
         856          126
         857          875
         858         3144
         860         3225
         861         4759
         862           26
         863          870
         866         1078
         867          874
         868          974
         870         2147
         872          882
         873          670
         875          611
         876         2229
         877         1716
         878          343
         880         1341
         881         4248
         884         3895
         885         6203
         886          863
         887         2036
         888          104
         890         2354
         891         2592
         893          897
         894         1024
         896           61
         897            5
         900         1760
         901         8591
         902         1844
         904           86
         905          925
         910         4266
         911          899
         912         1046
         913         4823
         914         5855
         916         6763
         917         1860
         918         4022
         920         1113
         924          686
         925          217
         926         4729
         927         3435
         928         1160
         930         4015
         932         6261
         933           26
         936         1372
         940         4703
         941          185
         942          330
         943         5108
         945         2568
         946         6964
         947          455
         948         1193
         954         3859
         957          786
         958          130
         959         5042
         960          214
         961         3868
         962          214
         966          714
         968           79
         970         5276
         971         4824
         972         2867
         977         5260
         980          325
         982         7087
         984         5802
         986         1029
         987         4109
         988         2953
         989          199
         990          219
         991         2283
         992         2771
         997         1283
         999         1018
        1000         2025
        1008          634
        1009         2409
        1012         1586
        1013         5595
        1014         4015
        1016         1160
        1017           15
        1019          268
        1021           22
        1022         3955
        1023          773
        1025          180
        1026         1455
        1027          888
        1028         7000
        1029         2156
        1030         4988
        1031           44
        1032           15
        1033         6606
        1034          405
        1035         4517
        1037         8681
        1040          344
        1041         4442
        1043         3120
        1044          638
        1045         3491
        1047         1746
        1049          124
        1056          396
        1061          127
        1062          510
        1064         4034
        1066          121
        1067            3
        1069         7334
        1071          952
        1075          589
        1076         6230
        1077          322
        1078          798
        1079          498
        1080         2140
        1081         4499
        1083         8485
        1085         1088
        1086          102
        1087            0
        1088           65
        1089         1948
        1090         1588
        1091         4689
        1092          578
        1093          305
        1094          765
        1095          128
        1096         4083
        1099         1959
        1101         4130
        1103         2332
        1104         2609
        1105         4463
        1107          310
        1108         6452
        1110          250
        1111           59
        1114         3460
        1116           71
        1117          150
        1118          762
        1119          183
        1120          225
        1121         2170
        1122           26
        1127          322
        1129         3260
        1130         2870
        1131         1137
        1135          549
        1136         3659
        1137         2087
        1138          222
        1140           79
        1141         1394
        1142          935
        1143           46
        1145          294
        1146           75
        1147         1418
        1150         4983
        1151          517
        1152         7213
        1153         4102
        1155          273
        1157          953
        1158          775
        1160           13
        1162         1107
        1163         3561
        1165         1232
        1166         2836
        1167          198
        1169         6768
        1170           67
        1172         6334
        1174           13
        1175           53
        1178         1445
        1179         1822
        1181         6651
        1182         1114
        1187         1055
        1193           39
        1194          604
        1195         3594
        1196         1505
        1197          271
        1199         4425
        1200            0
        1203         1055
        1205         1979
        1206         6545
        1209          953
        1210         3344
        1211           15
        1212          442
        1214            2
        1215          128
        1216          548
        1217         5120
        1218         2314
        1219         1762
        1221         1152
        1224           19
        1226          510
        1228         1244
        1229           78
        1231          259
        1232         1292
        1236         2971
        1237          435
        1238         6312
        1239         7989
        1242          228
        1243         4266
        1248          728
        1250         1006
        1253         5149
        1256         2324
        1259           10
        1260            2
        1262         2664
        1263         1274
        1264         2104
        1265           86
        1266          974
        1267           62
        1270         1079
        1271          282
        1272         2332
        1273         6851
        1274           85
        1276         8468
        1278         1880
        1279         7850
        1285         2349
        1287         2601
        1288           78
        1295         3621
        1300           29
        1305          248
        1306           95
        1309         1550
        1310         1613
        1312         2330
        1313            5
        1314          786
        1315          588
        1316         1220
        1317         1290
        1318         3020
        1319          110
        1320          760
        1322           53
        1323           36
        1325           21
        1326          931
        1327          867
        1329         6150
        1330          824
        1331          636
        1332         5923
        1333         7520
        1334          113
        1337         1663
        1339         6123
        1341         7408
        1342          135
        1343           26
        1347          569
        1356         2943
        1360          173
        1362          323
        1363           21
        1364         2412
        1368         4465
        1370          627
        1372         5290
        1375          657
        1376         6236
        1378         1880
        1380         1791
        1382          420
        1384         2013
        1385           22
        1387         2514
        1388           40
        1390          146
        1392          472
        1396          222
        1398         7356
        1400           99
        1402           17
        1406          323
        1407         2000
        1409          318
        1410         6499
        1414         3601
        1415         3718
        1418            3
        1420           74
        1421         2813
        1422          807
        1427          126
        1429          659
        1430         1397
        1432           73
        1434         1700
        1436         5514
        1438         1027
        1439          126
        1442          567
        1443          617
        1444         1122
        1445            2
        1454          192
        1456           74
        1458           49
        1460         5365
        1462         1400
        1464         3429
        1466           90
        1468          328
        1471         6358
        1474         1189
        1475         1557
        1476          238
        1478           49
        1479         3960
        1480          215
        1482          530
        1483          240
        1484         7479
        1485          721
        1486         2308
        1488         1616
        1494          104
        1495          638
        1496          275
        1497         1123
        1499           72
        1500         1510
        1501          406
        1507         3151
        1516         2269
        1519         5272
        1520         2046
        1521           94
        1534          148
        1536          123
        1538         2720
        1540          481
        1542          399
        1544           21
        1550           52
        1551         4397
        1552         6722
        1554         4703
        1559           74
        1564         3954
        1568         1543
        1569          248
        1574         1903
        1580          720
        1582          233
        1586           55
        1589          217
        1591           35
        1596         2969
        1598          982
        1600         4151
        1603         7387
        1604           16
        1605         1948
        1606           28
        1607          676
        1608           35
        1610         1505
        1611           54
        1613            8
        1614         2222
        1616          379
        1618         2526
        1621         7130
        1622         6870
        1623         8011
        1624         1588
        1630          539
        1631         1678
        1632          239
        1634         2801
        1639           87
        1640         1530
        1641            5
        1644         2921
        1645         2891
        1646         5928
        1648         1803
        1650         4837
        1651         1613
        1656         4936
        1657         2967
        1664         7468
        1665           27
        1666          846
        1668         2246
        1671         2819
        1674         2526
        1676          306
        1679         6292
        1681         6970
        1683         7149
        1685         1778
        1686         1665
        1687         1286
        1689          786
        1690         4309
        1693          190
        1694           26
        1696           35
        1697         6993
        1703         6065
        1705         4834
        1707           95
        1709         2620
        1711         1779
        1712         1365
        1713         2300
        1714           21
        1716         5797
        1718         1643
        1719         2369
        1724         3937
        1727          227
        1729         2494
        1730         1685
        1733          278
        1734         1605
        1735         2236
        1739          875
        1740         2369
        1741           57
        1742         1681
        1743         1678
        1744         1719
        1746         1969
        1747          105
        1748          484
        1750           35
        1753         4838
        1754           13
        1756         5322
        1757          874
        1759          863
        1760         2789
        1761          757
        1763           38
        1764          306
        1765         3836
        1766          619
        1767         3995
        1771         8642
        1772          361
        1773          125
        1776         5335
        1777         4945
        1779         6187
        1780          280
        1782         2084
        1784         6975
        1786         2759
        1788         5901
        1792         1519
        1793         2888
        1795         4339
        1796           28
        1799         7548
        1802          411
        1803          241
        1809         1279
        1810         7106
        1812          268
        1814         1418
        1815         7587
        1817           14
        1822          783
        1824          317
        1826         4974
        1827         2818
        1828            4
        1829          440
        1832          188
        1836         1358
        1838         1846
        1840         1783
        1841          890
        1844         2484
        1852         1822
        1855          622
        1856         3188
        1858         3267
        1859          615
        1863         5690
        1865           52
        1873          114
        1874         1976
        1878          454
        1880           57
        1885         1133
        1886            0
        1887           39
        1889         7976
        1891         1413
        1896          546
        1898         2438
        1899          600
        1905          300
        1907          604
        1912         1348
        1915         3947
        1919          471
        1920         4930
        1922           29
        1923          125
        1924          218
        1925         2757
        1926          199
        1928         1917
        1929         7404
        1943         7364
        1944           64
        1946         1337
        1949         3680
        1950           59
        1952          262
        1957           61
        1958          325
        1960          171
        1961         2265
        1964            1
        1966            8
        1971         3315
        1973          541
        1974          487
        1976          848
        1978         2501
        1980          178
        1981         1187
        1982           55
        1983         2783
        1986          325
        1988         2052
        1990          410
        1993          300
        1994         4235
        1996           65
        1997           26
        1998          633
        2001         2013
        2003            2
        2006         2170
        2008         2219
        2010          469
        2014           22
        2016         5440
        2023         2875
        2025          196
        2027           14
        2028          497
        2030          225
        2032         3726
        2034         6926
        2037         2070
        2038         1151
        2039          271
        2040          321
        2041         1471
        2042         6553
        2044         5188
        2045         7804
        2046          594
        2055           27
        2056         2588
        2061          611
        2067          488
        2068          246
        2071           65
        2075         2097
        2076           70
        2079         4923
        2080         1764
        2082          272
        2083         4894
        2084         6622
        2085         2123
        2091          779
        2092         3150
        2095           16
        2097         3976
        2098         2596
        2100         3691
        2105         7680
        2106         1747
        2109          971
        2110         1348
        2113          716
        2115          262
        2126         1490
        2127          406
        2128          937
        2129         2020
        2133         2524
        2134         2104
        2136          461
        2138          219
        2142          400
        2144          751
        2145          183
        2149          648
        2152         4477
        2158          222
        2160         4548
        2162          432
        2163         1168
        2167           67
        2168          198
        2169         7018
        2170         1716
        2171         1104
        2173         4597
        2174         8483
        2178          279
        2180         2749
        2182         5744
        2184          449
        2187          721
        2188         1048
        2190           20
        2196         2225
        2197          510
        2198          219
        2200          203
        2201         1049
        2202         4037
        2204          263
        2206         5705
        2209           95
        2213          539
        2214          239
        2221          950
        2222         2318
        2224           14
        2228          856
        2229         3783
        2233           50
        2234           62
        2247          331
        2248         3028
        2250         1818
        2251          244
        2253           35
        2256          962
        2259          166
        2261          594
        2262         1636
        2263         1822
        2265          100
        2266          497
        2267          303
        2270         2627
        2274          199
        2278            5
        2280         1293
        2283         1593
        2284          234
        2285         7645
        2286         1778
        2289         2439
        2290          670
        2291          670
        2292         3680
        2300           72
        2302          278
        2304         1119
        2305         1603
        2308           93
        2310           15
        2313         3519
        2316          594
        2318         2196
        2319         6233
        2320          477
        2321         4272
        2322          166
        2323           82
        2328           12
        2329         1041
        2331         3714
        2334         4156
        2337         5237
        2343          630
        2344         2237
        2351          528
        2352         2310
        2358          357
        2359         2870
        2361         3035
        2362           12
        2363         2709
        2364          593
        2366           80
        2368         8145
        2371         2782
        2372            0
        2375         1459
        2376         4922
        2378         1157
        2379          160
        2382         2861
        2385          982
        2391         2317
        2392          178
        2393          986
        2394         2339
        2395          278
        2396         8436
        2399         2557
        2400          878
        2401         4291
        2402            7
        2406           26
        2407          287
        2408          827
        2409         6224
        2411          460
        2419            9
        2420           48
        2421           98
        2431          127
        2433           35
        2434           33
        2436         3460
        2438         6147
        2442         1006
        2445         4048
        2446         3692
        2447           58
        2450           49
        2457           47
        2458         4507
        2463         1925
        2465         3843
        2469           92
        2473         2512
        2476         1016
        2477         3978
        2483         3078
        2486          279
        2487         6123
        2490         2003
        2492         1365
        2493         1734
        2494         6465
        2496           20
        2498          247
        2499         4632
        2500         7431
        2501         8525
        2502         2644
        2505         1062
        2508         1929
        2509           94
        2511          667
        2512          348
        2513         2167
        2518           59
        2519          896
        2520          555
        2523           21
        2524         1024
        2525          149
        2526          310
        2528         2664
        2530         4000
        2532         3805
        2537         3732
        2539         1209
        2540         3373
        2542          546
        2543         4632
        2545         2764
        2546         4465
        2551         3094
        2552         6187
        2553         1410
        2554           65
        2556         2299
        2559         5617
        2563         1285
        2566         2553
        2570           10
        2572           85
        2577          415
        2580           86
        2585         4152
        2586          344
        2587          613
        2592          120
        2594         1072
        2595          263
        2598          474
        2599          120
        2608         1496
        2611          255
        2616         2162
        2617          107
        2619         2825
        2620          571
        2621          935
        2623         3700
        2625         1131
        2634          936
        2636           38
        2637         1501
        2646         1365
        2649          290
        2654          450
        2655         1225
        2659          734
        2660           68
        2662          128
        2663          311
        2667          310
        2672          860
        2674         5472
        2676         6760
        2677         1290
        2678          393
        2681         4144
        2682         7017
        2686         1995
        2687          949
        2688           39
        2692           29
        2694         8564
        2697          671
        2702          517
        2708          325
        2709          653
        2710         5254
        2711           22
        2719           49
        2721           25
        2727         2512
        2733           49
        2734           50
        2735          626
        2737          649
        2738         1706
        2740          859
        2742           30
        2743          488
        2744         1588
        2745            5
        2748          361
        2749         1626
        2757         3306
        2759          772
        2760           35
        2767            6
        2770         1280
        2773         2104
        2776         2990
        2781          388
        2785         1502
        2788         2749
        2789         6374
        2790         7431
        2791          191
        2801         5865
        2803         3580
        2806         8062
        2808           99
        2809         2816
        2810         4499
        2812         1486
        2813         1657
        2817         6429
        2819         1663
        2821          451
        2825          102
        2827         6040
        2828          826
        2830         2421
        2832           59
        2835         1329
        2836          862
        2838         1598
        2840           28
        2844         5861
        2846         5169
        2848         4688
        2850         5187
        2851         1184
        2853         1873
        2857           65
        2858           20
        2861         1175
        2865          255
        2866          129
        2867         4700
        2868          183
        2869          286
        2874          984
        2875         5177
        2876         5861
        2881         2874
        2883          182
        2885         7201
        2886         1486
        2887          496
        2890          220
        2892          161
        2894         1024
        2896           35
        2900           69
        2901         2171
        2903          120
        2906         4424
        2908           13
        2914         1120
        2917         2642
        2923         2756
        2932           47
        2934          801
        2936         2038
        2941         6042
        2944         1443
        2946         2312
        2951         3208
        2952          773
        2953          286
        2955         1791
        2958          362
        2959         6028
        2962         1401
        2964           68
        2966           67
        2970          842
        2971          952
        2975           32
        2979         1698
        2981         3756
        2986          588
        2990          743
        2993           32
        3005         2164
        3006          128
        3007         5229
        3009         1262
        3010           87
        3011          348
        3012         1984
        3015         4037
        3016          227
        3017          406
        3020         2921
        3025           74
        3026           70
        3030          505
        3034         2412
        3035          689
        3038           28
        3040          128
        3045         2785
        3047          626
        3049            0
        3052         1619
        3058         1163
        3062            0
        3067            3
        3079          779
        3080           20
        3091         6345
        3092         2592
        3093            8
        3097           28
        3100          931
        3101           21
        3106          111
        3108           96
        3110          246
        3119          942
        3129         1524
        3133         1306
        3136         6749
        3139         3807
        3140          195
        3144          758
        3147          248
        3151         4200
        3153          178
        3155           11
        3163         1710
        3167           26
        3169         4915
        3170           90
        3175         2108
        3177           92
        3180          227
        3185          835
        3187         2782
        3188           62
        3190          521
        3191           41
        3192         1225
        3197           65
        3199         1279
        3201          970
        3205          282
        3206            0
        3208           22
        3211          103
        3212          206
        3218         1719
        3219         3461
        3221          422
        3227         3093
        3238          679
        3240           74
        3244          333
        3251          435
        3252           97
        3254         3110
        3260          262
        3261         6973
        3264          248
        3270         1332
        3271          515
        3272         2044
        3276            0
        3277          168
        3280          199
        3282         6640
        3293         2318
        3294           26
        3307         5615
        3309         4457
        3312           12
        3315           28
        3317         7100
        3319         4357
        3321          448
        3322          429
        3327          260
        3335          461
        3337         1736
        3338          272
        3341         1122
        3347         2967
        3350          487
        3351          313
        3355         2508
        3357          637
        3362           49
        3364          807
        3366          580
        3371          623
        3373          285
        3377          293
        3380          530
        3381         2596
        3388          189
        3394         2218
        3397         3296
        3402         2193
        3403          803
        3404         6971
        3414          426
        3415         4518
        3416         1405
        3417          306
        3420          696
        3421           97
        3423         5813
        3427          135
        3444          714
        3448         2293
        3452          262
        3459          605
        3461          570
        3464          303
        3470         2677
        3472          923
        3475         3383
        3478           74
        3480         3903
        3483          530
        3485         6579
        3486         4078
        3491         3094
        3495         1119
        3499           44
        3500         2181
        3506         3150
        3511          171
        3515         2297
        3516          250
        3519          236
        3520         4037
        3522          642
        3525          598
        3531          623
        3533          323
        3538          116
        3540          101
        3542         2379
        3545          829
        3547         1762
        3548          533
        3549         1180
        3551          395
        3552         6393
        3555           22
        3559           18
        3562         2785
        3564          135
        3568         1097
        3569         1445
        3572          260
        3577         1095
        3579          221
        3581           74
        3584         2140
        3588         1146
        3594          869
        3595         2525
        3598           93
        3606           25
        3610           28
        3612          487
        3615          567
        3620         2571
        3622         6946
        3624           74
        3626          450
        3628          280
        3631          447
        3634           18
        3635         3557
        3639         1354
        3643         4264
        3646            2
        3647         2771
        3649         3890
        3652          308
        3656         2803
        3663         4912
        3665         3455
        3667           86
        3668          570
        3669         4723
        3673         1614
        3675            6
        3683         1466
        3686         3566
        3689         1844
        3692          175
        3693           95
        3695           44
        3696          927
        3698          692
        3701          867
        3704          171
        3718         1208
        3722         5507
        3726         5272
        3731          527
        3734         8160
        3738         1485
        3741         1890
        3743         3733
        3745           16
        3749         1809
        3754          112
        3762         5593
        3764         1235
        3765         3903
        3766          141
        3769           14
        3770          323
        3775          734
        3776         3917
        3777         1665
        3779         5586
        3785          279
        3786          993
        3789          316
        3792         1375
        3797           21
        3798         8390
        3801          166
        3805         2312
        3806          156
        3808         4108
        3811         1422
        3813          190
        3814          494
        3815          533
        3816         3016
        3826          215
        3828          219
        3836         6828
        3848         3055
        3849          484
        3856         2373
        3858           27
        3865          471
        3873          953
        3874         4185
        3879         6778
        3885          523
        3886          260
        3890          181
        3891         1619
        3894           30
        3898         3036
        3900          104
        3901           90
        3906           32
        3909           93
        3911         1027
        3912          394
        3914            7
        3916         2505
        3917          158
        3918         2438
        3922         2358
        3926          344
        3927         6891
        3928           13
        3929          500
        3931         4890
        3938         1769
        3939            2
        3943          260
        3951          966
        3952          719
        3956         2408
        3958            8
        3964         3488
        3967         6823
        3971          526
        3979         3935
        3981          933
        3982           95
        3986         4442
        3988         5731
        3989         1129
        3993          619
        4006         2052
        4008          102
        4010          323
        4013         1502
        4015          146
        4018          696
        4021         2508
        4022         8527
        4024          182
        4028            3
        4029           40
        4032         4091
        4038         2985
        4044          108
        4049          262
        4052         1738
        4054         1279
        4073         2451
        4074         1011
        4075         4456
        4077         6868
        4080          240
        4082           50
        4086         3359
        4087            0
        4093         6147
        4100          447
        4101          237
        4106          731
        4107         1150
        4108           14
        4109         2969
        4111         1354
        4114         7869
        4125          183
        4127            2
        4128          271
        4130         1006
        4131          240
        4136           11
        4138          341
        4139         4730
        4142         1127
        4159           73
        4170          858
        4171         7541
        4172          214
        4173           43
        4174         4315
        4176          350
        4185         5602
        4186         2836
        4189           68
        4190         8627
        4193          461
        4194           15
        4200           41
        4204         5800
        4209          214
        4212          433
        4222           67
        4224           95
        4225         7822
        4227          316
        4229         6893
        4231          167
        4233         5052
        4235          939
        4237         4028
        4240          424
        4242           69
        4245          101
        4250          850
        4251         3396
        4257         1409
        4261         2440
        4267          543
        4268          300
        4274           40
        4285           78
        4287           41
        4295           64
        4296          664
        4298           12
        4299            0
        4304         2507
        4306          350
        4309         2587
        4310          721
        4317          239
        4321         1116
        4322         4385
        4324         1111
        4329         1260
        4333            0
        4334            3
        4337         3383
        4340          183
        4349          935
        4351            0
        4358          979
        4361         4074
        4367            2
        4368         1589
        4369           14
        4378         2222
        4384          937
        4388         2592
        4390          322
        4391          190
        4393          174
        4396          219
        4398            0
        4399         2895
        4401          140
        4405         1361
        4408          183
        4409           67
        4416         7426
        4418           15
        4423            2
        4424         1646
        4426          290
        4430          132
        4454           54
        4455         3050
        4460         8583
        4466         5508
        4467           43
        4470         2299
        4472         2097
        4473          303
        4484          220
        4487           53
        4491         2048
        4498           47
        4499           33
        4500          406
        4501         1119
        4503            5
        4506         1700
        4507           16
        4510          220
        4513          251
        4516         5613
        4520         5767
        4521           65
        4522         8591
        4526          637
        4528           78
        4531         3198
        4538         6236
        4547            3
        4548         2156
        4551          228
        4552         1769
        4554          375
        4556         4608
        4557         4090
        4559          487
        4563         5435
        4573          361
        4582         3183
        4591         6176
        4602            0
        4603         4047
        4605           35
        4606           16
        4608          518
        4614         1189
        4617         1152
        4619         3214
        4620         2592
        4621          134
        4623         2940
        4628          370
        4634          703
        4635          453
        4638           54
        4644         1542
        4646           18
        4656         4144
        4657         2421
        4658          182
        4668         1484
        4678          260
        4682          850
        4684         1499
        4686         8192
        4690         1355
        4695         1006
        4698         1447
        4700         1382
        4701         3440
        4709         2862
        4711            6
        4712         4151
        4717          325
        4721          426
        4725          608
        4733         6099
        4735           14
        4736         2009
        4747         3793
        4755           46
        4764         2206
        4767          656
        4770          564
        4777         1143
        4781         4047
        4791           16
        4796          541
        4803         2765
        4804         2087
        4805         5382
        4812           86
        4813          361
        4822         1342
        4824          387
        4830         2898
        4831         1618
        4834          344
        4841          440
        4847         6627
        4848         6652
        4850          255
        4858         2079
        4860           12
        4875         1519
        4876         1364
        4878          762
        4879           17
        4881         1798
        4885          222
        4888         3711
        4894           27
        4895          134
        4899         2255
        4901          130
        4904          116
        4905           86
        4911           27
        4914         2875
        4916         6585
        4919         3404
        4922         2272
        4931          523
        4934         6364
        4935          245
        4941         1605
        4943          647
        4950          812
        4953          305
        4956          331
        4957          111
        4959          646
        4968          582
        4970         1703
        4981         5011
        4982          498
        4987         2554
        4989         1963
        4996          850
        5017         4890
        5018          622
        5020         1009
        5024         4023
        5031          226
        5034            0
        5042         1619
        5043         2337
        5050          344
        5056         7386
        5063          190
        5065            0
        5070           22
        5073          134
        5076         3419
        5078         3599
        5080         5146
        5086          757
        5089         4175
        5108         6156
        5114          344
        5116           11
        5120         2421
        5122          259
        5125         1326
        5129          344
        5130           73
        5138           35
        5140          286
        5143           90
        5144         1774
        5150         5312
        5154          363
        5157         8401
        5167           16
        5176         7737
        5182          472
        5186         4617
        5187           13
        5188         1345
        5192           20
        5198          162
        5204          569
        5209           91
        5211           47
        5218            8
        5220          712
        5223         3655
        5226         4735
        5230          361
        5233          690
        5237          461
        5238         7006
        5240         1778
        5242          117
        5250          995
        5252          647
        5253          299
        5264          131
        5269         2384
        5272          195
        5276         1662
        5278          140
        5281         2113
        5289          311
        5290          772
        5292         3141
        5297         5922
        5301          725
        5305          899
        5318         2196
        5319          221
        5330          341
        5348         6784
        5349            0
        5362         6943
        5368            9
        5370           11
        5373          125
        5375           68
        5379          107
        5380           62
        5387         8284
        5393          947
        5395         3032
        5396           87
        5402          272
        5404         2461
        5406          579
        5417           16
        5423          348
        5434         1234
        5436          250
        5438         1415
        5442          244
        5443         1011
        5450         4425
        5452         1133
        5454         2933
        5459          348
        5463          692
        5469           27
        5481          322
        5488         2762
        5491         2490
        5492          498
        5493         2036
        5495          251
        5500          525
        5501           66
        5502          643
        5507         2716
        5511          323
        5513            3
        5517         1642
        5519           66
        5533           43
        5535           22
        5539         1924
        5540         2604
        5542           39
        5544         2601
        5548         7206
        5553          253
        5574           51
        5577           35
        5579          718
        5590         1700
        5591          345
        5593            0
        5596          323
        5607          905
        5608            3
        5616         5837
        5620         4101
        5621          406
        5624          112
        5628          107
        5630         4087
        5639          103
        5645         1502
        5648          263
        5664         5928
        5666           29
        5670          126
        5684         1278
        5691         2175
        5693          231
        5701           19
        5706         3413
        5710         1663
        5716         1395
        5717          172
        5728           18
        5729         1049
        5730           21
        5731         3561
        5734          479
        5737         2892
        5750          448
        5755           59
        5757         5248
        5758         1870
        5761         4738
        5764          582
        5768         3587
        5770          185
        5772          654
        5773         2151
        5774          874
        5775         3540
        5777          196
        5782           19
        5783          504
        5786          936
        5789            0
        5790         1902
        5794          474
        5796         2291
        5797           94
        5799          578
        5803         5947
        5804          850
        5806         1668
        5812         2023
        5815            0
        5823            0
        5826          643
        5829         7850
        5842         3557
        5843         1058
        5848         1555
        5857         8008
        5865         6164
        5868          109
        5870         1253
        5871         1858
        5875         1187
        5880           40
        5883           59
        5893         2372
        5894         4777
        5910         1734
        5911          189
        5913         1195
        5920          468
        5924         3435
        5926          543
        5938         7421
        5940          602
        5953           75
        5959         6581
        5962          108
        5967         5021
        5971           34
        5972         1361
        5983         1117
        5984         6242
        5985          341
        5986         1984
        5989            0
        6000          267
        6004         6214
        6015          128
        6018         4421
        6019          244
        6030           43
        6033           14
        6037         3935
        6041         2450
        6047         3870
        6059          227
        6065           47
        6068          181
        6083            0
        6084         4841
        6087         6232
        6096         5169
        6099         5079
        6112         6585
        6118         2124
        6127         2255
        6141         3527
        6143           29
        6144         2264
        6149         3633
        6153            0
        6154            7
        6162          260
        6164           14
        6167           14
        6169         1358
        6170          608
        6173         2914
        6181           41
        6182          372
        6191         2491
        6195         2532
        6201          171
        6209          348
        6211         1306
        6213          383
        6222         4457
        6223         3315
        6226            0
        6236          246
        6237           18
        6242          263
        6246         2298
        6256         5009
        6258         3080
        6261         1027
        6277           94
        6279         6015
        6289          907
        6294          113
        6300         5804
        6303          182
        6343         7412
        6345         8402
        6350          115
        6353           27
        6358         3569
        6360          184
        6367         5729
        6370         3774
        6373         1239
        6374          344
        6375          322
        6379          412
        6385         1337
        6386          197
        6391          372
        6393         1006
        6397         6229
        6399         2199
        6402           45
        6408           47
        6414         1304
        6427           35
        6429         3580
        6430         3553
        6441            1
        6446           85
        6462          189
        6463         4309
        6469         6904
        6470         2298
        6475            2
        6477         4410
        6478         5596
        6483         1304
        6488         7043
        6493         1178
        6514           27
        6516         3901
        6517            0
        6523         3455
        6525          131
        6526          222
        6527          305
        6531           14
        6544         1072
        6545         3897
        6566         1048
        6570         1688
        6577          149
        6590         3468
        6591            0
        6604          771
        6607           46
        6613            2
        6614            0
        6618          363
        6622           35
        6626           48
        6628          911
        6630           96
        6632            3
        6639          653
        6641           70
        6648          842
        6652         6776
        6660         2434
        6667            4
        6695         1008
        6707          191
        6722         1720
        6725          576
        6729         1220
        6732         2722
        6745          666
        6747          899
        6748         1335
        6752          140
        6762           20
        6794          233
        6796         2653
        6798          142
        6803           16
        6806           97
        6810         2318
        6812           21
        6814          156
        6822          487
        6826          492
        6829         1604
        6840            0
        6848          465
        6849          113
        6852          547
        6858            9
        6864           46
        6870          886
        6879         1948
        6897         6178
        6898            8
        6905         4199
        6906            0
        6914         2236
        6916         1407
        6917         7072
        6918           45
        6929         1079
        6934           16
        6949            9
        6955          211
        6971         3718
        6986         3120
        7003          368
        7017          363
        7024          271
        7027          993
        7030           54
        7054          121
        7055           39
        7058          329
        7066         2019
        7068           13
        7072          329
        7074         3321
        7076           38
        7080         1557
        7083         1620
        7089         2846
        7091          331
        7098            0
        7116         1786
        7129          706
        7133          798
        7134          111
        7152          629
        7158         3836
        7167           34
        7188            7
        7194            6
        7201         3050
        7203          956
        7220          303
        7226           47
        7242         3664
        7252          464
        7255          507
        7264          141
        7273          745
        7289         1685
        7297           20
        7301          190
        7303          911
        7306           65
        7322         3579
        7345          271
        7347         5710
        7353          823
        7357          131
        7359         6262
        7361         3121
        7370         2163
        7377          122
        7383          300
        7392         1391
        7394         2772
        7403         2426
        7407           41
        7421          856
        7426         6293
        7429          477
        7431          492
        7432         4281
        7434         1082
        7461           13
        7475            0
        7484         4574
        7485         1365
        7496         1561
        7522          255
        7524            7
        7532            0
        7534            5
        7541           98
        7568           25
        7597           12
        7598         1203
        7632         4144
        7665           15
        7677            0
        7680         1807
        7695          284
        7704           38
        7705         2246
        7731         5265
        7732         2590
        7733         3536
        7751         1466
        7754         6040
        7757         2844
        7762         7985
        7768         1964
        7801          567
        7805          542
        7809          738
        7810          780
        7831          435
        7838          122
        7852          102
        7854         1116
        7862         6073
        7871          166
        7887          145
        7898          426
        7902          552
        7907           24
        7915           23
        7925          184
        7944         4637
        7948         1862
        7958         1620
        8026         2968
        8033           16
        8042           25
        8044         1685
        8049          191
        8086         1378
        8108            0
        8139          783
        8151            0
        8154         2055
        8174           27
        8176          375
        8180            9
        8182          279
        8186           65
        8216           65
        8222            2
        8235           43
        8265            5
        8289          370
        8307          678
        8313         1680
        8339         2398
        8342          497
        8346           96
        8347           60
        8360            3
        8363         3254
        8378         1302
        8398          427
        8402         3614
        8404          637
        8410         5922
        8431            5
        8435           17
        8438         1784
        8445         3272
        8461           35
        8469         5874
        8483         6793
        8497          140
        8518          222
        8521           75
        8553          118
        8554         1617
        8566         5327
        8584          693
        8588           93
        8589          625
