# HaloID(1) HaloID(2)
           0            0
           1            2
           2          263
           3           33
           4            5
           5          718
           6         2186
           7          451
           8         3608
           9            4
          10           27
          11          856
          12         1296
          13         1153
          14         1320
          15          150
          16          763
          17         3082
          18          560
          19          390
          20          203
          21          544
          22          248
          23          131
          24           16
          25          387
          26         1305
          27           30
          28           40
          29          420
          30         2489
          31         3447
          32          385
          33         1437
          34          142
          35           14
          36         4384
          37         2652
          38         2134
          39          993
          40           10
          41          226
          42           37
          43          413
          44           40
          45          114
          46         1009
          47           11
          48          408
          49          253
          50          880
          51         1679
          52          330
          53         1430
          54           55
          55          342
          56         2415
          57          142
          58          384
          59           38
          60          228
          61          307
          62         1699
          63         4321
          64         1038
          65           51
          66         1346
          67         1442
          68           84
          69           72
          70           62
          71          237
          72           55
          73          469
          74          630
          75         4293
          76         2100
          77          179
          78           44
          79           58
          80          545
          81         2683
          82          842
          83           82
          84          454
          85          417
          86         1180
          87          970
          88          509
          89           81
          90          731
          91         3290
          92          276
          93          184
          94         1802
          95         1620
          96          425
          97          183
          98         1320
          99         2584
         100         1293
         101          136
         102          264
         103           74
         104           31
         105            2
         106            9
         107         4198
         108          758
         109          224
         110         1298
         111          594
         112          840
         113          175
         114          128
         115         3419
         116          655
         117           40
         118          305
         119          158
         120           62
         121         1261
         122          454
         123          686
         124           90
         125         2444
         126          161
         127         1805
         128          729
         129          278
         130         2682
         131           21
         132         2606
         133          617
         134         1081
         135         3043
         136         4475
         137          655
         138          389
         139         1504
         140          508
         141         3758
         142          335
         143         1465
         144         1764
         145         1874
         146          481
         147         2150
         148          162
         149          699
         150         3854
         151          248
         152         2369
         153         3253
         154         1084
         155         2148
         156         2190
         157           84
         158          617
         159            2
         160            9
         161         1965
         162          408
         163          312
         164          857
         165          159
         166         1122
         167          281
         168         1392
         169         1654
         170         4289
         171          215
         172          947
         173          970
         174         1885
         175         2413
         176          865
         177          471
         178         3984
         179            2
         180          543
         181         1450
         182           60
         183          226
         184          799
         185         1964
         186           40
         187         2095
         188          351
         189          426
         190          300
         191         2329
         192           84
         193          703
         194         1682
         195         1246
         196          126
         197           26
         198         1934
         199          720
         200          424
         201         1788
         202           78
         203         3037
         204          622
         205          970
         206         4020
         207         3923
         208          375
         209          309
         210         2203
         211         1092
         212         4102
         213         1059
         215          249
         216          513
         217         1132
         218          755
         219          977
         220          227
         221          228
         222          444
         223          387
         224          255
         225         1439
         226         3013
         227          403
         228          454
         229         1912
         231          857
         232         1906
         233           92
         234          181
         235           66
         236          157
         237          543
         238          770
         239          158
         240           81
         241          307
         243         2796
         244          126
         245          583
         246          271
         247          270
         248           48
         249          932
         250           40
         251          504
         252          496
         253         1419
         254         4401
         255            2
         256         3487
         258          305
         259          426
         260          131
         262          355
         263          436
         264          132
         265         1348
         266          239
         267          112
         268           33
         269          460
         270         3781
         271         1699
         272            2
         273          248
         274         2372
         276         1355
         277           31
         278         1123
         279         4249
         280          876
         281         1166
         282          391
         283           32
         284          830
         285           36
         286          312
         287          113
         289          816
         290          146
         291          208
         292          169
         293         1154
         295           47
         296          799
         297         3007
         299           11
         300          544
         301         1513
         302          889
         304           32
         305         1387
         306         1428
         307          253
         309           10
         310         1264
         311          822
         312         2100
         313          576
         314          198
         315         4292
         316          992
         317          630
         318         1730
         319           27
         320          363
         321         1665
         322          481
         323         3612
         324         1268
         325         2553
         326         1507
         327          558
         328         2759
         329         3664
         330          544
         331           25
         332          863
         333         1637
         334         3992
         335          327
         336          570
         337          294
         338         1033
         339          466
         340         1270
         341            4
         342         2484
         343         1141
         344           25
         345          961
         346         1779
         347          665
         348         3700
         349         1643
         351         2035
         352          355
         353          230
         354          480
         355          275
         357          314
         358          530
         359         1635
         360         2076
         361           62
         362          378
         363           79
         364         1464
         365          753
         366         3379
         367            7
         368         2764
         369           24
         371          850
         372           18
         373          889
         374         1154
         375           30
         376          640
         377          224
         378          162
         379          130
         380         2601
         382          824
         385          400
         386          799
         387          358
         388         1910
         389         2082
         390         3025
         391           72
         392          607
         393         1919
         394         1437
         395          135
         396          407
         397          413
         398          901
         399          417
         400         4546
         401         2361
         402         3760
         403         3415
         404          686
         405         1097
         406         1096
         407           85
         408         2291
         409         2082
         410          265
         411          604
         412          219
         413          339
         414         1296
         415         2048
         416          156
         417           18
         418         3977
         420          316
         421         1179
         422          388
         423           99
         424         1462
         425          784
         427           40
         428         1235
         429         3295
         431         1431
         432         1127
         433          885
         434          226
         435          957
         436          508
         437         2729
         438           13
         439         1670
         440          898
         441          547
         442         2618
         443          720
         444         1266
         445          536
         446         1885
         447          148
         448          523
         449         2134
         450          554
         451         2100
         452         2134
         453           20
         454         4557
         456           40
         457          364
         458         2442
         459            2
         460          226
         461           46
         463            9
         464         2053
         465           10
         466         1163
         467          387
         468           36
         469           27
         472          297
         473         1436
         474         1376
         475         1881
         476          342
         477          645
         478          349
         479         1546
         481         3656
         482          253
         483            2
         484          169
         485          339
         486          134
         487          989
         488          515
         489          113
         490          495
         491         1575
         492            8
         494          463
         495          896
         496          391
         497          159
         498          717
         499         1242
         500          512
         501          544
         502          769
         504           63
         505          945
         506         1745
         507         1049
         508          196
         509          104
         510         2477
         511          135
         512         3053
         514         1063
         515         1482
         516         2765
         517         3013
         518         2976
         519          404
         520         1801
         521          433
         522           31
         524          753
         525          349
         526           32
         527          512
         528          566
         529          889
         530          489
         531          167
         532          496
         533          420
         534          248
         535          948
         536          128
         537         1235
         538         1044
         539          617
         540          858
         541          271
         542          936
         543          384
         544          390
         545          740
         546           16
         547         2537
         548          160
         549           19
         550          176
         551         1146
         552          570
         553          400
         554          729
         555            9
         556          355
         557          822
         558         2931
         559           40
         560          132
         561          142
         562         1430
         564          161
         565          638
         566          181
         567         3198
         568          212
         569          981
         570         1189
         571         1834
         572          843
         573           51
         574           26
         575          386
         576         1088
         577          655
         580           60
         581          515
         582          617
         584          110
         585         1220
         587          736
         589          454
         590          127
         591          433
         592          880
         594           84
         596           97
         597         3536
         598         1220
         599          235
         600           32
         601          452
         602           78
         603         1728
         605         4599
         606          856
         607          215
         610          131
         611          416
         612         1462
         613          254
         614           24
         615           36
         616         2072
         617         1441
         620         1474
         622         1405
         623         1273
         624          729
         625          128
         628          128
         629          671
         630          530
         633          659
         634           80
         635         1248
         636          180
         637          132
         638         1143
         639         1190
         642           15
         643          343
         644         3228
         645         3012
         646          640
         647         1839
         648         1153
         649         1543
         651          328
         652          224
         653          114
         654          712
         655          622
         656         2784
         657           66
         658          696
         660         2070
         661          328
         662          285
         663           84
         664         2777
         665          193
         666         1135
         667          263
         668           35
         669         1878
         670         2590
         671         1007
         672         1327
         673          699
         675          510
         676          307
         677          329
         678          126
         679           57
         681          449
         682         1504
         683           40
         684          387
         685           31
         686         2190
         687          745
         688          789
         689         1729
         690            6
         691         1093
         692          791
         694         1295
         695          409
         696         1295
         697          163
         698          102
         700          895
         701           21
         702           31
         703          653
         704          102
         705            2
         707           34
         708           84
         709          417
         711         1616
         712          923
         713          201
         714         3318
         715          543
         717         1465
         718          781
         719          759
         720          947
         721          989
         723          713
         724          639
         725          671
         726          653
         727         2057
         728           58
         729          891
         731          545
         732          911
         733         1787
         734            7
         735         1879
         736          893
         737         2263
         738          320
         739          374
         741          203
         743          649
         746          784
         747         1355
         748          340
         749         1384
         751         2534
         752            4
         753          464
         754          384
         755          400
         756          663
         757         1642
         758          490
         759          504
         760         1787
         761          387
         762          212
         763          215
         764         1559
         767          570
         771          450
         773           56
         776          267
         777          403
         778          276
         779           58
         780          189
         781           33
         783           11
         784          703
         787         1717
         789         1678
         790           62
         791          149
         792          139
         793          411
         794         1107
         796          864
         797          425
         798           37
         800          797
         801           32
         802         1128
         803          921
         804           13
         805         1301
         806          426
         807           23
         808          697
         811          351
         812          930
         813          613
         814          640
         815          102
         816          188
         817         2520
         818          219
         819          134
         821           71
         822           60
         823         2841
         825          124
         828         1242
         831         1543
         832           13
         833          176
         834         1332
         835           16
         836          306
         837            0
         838           10
         841          128
         843          563
         844            8
         845         1056
         846         1682
         847         3502
         848          253
         849          418
         851          194
         852         1220
         854          856
         855          225
         856          313
         857          251
         859          154
         860          415
         861          195
         864         1320
         865          226
         866           40
         867         1227
         870            2
         871          252
         873          705
         874         1476
         876         1072
         878         2119
         879          647
         880           25
         881           70
         882          245
         884           35
         886          139
         890         3319
         893          431
         895          947
         897         1678
         900            2
         901         4423
         902          274
         903          690
         904           69
         905           62
         906         2744
         907           56
         908          268
         909          337
         910            2
         911          947
         914          294
         916           58
         917          276
         918           72
         919          314
         920          153
         922           34
         923         1054
         927           15
         928           58
         929          135
         930         1476
         931          799
         932          419
         933          430
         934            2
         935         2745
         936         2053
         937           97
         938          426
         939          193
         940           18
         941          229
         944          602
         945         1773
         948         1054
         949         3565
         951            8
         952          580
         953          517
         954          126
         955          714
         956         1055
         957          389
         958         3121
         959          354
         960          993
         961         1974
         964          517
         965          576
         966          522
         970          850
         971          457
         973         1050
         974           83
         975          736
         977           40
         978          462
         980         1209
         981         3511
         982         1087
         983         1123
         984          910
         985         2031
         987         1140
         989         1831
         991          294
         992          299
         993           22
         994         1291
         995         1056
         996           40
         997            2
         999           14
        1000           62
        1001         1682
        1002          138
        1004          704
        1005          343
        1006          103
        1008          536
        1009          618
        1010           29
        1011          193
        1012          181
        1014           54
        1017          337
        1018         2446
        1019           28
        1020           78
        1021           95
        1022          164
        1024          880
        1025            2
        1027          584
        1028         4052
        1029          733
        1030          989
        1032           75
        1034           64
        1035           35
        1036         1436
        1037         1172
        1038          458
        1039          403
        1040           55
        1041          866
        1042          202
        1043           72
        1044          481
        1045          636
        1046          312
        1047           56
        1048          119
        1050         1320
        1052          179
        1053          237
        1054          139
        1055            0
        1057          171
        1059           72
        1060         2537
        1061          179
        1062         1015
        1063          424
        1064          643
        1065         1125
        1066         1220
        1068          115
        1070         2542
        1071          503
        1072          167
        1075          358
        1076          669
        1077         1506
        1080         2215
        1081         1164
        1082         3841
        1084         2327
        1085          128
        1087          208
        1088           10
        1089           24
        1090         1807
        1091          736
        1092         2977
        1093         1408
        1095         2040
        1096           18
        1097          876
        1098         2178
        1099         1510
        1100           99
        1104          215
        1105           23
        1110         1405
        1111         1370
        1112         1531
        1113          702
        1114         1093
        1115         1636
        1116          212
        1117          373
        1118            0
        1119          106
        1122         1805
        1123          268
        1124           58
        1125         2190
        1126         1910
        1127         1851
        1128          203
        1129         1489
        1130         1437
        1131         1370
        1133          344
        1134          123
        1135            8
        1138          175
        1139          856
        1140          200
        1141           70
        1142           83
        1143         1033
        1145           27
        1146          303
        1147          501
        1149          505
        1150          880
        1151          135
        1152         1790
        1153          384
        1154            0
        1155          343
        1156         3189
        1157         2521
        1159         1227
        1161         1082
        1162          226
        1164          325
        1166         2452
        1168           14
        1170         1642
        1171          647
        1172            2
        1173          463
        1174         2683
        1175          134
        1177            1
        1178         1323
        1179         1735
        1180         1381
        1181         2032
        1183         1038
        1184         1774
        1185          617
        1186           29
        1187           40
        1191         1296
        1193           67
        1194          117
        1195         1146
        1196           62
        1197         1202
        1198          705
        1200         4416
        1202         4384
        1203          277
        1205          132
        1208           25
        1213          712
        1214          634
        1216           85
        1217          725
        1218            1
        1219         1155
        1220          870
        1221          123
        1222         1220
        1224         1182
        1225         1430
        1226          808
        1227          156
        1228          756
        1230           14
        1231           91
        1232           34
        1233          132
        1234          114
        1236         3977
        1237          532
        1238          171
        1239          143
        1240           87
        1241          415
        1243         2125
        1244          663
        1245          413
        1246         1385
        1247         1517
        1248          923
        1249           65
        1250          418
        1251          910
        1252          294
        1253          294
        1254           15
        1256         1131
        1257         1297
        1258          324
        1259          202
        1260          790
        1263         1369
        1267         2266
        1268         1815
        1269          656
        1270         2024
        1272          451
        1274          919
        1275           45
        1276         1495
        1277            0
        1278         1560
        1279           34
        1280         1658
        1281           38
        1282         2250
        1284          887
        1286         4292
        1288          108
        1289          684
        1290         2065
        1291          103
        1292           72
        1293            2
        1294           21
        1295          270
        1298          594
        1299           47
        1300          466
        1303         1984
        1304          607
        1307         1270
        1309          631
        1310          228
        1312         1415
        1313         1637
        1315           48
        1316           54
        1317         3051
        1318          197
        1320          182
        1321          581
        1323         1100
        1325         2606
        1326         1320
        1327          181
        1328         1620
        1329          484
        1331         1403
        1332          368
        1334          730
        1335          155
        1336         1030
        1337          251
        1339           90
        1340         1926
        1343          240
        1346         1694
        1347          652
        1349          266
        1350          638
        1351         1305
        1352         1442
        1353         1439
        1354          586
        1355         1439
        1356         1452
        1357          690
        1360           31
        1361           33
        1362          594
        1364           57
        1366           24
        1367          402
        1369           33
        1370         1241
        1371          408
        1373          290
        1374          776
        1375            8
        1377         1095
        1379          758
        1380         1885
        1381           90
        1382          602
        1387          444
        1391           56
        1392          114
        1394         2069
        1395          209
        1396          203
        1397          799
        1398          338
        1399         2407
        1400         1177
        1401         1006
        1402           54
        1403            2
        1407           39
        1409          208
        1410          705
        1412          316
        1413          227
        1414         1050
        1417         1355
        1418         3325
        1419         1514
        1420           21
        1421         3684
        1422         3051
        1423           82
        1424         1543
        1426           20
        1427          408
        1429         1488
        1431          504
        1432          756
        1433           85
        1435         2515
        1437          262
        1440          142
        1445          228
        1446          939
        1449          532
        1450         2138
        1453         1255
        1454           21
        1456         1381
        1457           68
        1458            8
        1464           81
        1465         2334
        1466          588
        1468           14
        1469          556
        1471         1125
        1474         1235
        1475          172
        1476          508
        1477          304
        1478          251
        1479         1205
        1480         2563
        1481          254
        1483           87
        1484           62
        1485          793
        1487         1503
        1489          400
        1491          351
        1492           27
        1493          687
        1495          115
        1496          106
        1497         1201
        1500          244
        1503            0
        1505          672
        1507          304
        1509          663
        1510          436
        1511          255
        1513          770
        1515         1091
        1516          366
        1519          115
        1520           48
        1521          315
        1522          373
        1523           56
        1526          191
        1527          663
        1529          699
        1530         1097
        1531           14
        1532          184
        1533         1774
        1534          248
        1536          983
        1540          864
        1542           56
        1543          241
        1544         1410
        1545          451
        1547           35
        1548         2468
        1549          307
        1550          388
        1552           92
        1554           14
        1558          267
        1560           91
        1562         2557
        1563          474
        1564           40
        1565           40
        1566          332
        1568         2144
        1570          638
        1574           70
        1576         1220
        1577         1369
        1578            8
        1579           16
        1582         2109
        1583          175
        1587           17
        1588         2563
        1592         1778
        1595            2
        1596          215
        1597           81
        1598          410
        1599         1679
        1600          354
        1604          508
        1605          277
        1608           51
        1612          693
        1614          672
        1615          342
        1617         1338
        1619          643
        1620         2397
        1622            1
        1625          199
        1626           38
        1629         1933
        1636         1174
        1639          214
        1641          146
        1642          265
        1646           92
        1652          932
        1657         1258
        1659          385
        1660         1073
        1663         1338
        1664         1687
        1666            2
        1667         3131
        1669          995
        1670          853
        1671          685
        1674            0
        1675         2103
        1676         1658
        1677           59
        1678           81
        1679         1297
        1681           47
        1683         1636
        1684           28
        1685          264
        1688          763
        1690          327
        1692          296
        1693         1437
        1694          779
        1699         2266
        1700          947
        1702          158
        1703         4546
        1706          135
        1708         1018
        1709            0
        1710           97
        1713         4020
        1715         1136
        1719          161
        1723         2134
        1724         1605
        1725           31
        1728            0
        1729          718
        1730           93
        1731          593
        1733          142
        1735          604
        1746         4518
        1748          222
        1751         2796
        1753          418
        1755          718
        1758         1514
        1759         1170
        1761          251
        1762           26
        1767            0
        1768         2523
        1770           64
        1774         1597
        1775          575
        1776          248
        1777          128
        1779           13
        1784           49
        1785          340
        1787           43
        1788          113
        1790           32
        1791           34
        1792          255
        1794          383
        1796            0
        1798          182
        1799          281
        1803         1810
        1804          142
        1805         1319
        1807         2837
        1818          159
        1824           90
        1825          556
        1826         1320
        1827          718
        1828         1296
        1829         1270
        1830           45
        1835         1619
        1836          102
        1838         1143
        1839          361
        1840          376
        1841          143
        1847          645
        1849         1912
        1852         1174
        1856          485
        1860          648
        1861         2073
        1863          146
        1865         1746
        1867          756
        1868          444
        1873         1154
        1874          789
        1876          379
        1881         1514
        1886          733
        1894          270
        1895           24
        1901           24
        1902         1063
        1904         1679
        1905          224
        1908          334
        1909         1038
        1910          420
        1912          945
        1914          545
        1916         2585
        1924           58
        1926          256
        1929          425
        1931           36
        1932           36
        1942          181
        1944         1122
        1948         1050
        1949         2570
        1951           54
        1953          338
        1957           47
        1958            0
        1959            0
        1960          248
        1964          281
        1970          203
        1971          138
        1972           66
        1974          753
        1975           58
        1978           81
        1980          430
        1982         1717
        1988          210
        1994         1700
        1997          131
        1999          391
        2002          932
        2011          333
        2014           45
        2020          214
        2023         2398
        2027         1887
        2028           96
        2029          642
        2030            0
        2031          543
        2035           30
        2043          175
        2045         1068
        2053          367
        2060          985
        2063          238
        2064         2114
        2066         1201
        2069         1762
        2074           56
        2081         2557
        2091           77
        2092            0
        2093            1
        2097           58
        2098            2
        2101         2361
        2104            0
        2109          410
        2119          228
        2122            1
        2126         1629
        2128          135
        2134           75
        2137          194
        2138          138
        2143            1
        2144           20
        2145          686
        2150           38
        2156         1320
        2158           58
        2160          444
        2163           21
        2170           86
        2181           24
        2184           49
        2190          179
        2202         1406
        2204           31
        2216          115
        2217         1559
        2221          299
        2231          103
        2232            2
        2235          154
        2239         1293
        2240         1943
        2241          884
        2252            7
        2253         1648
        2255          703
        2257          226
        2262          296
        2266          461
        2269          667
        2270         1104
        2282           78
        2287          112
        2298          506
        2300          109
        2301         2221
        2306          828
        2307         1641
        2311           58
        2317          859
        2319          400
        2325         1220
        2329         1293
        2333          879
        2336          607
        2344            0
        2347          615
        2349         1195
        2356           44
        2359         2683
        2371          162
        2383         1001
        2393          191
        2399           47
        2401           88
        2404          220
        2411          506
        2432           13
        2442         2958
        2448          856
        2453            3
        2459          316
        2464         1005
        2465         2134
        2466          177
        2468          607
        2474          165
        2481          324
        2483          179
        2493         1105
        2500            9
        2514         1336
        2522         1750
        2534          179
        2551          224
        2570          119
        2571          307
        2575           53
        2583          506
        2585            0
        2588         4520
        2600          715
        2603          514
        2610           61
        2616           29
        2631          895
        2635          117
        2643         4345
        2663          178
        2673           43
        2675          181
        2690           59
        2692          480
        2701           77
        2720           26
        2731          374
        2745          106
        2746            8
        2755          452
        2757           43
        2758          344
        2760          480
        2761            4
        2765           36
        2767          365
        2772         1155
        2777          696
        2792          265
        2805            0
        2809         1409
        2850         1053
        2851           36
        2855          715
        2895         3224
        2912          457
        2934           15
        2949          436
        2960         2336
        2980          333
        2983           29
        3000            0
        3022          269
        3028         1002
        3037         1439
        3047           94
        3050          145
        3096          464
        3108           52
        3120         2223
        3124            8
        3132          107
        3154          525
        3158           56
        3160          359
        3173          570
        3204          363
        3245           88
        3329          363
        3344          260
        3376          169
        3401           77
        3407          280
        3410            5
        3411           50
        3414            0
        3460          374
        3464           50
        3483           24
        3489          726
        3503         1001
        3515         2846
        3530            0
        3553         2993
        3565          483
        3598           26
        3611         1064
        3623          324
        3640          761
        3672          311
        3678         2917
        3713            0
        3720         2204
        3723          463
        3746            0
        3787            2
