# HaloID(1) HaloID(2)
           0            0
           1           34
           2            2
           3          399
           4         2605
           5          265
           6            5
           7           51
           8         2032
           9           49
          10           10
          11         2576
          12           12
          13           60
          14          379
          15           16
          16          131
          17            3
          18         1332
          19           19
          20            9
          21           81
          22           33
          23           79
          24           62
          25          482
          26          289
          27            0
          28          516
          29         3167
          30          309
          31         1336
          32           31
          33         1575
          34           32
          35          123
          36           36
          37          102
          38         4086
          39         2670
          40          382
          41         1361
          42         2897
          43         4135
          44           43
          45           45
          46           40
          47           46
          48           48
          49         4186
          50           50
          51          238
          52            0
          53         5422
          54         1636
          55           64
          56         3520
          57           55
          58          719
          59          673
          60         1051
          61           57
          62           62
          63          854
          64           65
          65          940
          67          963
          68          708
          69           70
          70          108
          71          383
          72           41
          73           62
          74         1258
          75          167
          76         2188
          77          452
          78          211
          79           65
          80         4993
          81          210
          82           49
          83           76
          84           79
          85           54
          86           82
          87         6726
          88           20
          89         5908
          90          953
          91         3352
          92          420
          93          370
          94         6670
          96         1013
          97         4564
          98         6231
          99          380
         100         1227
         101         1743
         102         2608
         103          353
         104            6
         105           10
         106         5781
         107          528
         108          130
         109          108
         110         5588
         111          107
         112           97
         113         4129
         114           49
         115          232
         116          119
         117         6420
         118         2228
         119         1361
         120         2864
         121         1957
         122         2219
         123          864
         124          110
         125          125
         126          113
         127         1804
         128         2504
         129         1125
         130          268
         131          374
         132         6139
         133           28
         134          130
         135           20
         136         3390
         137          121
         139         2173
         140          145
         141         4047
         142         1697
         143         6183
         144          409
         145          146
         146         4243
         147         4460
         148          102
         149          231
         150           45
         151          817
         152          363
         153           42
         154          146
         155          159
         157         1541
         158          422
         159         4165
         160         4335
         161         3832
         162         2697
         163          260
         164         2898
         165            7
         166          175
         167          881
         168         2233
         169         4380
         171          684
         172         2237
         173         4826
         174         4533
         175         2320
         176         1406
         177          505
         179         2785
         180         1751
         181         3447
         182         1349
         183         1434
         184         2563
         185         1478
         187         3429
         188          196
         189          716
         190          647
         191          992
         193         3413
         194          295
         196          200
         197            7
         198         7412
         199         1614
         200         5612
         201         1093
         202           60
         203         1280
         204          183
         206           28
         207           38
         208         2377
         209          656
         210          214
         211         1216
         213          432
         214         5959
         216         3016
         217         4199
         218         3638
         219         1551
         220          217
         221           55
         222           21
         226          114
         228         3857
         230          794
         231         1442
         232            6
         233         7323
         234         4903
         236          255
         237         6342
         238          239
         239         1008
         241          427
         243         1930
         244          248
         245          249
         246         1724
         247         8024
         248          492
         249         1024
         250           46
         251           21
         252          115
         253          257
         254          142
         255         1760
         256         1403
         257         1540
         258          172
         259         1753
         260          673
         261          528
         262          318
         263          912
         264         1070
         265         2421
         266         1633
         267          725
         268            4
         269         5202
         271           74
         272         2526
         273          544
         274          309
         275          422
         276         3904
         277         1955
         282         4578
         284          404
         285          770
         287         3637
         288          291
         289          965
         292          297
         295         4718
         296          391
         298         5990
         299          167
         300          430
         302         6860
         303         7693
         304         5175
         305          650
         307         4940
         308           31
         309          321
         314          864
         315          913
         317          700
         318          926
         319          131
         320         2515
         321          472
         322           67
         323          304
         325          150
         326          539
         327          613
         328         1607
         330          937
         331          696
         332          246
         333         1305
         334         1013
         335          307
         336           67
         337         1575
         339          235
         341           91
         342         2816
         343            6
         344          549
         345            5
         346         1212
         347         3405
         348            3
         349           81
         350         5944
         351          354
         353          269
         354         1027
         356         1281
         358         3538
         359          278
         360         1545
         362          525
         363          360
         364          238
         365           31
         366          346
         368         5897
         370         1130
         371          220
         372         3684
         373          505
         374         1602
         377         1339
         379         1134
         380           18
         381          735
         382         3735
         383          385
         384          379
         385         2461
         386          268
         387         2591
         388         1243
         389         4507
         390         5759
         392           16
         393           36
         394          490
         395            0
         396         7942
         397         1098
         398          161
         399           36
         401           27
         403         1336
         405         4516
         407           27
         408          247
         409         3596
         410         1421
         411           83
         412          188
         413         2811
         414           18
         417           58
         418          820
         419          266
         421          194
         423          374
         425          408
         426         3125
         427            0
         428           65
         431         4181
         432         5556
         433          203
         434         2587
         436          146
         437         1484
         438          314
         442         4194
         443         3590
         446         8073
         447         1549
         449         3871
         450          268
         451          234
         453          793
         454          379
         455           71
         458          771
         459         5236
         461           39
         463         4059
         464         5685
         465          820
         466            6
         467         2387
         468         1672
         470           66
         473           18
         475           69
         476         3637
         477           19
         478           91
         479         4591
         480          482
         481          252
         482          150
         483          144
         484          472
         485         2879
         486          969
         488          933
         489         1398
         490         1947
         491          197
         492           38
         493           48
         494         2361
         495         5728
         497           54
         498          298
         504         1342
         505          428
         506         2463
         507         6358
         508           11
         510          106
         512         3682
         513         1436
         515          246
         517         6427
         518          584
         519          546
         520            1
         521          673
         522          615
         523         1545
         526          715
         527          252
         530          747
         535         1310
         536           62
         537         6146
         538         3220
         539         6721
         540          289
         541          885
         542         1003
         544         2060
         545          980
         546          248
         547         1499
         548         2092
         549          172
         550          556
         551         6887
         552          796
         553          211
         554         2834
         555         6876
         557          756
         559           28
         561         4402
         563         6635
         565          172
         568         6925
         571          290
         572         1110
         573         5319
         574          200
         575         2681
         577         1103
         578            9
         579          214
         580         2094
         582         2402
         586            3
         589         1545
         590         3596
         592           62
         594          145
         595         4194
         597         1295
         599           69
         601          747
         602         2499
         603         2704
         604          130
         606         6631
         607          881
         609         1233
         610         7209
         611          452
         612         4270
         614          134
         616          122
         617         4295
         619          173
         620           46
         621          180
         622         1650
         623           17
         624         4085
         625         3525
         627         1509
         628           71
         630         2698
         631         1817
         632         4287
         633          747
         634          637
         636         6316
         637         3306
         640         6183
         641          262
         642         3390
         643          828
         644          657
         645          700
         646         2094
         649          272
         650          553
         651           67
         652          747
         653         2146
         655         1999
         658          662
         659         1464
         662         2709
         663         6310
         665          123
         666         3140
         668          665
         669           41
         673            2
         674          997
         675         3847
         676         1694
         677           71
         678          389
         679         2224
         682           59
         684         1419
         685           88
         686         5014
         687         2223
         688         3747
         689         2864
         691          241
         692          709
         693         2201
         694           45
         695         5774
         696         1804
         697         2287
         698          146
         700          715
         703          728
         704         6402
         705          920
         706         3681
         707           74
         712           38
         713          648
         714          101
         715         2554
         716         7138
         717           20
         719         1536
         720          230
         721           55
         722          864
         724         2246
         725          603
         726           35
         727          685
         729          315
         730         5357
         731          574
         732           42
         733         1239
         734          636
         735           27
         736         4265
         737          173
         740         2633
         741           74
         742            0
         743         4869
         744          762
         745          725
         746         2295
         747         4335
         749           49
         752          810
         756         2878
         759          450
         762          764
         763         4847
         766          246
         768          125
         769         1971
         770         1008
         772           77
         774         3337
         777          108
         778         4007
         779         1619
         780          629
         781         1583
         782          389
         783          519
         784         6039
         785          796
         786         3199
         787         1603
         788          537
         789          816
         792         1535
         793           49
         794         2095
         795         1568
         797         1161
         799           46
         801           62
         802           82
         803          982
         804          813
         805          616
         806         1106
         808           10
         809          650
         812          974
         813          812
         814          720
         815         4559
         817         1298
         818         7636
         819         6418
         820           40
         821         1422
         824          450
         825          189
         826           49
         828         2481
         829            1
         831         2911
         833         2474
         834           22
         837         7850
         839            6
         840            6
         843         5982
         845          239
         847         5381
         848            0
         850          150
         851         6365
         853         1274
         854          190
         858         5124
         859         1760
         860          637
         862         2039
         863         2212
         864          379
         865            2
         866         6969
         867          756
         868         6959
         869         5578
         870         1812
         872          442
         873         4927
         874         3305
         876         2331
         878         2812
         879          828
         880          159
         882         5392
         883          287
         885          315
         888         2257
         891         1421
         892          129
         893          933
         895           71
         896         6003
         898          113
         899         4975
         900         1697
         902           82
         910          814
         912          174
         913         2263
         916         1015
         918         4584
         921          666
         924         2598
         931          557
         934         3400
         935         1120
         936          818
         938          252
         942         2526
         943          119
         945          959
         946         5412
         949          555
         950          291
         956         5797
         957         4993
         958           24
         960         2403
         964          371
         965         3335
         971         7240
         972         1218
         974          230
         975          175
         976           31
         977         1989
         978         7697
         980          628
         981          417
         982         5359
         983         5642
         985          908
         986         4493
         987           41
         988         1020
         992         3190
         994          274
         999         4129
        1000          847
        1002         2999
        1006          888
        1008          261
        1011         3210
        1012          756
        1014         1036
        1015          393
        1016         5841
        1017         1028
        1020         1026
        1021         4993
        1022          377
        1025         5281
        1026           10
        1027          261
        1028         6501
        1034          172
        1036         5914
        1037          148
        1038          656
        1040         2587
        1041          481
        1043          851
        1044          765
        1045            7
        1047         1277
        1049         4892
        1051         4142
        1052          155
        1054         2685
        1055          492
        1056         1002
        1057         5855
        1059         1708
        1062          592
        1067         3575
        1070         3805
        1071         7329
        1073           40
        1076         4457
        1078          885
        1080         2814
        1081         1332
        1085         1383
        1088           73
        1089         5233
        1090         1790
        1093         1103
        1095          223
        1096          778
        1097         1111
        1098         2724
        1100         1506
        1105          977
        1106           18
        1110         2225
        1112         2591
        1115           28
        1116           15
        1117          321
        1118         5137
        1119          669
        1121         2955
        1122           39
        1126         2197
        1131          333
        1134         4533
        1135         5982
        1137          180
        1138         1875
        1139           46
        1140         1196
        1143         1022
        1144          472
        1145          473
        1147           42
        1151            2
        1152         1420
        1153          362
        1154         5439
        1156         3832
        1158          275
        1159          120
        1160         1120
        1161           15
        1164         2381
        1166            5
        1167          755
        1171          225
        1176            1
        1177           22
        1181           44
        1183         1779
        1184          187
        1185         1051
        1186         4918
        1189          925
        1190           83
        1191         7297
        1193           53
        1194          142
        1195         3214
        1196         5777
        1201         4098
        1202          350
        1205         1912
        1208           12
        1210          154
        1211         7315
        1214          208
        1217         5012
        1218           23
        1220          397
        1221         4605
        1222         2712
        1223          187
        1224         3309
        1226          152
        1227         2178
        1228         1004
        1229         3556
        1230         7412
        1232          139
        1233         4499
        1234         3266
        1235          365
        1241          140
        1242          112
        1245         1358
        1249         1997
        1254         1761
        1255           21
        1256         1343
        1260         1067
        1261         2971
        1263          133
        1264         1998
        1268          253
        1269           68
        1270          216
        1274         2063
        1277          238
        1278          190
        1283           60
        1287         6380
        1289         1330
        1290         3429
        1291         2526
        1292         6110
        1293            2
        1294         4516
        1295           49
        1297          111
        1299         3087
        1300         2808
        1301           83
        1302          920
        1303          693
        1304         2431
        1305         4268
        1306         1134
        1308         1398
        1312          158
        1316          640
        1317         5369
        1318         7534
        1319          491
        1321         1493
        1324          744
        1327          150
        1328         3824
        1329         3991
        1330          219
        1334         1157
        1336         1041
        1338           60
        1339         1406
        1340         2958
        1341          278
        1343         1656
        1344         4300
        1346         5413
        1347           16
        1351           20
        1354         1350
        1355          270
        1358         2994
        1364          814
        1365          796
        1367          821
        1371           36
        1373         6090
        1375         2230
        1376         1397
        1378          210
        1379         2673
        1380            4
        1381          112
        1388         4734
        1390          123
        1391          292
        1392          714
        1396          172
        1397         7398
        1398            7
        1400         1258
        1401          896
        1405          628
        1406           21
        1408         1280
        1409          232
        1410           54
        1411         6553
        1412         3724
        1414         1531
        1416          842
        1418          721
        1419         1965
        1424          269
        1426         3212
        1428          503
        1429          102
        1432           65
        1437         1737
        1438          683
        1440         1429
        1441          275
        1442          630
        1444         2290
        1445         4568
        1449         2424
        1450          424
        1455         1724
        1456         1113
        1461         7874
        1462          194
        1467          133
        1469          411
        1471         2436
        1472          708
        1474         4047
        1479         3982
        1485          356
        1491         1522
        1493         3152
        1494            0
        1495         5235
        1497         3469
        1503            6
        1505          219
        1506         2916
        1510          823
        1512          319
        1514         1431
        1517           65
        1519         2533
        1522         1472
        1528         3051
        1531          110
        1536         1568
        1537          214
        1539         1029
        1543          103
        1544         6743
        1548         2348
        1550          714
        1551         1527
        1552         2625
        1554          739
        1557          114
        1566         1611
        1568         5056
        1572         1436
        1576         4543
        1581         3216
        1585           65
        1589          407
        1591          681
        1592         5040
        1593           20
        1594           79
        1599         1605
        1600           31
        1601         2644
        1606           99
        1607         5880
        1608          232
        1610          149
        1611           96
        1612         1727
        1614          377
        1615           25
        1617         2466
        1619         1599
        1620          924
        1627          379
        1628           77
        1629           79
        1630          198
        1631          185
        1632          113
        1633            0
        1634         4964
        1635         1817
        1636           80
        1637          818
        1638         4869
        1641           49
        1642         3167
        1643          171
        1644         5876
        1645           99
        1650          146
        1653          902
        1654         7940
        1655         3742
        1658           43
        1661         7607
        1666          110
        1669          144
        1674         2992
        1676          391
        1684          194
        1686          110
        1691          810
        1692         1421
        1695         7816
        1698          159
        1701         7520
        1702         1515
        1704         5661
        1705          875
        1707            0
        1709          558
        1711         1337
        1713         2521
        1714         1388
        1716            5
        1721          760
        1724           31
        1725         3705
        1727         3651
        1728           39
        1729          341
        1731          516
        1733         1404
        1734         2148
        1736         2176
        1737            0
        1738          246
        1740         1751
        1741         4650
        1743           99
        1744         1818
        1745         4262
        1746         4631
        1747          130
        1749         4126
        1750           12
        1752          232
        1753          307
        1754         5799
        1757          137
        1760         5976
        1762          966
        1763         4265
        1765         1541
        1766          146
        1769         1973
        1771         3366
        1773         2011
        1774         1413
        1775         1454
        1777            0
        1780          225
        1781          883
        1783          217
        1784           70
        1787          197
        1791         1051
        1792         7127
        1794         1540
        1796            9
        1801          653
        1805          240
        1807           27
        1809           40
        1810          381
        1811          120
        1814         7223
        1816         1224
        1819          606
        1820           79
        1821          102
        1822         2015
        1824         3160
        1826           26
        1829          321
        1831         3835
        1832           36
        1836         5836
        1837         1169
        1838         1302
        1840         1548
        1842            7
        1850           36
        1851          352
        1852          185
        1856          366
        1857          438
        1858          187
        1862         1233
        1863          527
        1864         6550
        1865         2274
        1866         7230
        1870         2948
        1873          799
        1876          933
        1882          513
        1883         6679
        1886           21
        1891         4186
        1892           82
        1893         3429
        1894         1384
        1895         5860
        1896         2065
        1899          391
        1901         6758
        1903         1460
        1905          793
        1908           84
        1910            0
        1912          417
        1914         2987
        1918          248
        1919         4063
        1920          395
        1928          379
        1934         2554
        1936         2715
        1938          275
        1939          102
        1942         3689
        1945           36
        1950          601
        1951          718
        1955            3
        1956         5193
        1959           59
        1962          170
        1963         2287
        1964         3857
        1965          214
        1966           89
        1970         6540
        1973         1912
        1982         1653
        1983         2586
        1986         2850
        1987         3681
        1988          795
        1989          498
        1992         2403
        1994         1354
        1996          220
        1997          754
        1998         1794
        2001          370
        2002           21
        2003          491
        2004           82
        2006          387
        2009          424
        2010         5397
        2011         1261
        2013          319
        2014           31
        2022          348
        2025           79
        2029           31
        2030          518
        2032          379
        2040         2843
        2043          396
        2045          200
        2046           42
        2047          637
        2050           80
        2053         4567
        2054           22
        2056          697
        2057           79
        2058           27
        2073         3003
        2074           94
        2075         2586
        2084         1144
        2090            7
        2092            7
        2097           16
        2104           94
        2107         1790
        2109          407
        2115         2381
        2117         1932
        2121         4129
        2122          654
        2123          807
        2126          146
        2128          187
        2129         3628
        2132         1436
        2134         1746
        2135          162
        2139         2180
        2140          387
        2141           65
        2142         4512
        2144          969
        2146          403
        2149         2440
        2151         2188
        2154          624
        2155           21
        2156          315
        2158          100
        2159         4733
        2160          268
        2161          219
        2163            4
        2164          966
        2166          711
        2167           77
        2169           25
        2175          126
        2176            4
        2177          194
        2180           79
        2183          653
        2184         2958
        2187         1404
        2193          123
        2197           33
        2201         6049
        2202         2183
        2204           18
        2205         6888
        2207          543
        2208          339
        2209         1082
        2210           17
        2215         2454
        2217         7389
        2219          225
        2221          527
        2224           20
        2226          951
        2229          235
        2232           99
        2237           82
        2241         1484
        2243         2421
        2245         2021
        2246         1186
        2247         6168
        2248         1083
        2249          666
        2250           83
        2251         5633
        2256          751
        2260          995
        2261         2550
        2264           64
        2265          715
        2272           27
        2275         1196
        2279          846
        2281           66
        2282         5051
        2284          150
        2285          127
        2286          211
        2288          158
        2292         4643
        2295          230
        2299          905
        2304         1632
        2306          909
        2311         4524
        2312          697
        2318         1625
        2324         4524
        2325           52
        2327           33
        2328         1600
        2333         4067
        2338         2168
        2340         3386
        2341         4450
        2342         2804
        2344          415
        2350         5290
        2354          374
        2355           51
        2358            5
        2359          246
        2360         6054
        2361         4692
        2363         1931
        2366          218
        2371         1302
        2379          791
        2391         5754
        2396         4389
        2400         2598
        2401           37
        2402         2424
        2404         1109
        2406         2699
        2407         3943
        2408         2144
        2409         2101
        2418          147
        2421         5319
        2424         1180
        2425         2438
        2426          317
        2429            1
        2431         1548
        2432          152
        2433         3119
        2436          231
        2439          928
        2447         1298
        2449           91
        2453          655
        2458         3860
        2459          817
        2461           64
        2466          257
        2467         3270
        2471           76
        2473         2438
        2477         5441
        2478           65
        2485         3662
        2490         3551
        2492          354
        2498          235
        2503          252
        2505           59
        2506           31
        2507            6
        2510         4460
        2513           31
        2514         3747
        2516         2977
        2518          432
        2521          765
        2525         7105
        2534           79
        2536           66
        2542          147
        2543         5290
        2544          211
        2546         1339
        2550           28
        2556          733
        2559         1605
        2560          621
        2564            7
        2575         2482
        2577         3386
        2582         1987
        2585          120
        2590          711
        2592           83
        2597          791
        2602           33
        2603         1258
        2604          362
        2608         4309
        2611          839
        2612           71
        2617            5
        2618          265
        2620           91
        2624         3728
        2630          524
        2631         1305
        2632         3031
        2633         1338
        2636         1924
        2637          466
        2641         3335
        2646          218
        2649          110
        2650         2712
        2651          158
        2654          330
        2657           10
        2658          268
        2665           77
        2667         2728
        2669         1261
        2673         1840
        2676          217
        2678         2743
        2684          306
        2687         3619
        2688         7706
        2689           31
        2690          307
        2694           16
        2697         6059
        2700         1782
        2702         2939
        2704          257
        2705         4163
        2706          908
        2712         3220
        2715           15
        2716           22
        2717           48
        2720         3419
        2722            0
        2728         2387
        2733         2816
        2739         7469
        2740          140
        2745         2763
        2746         7241
        2747         4241
        2748         1243
        2751          398
        2752         1277
        2753          711
        2754          715
        2758         2591
        2762          638
        2763         2262
        2769          995
        2772         1295
        2774           66
        2775         4011
        2777          164
        2783         2062
        2786           39
        2789         1157
        2791         2034
        2796          459
        2799         2680
        2800         3728
        2803         1486
        2809         6634
        2811         2544
        2814          427
        2816          143
        2817         3182
        2818         3051
        2820         2199
        2827          137
        2830          524
        2837            8
        2842          890
        2843          207
        2845          146
        2847         5751
        2848          151
        2849         7266
        2851          654
        2852         2173
        2857         2176
        2858          402
        2866          268
        2867          747
        2869          178
        2870            6
        2871         4607
        2872           10
        2873          579
        2880         1037
        2886         2860
        2888          110
        2890           96
        2896          648
        2897         7886
        2901         2177
        2907          806
        2909          985
        2910         1182
        2919         3403
        2920         2526
        2921          377
        2925         2617
        2930          588
        2932         3431
        2933           53
        2934         2749
        2937          547
        2939          705
        2940         5346
        2941          174
        2942         2577
        2943            0
        2945         3538
        2947          139
        2950         1419
        2952          321
        2953          275
        2956         2216
        2958         5301
        2959         1051
        2962         5727
        2963         6726
        2968          467
        2972         5970
        2973         8053
        2974         2018
        2977         3378
        2978          814
        2980         5236
        2989          760
        2994         1768
        2999          340
        3000          281
        3001          275
        3003         4277
        3007          155
        3008          172
        3010         2466
        3011            6
        3013           99
        3014         3447
        3015         5213
        3018         2440
        3022          996
        3024          379
        3026          289
        3028         4145
        3031         1561
        3032          270
        3034         1125
        3038         1649
        3041         4585
        3044           35
        3053         1549
        3054         4064
        3058           19
        3060          521
        3061          118
        3062         1555
        3066         2848
        3074         3780
        3075           12
        3079         1455
        3090           96
        3099         2765
        3101         3748
        3104           24
        3106            0
        3108           36
        3111         2224
        3115          974
        3116         4355
        3118           69
        3124         2439
        3126          707
        3127         1555
        3130         1600
        3134         1757
        3136         5125
        3140         1625
        3148           24
        3155          466
        3157         2387
        3161           27
        3167         5086
        3172         6148
        3176         1058
        3180         7469
        3181          925
        3189          628
        3204          116
        3208           31
        3212         1998
        3221           36
        3222         1284
        3229          110
        3235         2444
        3236          152
        3238          736
        3239            6
        3240         5533
        3242          696
        3244          249
        3245         3048
        3253         1246
        3255          102
        3258            2
        3263          340
        3271         1067
        3278           90
        3280          183
        3285         5192
        3287           65
        3296           53
        3298         2266
        3312          113
        3314         1310
        3318           40
        3319         2743
        3326          492
        3329          183
        3330          235
        3332           27
        3334         3555
        3337           23
        3338         4643
        3340         2287
        3341            0
        3342          172
        3343           65
        3345          432
        3355          152
        3357          371
        3358         2840
        3359         4915
        3361          354
        3368          120
        3369          197
        3372          268
        3373           60
        3374         5829
        3376          888
        3377         1781
        3392          203
        3393            3
        3394         2015
        3397         5619
        3399         1251
        3410          613
        3414           22
        3415         1302
        3421          784
        3425         3405
        3426           11
        3428            6
        3431           27
        3434          537
        3435           50
        3437           91
        3440         1971
        3445         1237
        3454           21
        3457         5236
        3468         2240
        3471         2375
        3475          635
        3476          886
        3478           28
        3479         7587
        3481         2219
        3485            3
        3492          146
        3493         1017
        3500          127
        3503          753
        3504         3883
        3507          118
        3508         2918
        3509         1457
        3512           81
        3522         1354
        3537         4766
        3539         2987
        3540         1038
        3545         1020
        3546         2224
        3549          728
        3555            3
        3556          232
        3557           20
        3561         1360
        3565            6
        3570         2586
        3571         4784
        3572         2673
        3575         5094
        3577         5420
        3578          349
        3584           23
        3585         4214
        3587          806
        3588           16
        3604           65
        3605           23
        3607            1
        3608         2201
        3610         5014
        3613          629
        3614          707
        3617         4608
        3619            1
        3621          343
        3633         5951
        3634            7
        3647          498
        3655          131
        3661          944
        3666         1958
        3670         1307
        3674           96
        3675          161
        3679         3164
        3680            6
        3692          166
        3694         3428
        3696         3774
        3708            1
        3713          329
        3715          662
        3716         4522
        3718          172
        3719          158
        3723          346
        3724          477
        3729         1008
        3734         3878
        3745           80
        3747          915
        3750         5217
        3753           27
        3758           24
        3760         6937
        3761         3760
        3764          250
        3765           26
        3767         1472
        3773         2372
        3778         3174
        3787          834
        3789         1900
        3791         1280
        3797           95
        3800         2813
        3801         1105
        3808         1227
        3811          603
        3816            0
        3829            0
        3838         1754
        3839          252
        3844           71
        3846         5251
        3847         2691
        3859         2642
        3860          172
        3870          177
        3877           36
        3879          602
        3881         2173
        3883         1351
        3887            2
        3888          860
        3889         1071
        3897         1486
        3898         3315
        3900          772
        3902           49
        3907          177
        3909         5764
        3910          363
        3912         3386
        3915         2985
        3922          879
        3925           24
        3936         2800
        3938           91
        3940         1606
        3941         2801
        3943          795
        3950          230
        3955            2
        3957         3477
        3959         5609
        3961          718
        3974            4
        3976          786
        3977         2000
        3978          341
        3980           18
        3990           36
        3991           42
        3993          294
        3998         2861
        4000          214
        4022            1
        4023          949
        4027          369
        4028          218
        4034          317
        4036          107
        4040          391
        4046         4095
        4049         1096
        4054          187
        4059           15
        4063          629
        4064            6
        4070          137
        4076           60
        4077         5183
        4079         2405
        4085          320
        4089         2555
        4096         4110
        4097           15
        4098         1088
        4101           13
        4102         1246
        4108         1238
        4117         6631
        4121         2148
        4124         3614
        4126         2372
        4128            0
        4130         2348
        4132          195
        4133         5469
        4135           28
        4137          321
        4152            0
        4153         4402
        4158         4931
        4161          863
        4162           37
        4164         5425
        4167         1790
        4174         1161
        4180         2769
        4187          154
        4189           96
        4193          269
        4197         1721
        4200          178
        4204          537
        4207         3378
        4209           52
        4214         2601
        4216         2295
        4217         3601
        4221         4831
        4224           91
        4226          624
        4231         1971
        4234          466
        4241         4219
        4242            0
        4244           78
        4248           43
        4249          304
        4252         5985
        4257          964
        4258         6783
        4262          411
        4268            2
        4273         4742
        4280            0
        4284            2
        4285          130
        4289           21
        4290          506
        4296          194
        4298          209
        4300         5763
        4305         2279
        4309         1430
        4312         1233
        4315         4530
        4319           31
        4326            1
        4329          116
        4332          737
        4334          376
        4338            8
        4340           79
        4347         1929
        4350          142
        4354           37
        4356           24
        4360         2454
        4362         3335
        4365           62
        4367           10
        4370         5619
        4372           69
        4373         2320
        4375           36
        4377           65
        4379         7358
        4388          417
        4389         1398
        4391         1625
        4392         4568
        4395         1625
        4398         4165
        4399          407
        4405          320
        4407         4086
        4412          105
        4416         3125
        4422         3376
        4426           54
        4429          245
        4430           94
        4432         4335
        4439            2
        4441         3638
        4446         1082
        4450         2719
        4451         1374
        4453          842
        4454          341
        4455           49
        4458         3353
        4460         2994
        4463         1938
        4468            2
        4470         5788
        4471          933
        4475         3886
        4476         2967
        4477          549
        4487            4
        4488          556
        4490         3924
        4492          278
        4497          549
        4503          422
        4508          859
        4512         6222
        4514         4826
        4519         2616
        4520          974
        4525           21
        4530         1014
        4532           99
        4535           40
        4550          456
        4551          142
        4552         3835
        4556         1506
        4558          326
        4571          978
        4573         2269
        4575         3181
        4577         4097
        4578          238
        4588           27
        4592         1181
        4596          466
        4607           36
        4610         2168
        4620         1420
        4627         3151
        4628          101
        4641           18
        4645          330
        4647           16
        4649          178
        4650         5824
        4653         1274
        4662         4474
        4666         1637
        4670          601
        4673          285
        4683         1161
        4685         1740
        4691         1084
        4692         1600
        4693          402
        4698         4115
        4700         2715
        4701         6609
        4704          944
        4709            3
        4712          387
        4717         2436
        4721           21
        4723           93
        4724           27
        4725           88
        4727          219
        4750          290
        4752           48
        4753         5221
        4759          203
        4762         1880
        4767         4229
        4769           15
        4777            6
        4779         1472
        4780         2482
        4781         2245
        4782         2526
        4786         1022
        4791            2
        4794         2446
        4801         2298
        4804         4253
        4812           43
        4840           22
        4841          636
        4851          474
        4865         2426
        4868          108
        4869          154
        4870          858
        4872           31
        4875         5488
        4881         1478
        4893          287
        4896         1614
        4897          909
        4903         1174
        4907         5103
        4908         1486
        4918          232
        4919          173
        4922           22
        4924         4988
        4930         1999
        4932            0
        4933           24
        4934         1241
        4935         2176
        4938         3666
        4939            3
        4945          247
        4958         5682
        4969         5360
        4973         5437
        4975          527
        4978         6168
        4993           80
        5003          274
        5009         5042
        5011         4133
        5015         1236
        5018         3182
        5040           79
        5046          985
        5051          324
        5053          232
        5061          888
        5088          461
        5089          582
        5090         3488
        5093          638
        5097          194
        5099         7423
        5102           76
        5103         5384
        5104           77
        5107            7
        5112          151
        5114         4240
        5115           81
        5117         3089
        5120          246
        5121         3479
        5122            4
        5130         2377
        5136          257
        5143          158
        5145         6037
        5146         2067
        5147           16
        5159          543
        5162         4633
        5163         3174
        5164         1238
        5169            3
        5172         1277
        5175            0
        5180         5032
        5181          519
        5183         5800
        5188          704
        5206           27
        5210         4483
        5220          760
        5227          629
        5236          321
        5247         1120
        5250          479
        5253           79
        5261         1426
        5263          629
        5265         6059
        5269         3155
        5271         3617
        5274         2226
        5275          134
        5289           16
        5297         1589
        5312           49
        5313         3704
        5314         5563
        5318          838
        5319           50
        5331           37
        5334          123
        5335          868
        5337         2315
        5340           95
        5342         3756
        5346         2897
        5362           16
        5363          158
        5373         2575
        5374         6796
        5377         1343
        5380           31
        5385          714
        5390         2000
        5397         1611
        5407         4579
        5408          376
        5412         5774
        5413         3701
        5416          238
        5419         1765
        5421            0
        5425          249
        5438           77
        5441          302
        5447          248
        5454           27
        5456           52
        5460          416
        5461          915
        5467         1252
        5478            1
        5481           20
        5482            1
        5487           16
        5493          241
        5509         1636
        5512           20
        5514         6831
        5517          430
        5520         5797
        5521         1735
        5529          901
        5547          715
        5550         4797
        5554           26
        5563          904
        5568         1507
        5572         1341
        5573          194
        5585         6396
        5593          143
        5599           28
        5604           12
        5607           11
        5608            7
        5616         1420
        5621         1452
        5622          601
        5625          257
        5630          710
        5632            0
        5634         7127
        5638         3430
        5646           10
        5651         1442
        5663           28
        5672          481
        5674         1359
        5685         4158
        5687            8
        5688         2173
        5691            6
        5692          359
        5702         2396
        5703         1549
        5704         6321
        5708          320
        5710          755
        5711         1456
        5715            9
        5722         3395
        5724         1062
        5725          257
        5727          103
        5729           79
        5734          109
        5740         5815
        5745           18
        5746          378
        5754          341
        5759         1850
        5760         5520
        5761         2081
        5770          317
        5773          302
        5775         3739
        5778         1413
        5785          377
        5792          357
        5794           54
        5809          457
        5813          518
        5825            0
        5827         3020
        5829         3850
        5834           29
        5839          231
        5841           71
        5843          549
        5864            2
        5867            0
        5868           48
        5871         3266
        5879         2803
        5881          102
        5887            0
        5890         2956
        5896         1487
        5899           27
        5908            0
        5909          814
        5910         7843
        5920          268
        5930          476
        5932          549
        5934          977
        5940          518
        5943         1499
        5952         2555
        5965         1288
        5967         1425
        5975          195
        5980           49
        5982          600
        5984         1256
        5993         5056
        5995          104
        6000            0
        6007            0
        6018          117
        6020         5775
        6022          871
        6023         4133
        6031            8
        6032          111
        6045          112
        6048         2746
        6053         6270
        6055         4483
        6056         6723
        6057         3777
        6064         1163
        6068           16
        6071         2088
        6072         2369
        6081           27
        6088          574
        6092         2176
        6103            0
        6114          127
        6117         2691
        6119           21
        6133           31
        6146          901
        6147          769
        6148         3283
        6156         7740
        6157         1135
        6169           24
        6173          604
        6182           75
        6186           77
        6194         2162
        6208         1080
        6221         7074
        6228          304
        6239         1907
        6242         1657
        6244           60
        6246         2958
        6248          713
        6257            1
        6258           53
        6267          223
        6269          170
        6271         2658
        6279          116
        6282         1607
        6294            3
        6300           19
        6301         1100
        6308          378
        6313           54
        6316         4850
        6345         2320
        6350            2
        6351          793
        6356            8
        6366         2809
        6370         2219
        6376         2987
        6410          104
        6411          184
        6415         3665
        6420           36
        6423          152
        6433          637
        6435          118
        6436            0
        6445          317
        6446           11
        6450          261
        6453          321
        6458          409
        6460          431
        6465         4603
        6475         2208
        6478         3058
        6490          737
        6492          152
        6495          474
        6497         4159
        6499           31
        6500            6
        6502         7880
        6504           20
        6509         2483
        6514           94
        6515         2591
        6521         5614
        6526         1315
        6528         2977
        6529          155
        6538           11
        6539            0
        6557          524
        6587         1055
        6593           70
        6604         6825
        6605          126
        6608         4089
        6622         5537
        6649          617
        6694         1874
        6704         1137
        6708         3428
        6730           15
        6734         2501
        6746          524
        6754          790
        6769         1023
        6803          921
        6809         3748
        6822         1850
        6827         1349
        6828           72
        6831          549
        6836          378
        6837          461
        6852         1256
        6864          386
        6879          537
        6883         7266
        6900         2446
        6967         3020
        6976          142
        7000          422
        7003           42
        7020          122
        7059          624
        7067          118
        7074          225
        7079          184
        7094          101
        7100          510
        7108          161
        7134          326
        7141            0
        7143         3801
        7173          946
        7183          633
        7185         2404
        7197         2985
        7205         1736
        7220         1332
        7226         2360
        7234           81
        7241          919
        7250          457
        7277            9
        7289            3
        7299          282
        7302          370
        7305          235
        7325           34
        7328          667
        7335          172
        7347         2466
        7367            1
        7397         1616
        7398         3887
        7415         2311
        7430          418
        7481          402
        7490          155
        7496          261
        7497         2546
        7502         1358
        7511            7
        7551            1
        7552           96
        7572          115
        7573         1113
        7581           16
        7589         6124
        7590          492
        7597         1243
        7641         2817
        7649          474
        7678         4926
        7731            0
        7750          545
        7772         1262
        7779          653
        7789          287
        7797         2542
        7817          160
        7827          498
        7832         2390
        7841           75
        7843         1363
        7869         2252
        7871         4782
        7894           15
        7897           29
        7910          765
        7929         4895
        7952          794
        7967         1800
        7988            1
        7994         3018
