# HaloID(1) HaloID(2)
           0            0
           1           35
           2            1
           3            2
           4            3
           5            6
           6            5
           7            7
           8            8
           9            1
          10         3689
          11           11
          12           12
          13           13
          14           15
          15           14
          16           16
          17         1830
          18          447
          19           21
          20         2471
          21         3304
          22            0
          23           46
          24         3958
          25           24
          26           25
          27          459
          28         3158
          29           29
          30           18
          31           30
          32         8917
          33         1361
          34         1881
          35         1140
          36         3691
          37         3689
          38           37
          39         1775
          40           80
          41           38
          42         1822
          43          476
          44         2971
          45           45
          46           47
          47           46
          48           48
          49          158
          50           64
          51           50
          52           24
          53         1874
          54         4731
          55         4667
          56          285
          57           60
          58          511
          59         4261
          60          672
          61         5185
          62          729
          63           54
          64            2
          65         3702
          66           67
          67           68
          68         3381
          69         6646
          70           72
          71           71
          72         1520
          73          174
          74         3612
          75         5031
          76         4335
          77           66
          78         1334
          79          110
          80         1998
          81         2871
          82          259
          83          207
          84          120
          85           85
          86         6192
          87          149
          88          964
          89         2648
          90          781
          91         2018
          92           23
          93           95
          94         2547
          95           89
          96         8692
          97         2015
          98           18
          99          491
         100          100
         101         6112
         102          713
         103           65
         104         6170
         105            2
         106         4427
         107          746
         108          106
         109         1147
         110          267
         111          112
         112          403
         113          366
         114         1652
         115           14
         116         5736
         117         2291
         118          933
         119           15
         120         5261
         122         5097
         123         7654
         124         3335
         125           75
         126         3481
         127           13
         128          108
         129           70
         130          128
         132           19
         133         7575
         134         4574
         135           51
         136         8375
         137          990
         138          479
         140           33
         141         2777
         142         2919
         143          767
         144         5077
         145           51
         146           44
         147          739
         148         8352
         149            9
         150         3199
         151          302
         152         2885
         153         2877
         154           24
         155          156
         156         2261
         157          301
         158         1856
         159           23
         160           36
         161         6757
         162          120
         163         5009
         164          162
         165         2186
         166         1224
         167         3192
         168         2399
         170           94
         171          264
         172           65
         173          175
         175          893
         176         5743
         177         3664
         178           24
         179            0
         180           49
         181          866
         182          183
         184         5653
         185          590
         186         6082
         187          991
         188         1066
         189           26
         190           73
         191          117
         192           26
         193          153
         194          194
         195          326
         196         8227
         197          196
         198           96
         199          933
         200         1235
         201         3606
         202         8185
         203         7765
         204          226
         205           15
         206         2781
         207          284
         209          678
         210         2110
         211         4187
         212          366
         213           45
         214         3737
         215          217
         216          406
         217         6081
         218           15
         219          218
         220         2463
         222         3712
         223         7573
         224          182
         225         4303
         226          151
         227          631
         228            9
         229         3278
         230         6324
         231          215
         232          232
         233         7564
         234            2
         235          255
         236         4146
         237         3319
         238           99
         239         5702
         240           85
         242          464
         243         1290
         245         2978
         246         4772
         247         3043
         248          102
         250           71
         251         7644
         252         2520
         253          607
         254         1362
         255          797
         257         3213
         258           14
         259          259
         260         4619
         261          195
         262          551
         263         8002
         265          151
         267           18
         268         8643
         269         1016
         270         4885
         271         8484
         273         8917
         274           49
         276         3304
         277         9539
         279         2088
         280         5031
         281          280
         282           64
         283         1293
         284         6621
         285         3897
         286          283
         287            0
         288         6819
         289          151
         290         7229
         291         2784
         293         1491
         294          290
         295         4611
         296          295
         297          724
         298          238
         300         1689
         301         3542
         302          134
         303         1006
         304          297
         305         4785
         306           70
         307         4086
         308         6442
         309           14
         310         2275
         311         4248
         312         3676
         313          931
         314         1561
         315          847
         316         7449
         317          458
         318         3217
         319         1830
         320         2243
         321          316
         322          436
         324          538
         325          129
         326          552
         327          322
         328          499
         329         3800
         330         9140
         331          701
         332         1265
         333         3904
         334         3718
         335           31
         336          314
         337            0
         338         2833
         339          338
         340         7895
         341           33
         342          693
         343         4909
         344         1587
         345         6190
         346         1167
         347            9
         348         2489
         351         6706
         352          480
         353         5754
         354            0
         356           14
         357          138
         358         6476
         359          129
         360          175
         361          356
         362          328
         363         5617
         365         4631
         366          371
         367          204
         368           89
         369         4959
         370          151
         371           80
         372         4913
         373         3220
         374         2867
         375         2101
         377          944
         378         1304
         382         3359
         383         2805
         384          377
         385         5554
         387          876
         388          167
         389         3597
         390           49
         391          975
         392         2804
         393          335
         394          134
         395         2122
         397          203
         398          398
         400           14
         401         4499
         402         1842
         403         5034
         404         7062
         405           37
         406          654
         407         1192
         408         9310
         409         1196
         410           14
         411         2681
         412           73
         413         3140
         414          136
         415         3309
         416          151
         418         6688
         420           71
         421         5933
         423          821
         424          151
         425         3005
         426         2539
         427          307
         429         3253
         430          432
         431          920
         432          651
         435         5755
         436         6168
         437         1340
         438         6594
         439         1840
         440            0
         441         1683
         442         2936
         443          158
         445          215
         446          509
         447          845
         449          729
         450         1293
         454         3589
         455          991
         457          917
         458           46
         459           14
         460          672
         461           39
         462           24
         464          594
         465            1
         466          834
         467          327
         468          307
         469         5883
         470          468
         471         7260
         473         4468
         474         3012
         476         1865
         477         3148
         478          508
         479         7891
         480          440
         481           43
         482          765
         483           78
         484          482
         485         1379
         486          475
         487         2941
         488         4301
         489         3814
         490         4456
         492          171
         493          802
         494         1104
         495         6040
         496          587
         498         1937
         500           14
         501         1228
         502          496
         503          500
         504         9389
         505           24
         506         1965
         507          108
         508          938
         509          567
         510         1218
         513         1570
         514         5046
         515         7105
         516          265
         517         9452
         518         1086
         519           56
         522           51
         523          510
         524         2798
         525           16
         526         6564
         527          522
         528          524
         529         2416
         530         3880
         531          151
         532         2234
         534         1237
         535         3275
         536         4533
         537         9056
         538          587
         539            0
         540          354
         542         1677
         543         4188
         544         4359
         545         4067
         546         8344
         548           70
         549           75
         550         4553
         551         2578
         552          323
         553          376
         554          431
         555          553
         556          317
         557         2652
         558          554
         559         1572
         560          187
         561         7329
         562         8169
         563         3448
         564         1409
         565         5795
         566          526
         568         1003
         569          563
         570         4744
         571          151
         574         3448
         575          339
         576         1972
         578         2417
         579         2139
         582         1205
         583          579
         584          790
         585         8941
         586          376
         587         1309
         588          125
         589         2682
         590           45
         591         9188
         592          368
         593          586
         594         3043
         595          268
         596         2259
         598         1699
         599         1342
         600         4018
         601            2
         602         1246
         603         2680
         604         4919
         605           85
         606         1964
         607         3817
         610         1250
         611          674
         612           48
         613          152
         615         2586
         616           58
         617          408
         618         3121
         619          449
         620         2001
         621         1148
         622          352
         623          943
         624          599
         625         4824
         626          335
         627          401
         628         1171
         629         4757
         631         2382
         634          636
         636         3171
         637         2889
         638          187
         639         7336
         640          640
         642         3948
         643         2503
         644         4294
         645          248
         647          590
         648          892
         649          222
         650         3625
         651         4083
         653          416
         654         2424
         655         3019
         657         7634
         660          361
         661          134
         662         7912
         663         1252
         666         7297
         667          500
         668         8064
         669         2464
         670          134
         671          151
         672         4031
         673           70
         676         2243
         678          682
         679           95
         682         3413
         683         6593
         684          380
         685          687
         686          382
         687         1752
         688          684
         689         6950
         690          136
         691         3303
         692          449
         693          650
         694           14
         695          109
         696            5
         697           14
         698            8
         699          565
         700         3298
         701         1245
         702          783
         703          620
         704         6196
         705          528
         706          405
         707          211
         708         1307
         709          709
         712          157
         713          158
         714         8294
         715         1674
         718         1221
         719         4038
         721         1759
         722          624
         723         1265
         724         8419
         725         2382
         726         5062
         727         7163
         728         1040
         729         7502
         730         4828
         733         1826
         734         1939
         735          390
         737           36
         738         1226
         740         4247
         741         3109
         744          299
         746         3058
         748         5584
         749          671
         750           76
         751         5097
         753         4469
         755          214
         757         4380
         758          122
         759         1118
         760         1495
         762          753
         763           34
         764         2381
         765         5107
         766         3245
         767         3001
         768         4560
         771         4032
         772           11
         774         1113
         775         1684
         777            9
         779           39
         781         1370
         782         1070
         783          861
         785          630
         786         1977
         787            0
         789         4475
         790         6654
         791         2732
         792           37
         793          524
         794          533
         795         2972
         796          471
         797         9567
         801           20
         802          976
         805          636
         806         3442
         807         1137
         808         7627
         810         5653
         811          802
         812         3303
         813         3669
         814          131
         815         1370
         816         4731
         817         5995
         819         1206
         821          105
         822          356
         823          816
         824          432
         825         3557
         826          812
         827          817
         828          819
         829           14
         830          126
         831         7355
         832          293
         836         1724
         837         1179
         838           49
         840          837
         846         2487
         847         3594
         848         1820
         849         8275
         850          168
         851          584
         853          626
         854         1289
         855         6567
         857           73
         858            8
         860         5203
         863         2008
         864          933
         865         5743
         866         1112
         867         8203
         870         6839
         874         7124
         875          846
         876         1444
         878         3488
         880           98
         881         7997
         882         3493
         883         2275
         884           35
         885         3467
         886         1335
         887         8264
         889            4
         890         8733
         891          258
         893          835
         896         3268
         898          601
         899          899
         901         1208
         902         1938
         903         1834
         906          219
         908          304
         909          885
         910         1591
         912           13
         915         9408
         916          126
         917          368
         918         4095
         920         4336
         924         4189
         925         2333
         926         3218
         928          921
         930         5902
         931         9135
         932         5016
         933          455
         935           84
         936         1022
         938         8512
         939         2980
         940         1803
         941         1108
         942          324
         945          192
         946         3968
         949           22
         950         3965
         951         5987
         952         1603
         953         5892
         954         6958
         955         2261
         956          986
         957         9163
         958         8160
         962         7349
         963           14
         965          960
         967          945
         968          347
         969           47
         970         9557
         972          353
         973         4133
         975         5590
         977         6455
         979         5208
         981          201
         982          590
         984         7886
         985          984
         990          271
         992           33
         996          992
         997          993
         999         2508
        1000          396
        1003         1421
        1006          713
        1007            0
        1008         2048
        1009          142
        1010         7737
        1011         4526
        1012         1169
        1013          273
        1014         3382
        1016         1398
        1018           77
        1019         4261
        1020         8097
        1022         5051
        1025         1012
        1026         4566
        1028         1035
        1029         1050
        1030          609
        1031         3878
        1034         3198
        1035          213
        1036         7050
        1039         4356
        1040         3882
        1041         6693
        1042         2276
        1043         2334
        1045         7286
        1046          577
        1047         4885
        1048          841
        1049            2
        1051         1060
        1053         4014
        1057           10
        1059         4188
        1062         1100
        1064         3958
        1065         5243
        1066         6757
        1067         2646
        1068          166
        1070         2543
        1071         7034
        1073           50
        1074           98
        1075           20
        1076          663
        1077           36
        1078         1734
        1081          239
        1082          935
        1083          624
        1085         5546
        1086         8003
        1087         1832
        1091         2300
        1094         8800
        1095         6521
        1097          118
        1098         3941
        1100           73
        1101           69
        1102         1102
        1103          324
        1105         1307
        1107         1485
        1109          111
        1110         1727
        1111         4086
        1112          860
        1113         1142
        1114         3440
        1115         5466
        1116         8545
        1117         6197
        1119          288
        1120         6871
        1123           16
        1124           14
        1126         2641
        1127          615
        1128         6448
        1129          178
        1130          994
        1132          304
        1133          494
        1136          722
        1137         8458
        1140         6747
        1141         1837
        1143         1129
        1144         2797
        1145         1251
        1146          617
        1147          770
        1150         3218
        1152         1140
        1153         1645
        1154         2108
        1157         7243
        1159         3478
        1160         1664
        1161          386
        1162          582
        1163         1570
        1164          162
        1165         7120
        1167         1069
        1168         6569
        1170         3301
        1172         2055
        1174         2875
        1176         1166
        1177         1189
        1179         6907
        1180          552
        1181         4633
        1182          624
        1187          205
        1190           33
        1191         1106
        1194         2568
        1200         5119
        1201         1228
        1202         2874
        1205           65
        1206         1162
        1208         1627
        1209         1097
        1211         1254
        1213         1154
        1215         2424
        1216          845
        1217         1615
        1218          983
        1219         2537
        1220           23
        1221          809
        1224          144
        1226         1256
        1228         6820
        1229          396
        1230          324
        1232         1086
        1233          245
        1234           43
        1235         1430
        1236          189
        1237           95
        1238         3522
        1240         1255
        1241          684
        1245          249
        1247          650
        1250         1229
        1252         2528
        1253         3275
        1255           60
        1257         6402
        1258         2756
        1259         9271
        1261         4999
        1262         1124
        1264         3217
        1266         1410
        1268         7347
        1271          167
        1273         4998
        1275         3874
        1276         3637
        1277         2141
        1278         1998
        1280         5427
        1284          174
        1285          306
        1286         1736
        1292         2798
        1293         5511
        1294         1943
        1295          220
        1296         3593
        1297         9188
        1298         2379
        1299          845
        1300           91
        1303         2269
        1304         1377
        1306          131
        1307          123
        1308         1274
        1310         1583
        1311          632
        1312         7371
        1313         3618
        1314          242
        1315         1481
        1317            2
        1318         1403
        1319         8365
        1320           14
        1323          245
        1324           20
        1325          171
        1326           36
        1327         7777
        1328         4920
        1330         2696
        1331          388
        1332         1219
        1333          191
        1336          711
        1339          197
        1340          790
        1342         2686
        1343         1488
        1344          618
        1346          516
        1348          213
        1349         7646
        1350         4451
        1351         1325
        1352         6067
        1359         2038
        1360          951
        1361         2861
        1362           77
        1363         2022
        1364         2330
        1366         3056
        1367         2796
        1368         7619
        1370          766
        1371          721
        1372          684
        1373         3128
        1374         4307
        1377         3874
        1386         1268
        1387          187
        1388         1467
        1394         1403
        1395          128
        1396          294
        1401         2330
        1403          685
        1404         1677
        1405         2867
        1406         1052
        1407         4736
        1408         2327
        1409          100
        1410         2481
        1411          251
        1412         4883
        1415           62
        1418         3514
        1419         4396
        1421         1098
        1422         1735
        1424           96
        1426         6445
        1429         2581
        1431          220
        1433          238
        1438         6335
        1439         1422
        1440         2373
        1441         1434
        1443         1441
        1445           66
        1449         3488
        1450          588
        1451         7700
        1452           98
        1454          405
        1456         7452
        1457         1453
        1458         1506
        1459         1433
        1460          191
        1461           33
        1462          134
        1465         8187
        1466           28
        1469           17
        1474         6364
        1475         1471
        1476         6775
        1477          266
        1478         1391
        1479         4927
        1480          433
        1482          944
        1483         1885
        1487         4016
        1488         1267
        1494         1484
        1495          196
        1496          215
        1499         1994
        1501          257
        1502         1298
        1503         1744
        1505          991
        1507         1362
        1509         8863
        1510         4105
        1511          223
        1521         2382
        1522          472
        1523         2725
        1524          973
        1526         6706
        1529         4498
        1531          198
        1532          106
        1533         9478
        1535          723
        1536         3745
        1537           66
        1541           90
        1543         4183
        1544          232
        1546          118
        1547         6775
        1548          371
        1549         7544
        1551          571
        1552          751
        1553          892
        1554          197
        1555         1498
        1556           22
        1562         6801
        1563         6496
        1566          827
        1569         2169
        1570         1894
        1573         8898
        1575          118
        1576         6819
        1578          481
        1580         5176
        1582          560
        1583         3605
        1584           13
        1586         5236
        1589          337
        1591          385
        1592          202
        1593         8356
        1594         3297
        1597         1603
        1598          251
        1599         1168
        1600          827
        1603         1588
        1604         4984
        1605         5934
        1607           36
        1611         6536
        1613         7469
        1615          215
        1616         7173
        1618         1337
        1619         1408
        1620         7675
        1623          150
        1626          898
        1629           28
        1630         3514
        1631           25
        1632         3487
        1634          299
        1635         6691
        1639         1819
        1642         6923
        1643         1683
        1645         2344
        1646         1643
        1648            0
        1649          395
        1650          404
        1653          419
        1654          237
        1655         1812
        1656          128
        1659         4391
        1662         1839
        1665         1660
        1669           19
        1670            1
        1676         1661
        1679         2677
        1682         4187
        1683          307
        1687         5529
        1691         5018
        1693          464
        1694         5306
        1698         3496
        1699          207
        1700         1702
        1702            1
        1703           66
        1705         3529
        1707         2592
        1709         7152
        1712          532
        1718         1716
        1720         5617
        1723          215
        1725         5975
        1728         9059
        1729         1003
        1732         8528
        1733         7866
        1737         4271
        1738          125
        1744         4757
        1747         1171
        1749         2129
        1752          718
        1753           71
        1754          277
        1756          918
        1758          197
        1759         5208
        1760         1402
        1761          440
        1762          714
        1763         2484
        1764         2321
        1765           39
        1768         4074
        1772         1761
        1774         1758
        1776         2428
        1777         8824
        1778         3119
        1779          749
        1781         5674
        1782         1088
        1784          318
        1787         1781
        1788         7151
        1791         1789
        1793         6979
        1795         7663
        1798         1683
        1799         3533
        1802           45
        1803         1032
        1805          684
        1807          215
        1809         4157
        1811         6239
        1812          133
        1816           19
        1817         1969
        1819         1506
        1820         1524
        1823          938
        1826         1555
        1827           11
        1829            5
        1830           34
        1833         6806
        1836          212
        1837         6435
        1838         4112
        1839            4
        1840         1660
        1843         1878
        1844          242
        1847         2685
        1851         6671
        1852         1510
        1853         2372
        1854         4613
        1856         1040
        1859         1081
        1860         8961
        1861          386
        1863          461
        1864         5003
        1865         1812
        1866          189
        1867         1966
        1870           10
        1873         1880
        1874         2203
        1875          782
        1876         9136
        1878          372
        1879         2797
        1880         5942
        1881         4204
        1882          799
        1883         5699
        1884         7115
        1891         2456
        1892         2122
        1893         1901
        1895           36
        1896         2872
        1897         2025
        1898         8374
        1899          763
        1903         2565
        1904          242
        1910         2364
        1911         2940
        1913         1893
        1914           43
        1915          405
        1916           36
        1918           37
        1922         2058
        1923         1109
        1924            0
        1928          501
        1929         1963
        1932         5361
        1933          950
        1934         5625
        1940          156
        1941           56
        1943         2332
        1944          417
        1945           13
        1947           94
        1948         1899
        1949         2261
        1950         1111
        1951         3242
        1952         4715
        1957         6082
        1958          913
        1961          100
        1962         4950
        1964          590
        1966         2475
        1967          597
        1968         2628
        1969         7340
        1970           42
        1972          445
        1973          539
        1974          131
        1975         1120
        1976           82
        1980         1749
        1983           98
        1984           71
        1985         2110
        1987         1933
        1990         1056
        1991          226
        1995         1956
        1996         2683
        1999          938
        2000           10
        2001         8266
        2004         4098
        2005         3984
        2011         1120
        2012         2671
        2013         4535
        2022          649
        2023         6649
        2024          203
        2027            1
        2029          236
        2031         6410
        2032          380
        2035         3605
        2036         8039
        2037         7613
        2041         4913
        2046          226
        2047          416
        2048         3723
        2051          115
        2054         6303
        2057         2020
        2060           33
        2061         2082
        2062          713
        2067         7783
        2068          141
        2069         3496
        2072         2057
        2073          771
        2079         4155
        2083          587
        2084         5175
        2085         5759
        2086            8
        2089         3358
        2090          939
        2092           52
        2094         4135
        2096         4162
        2098         1342
        2101         8078
        2108           71
        2114         3505
        2115          719
        2118         6437
        2119          124
        2120         1883
        2122         2136
        2124          992
        2125         7435
        2126         5334
        2127         9052
        2128            0
        2130         6343
        2131           34
        2133            0
        2137          326
        2138         3984
        2140         7459
        2144           14
        2145          866
        2147         3471
        2148           35
        2149         5568
        2150         5294
        2152         2115
        2154         1965
        2156         1245
        2158         2771
        2163         8386
        2164          372
        2165         8133
        2166          202
        2169          250
        2170         2134
        2173          288
        2174          849
        2176         1395
        2177         7609
        2178         1124
        2180         1988
        2184          102
        2190          401
        2193          197
        2195         2826
        2197          236
        2199          416
        2201         3075
        2204          197
        2215         6402
        2216          273
        2217         3830
        2218         6331
        2220         6243
        2222          236
        2225          316
        2226         4579
        2231          528
        2232         1680
        2233           23
        2235         8358
        2236           36
        2237         1116
        2241           36
        2243         8060
        2246            7
        2248         2563
        2249         6320
        2251         5695
        2252          654
        2253         5043
        2254          930
        2257         3494
        2260          580
        2261         9238
        2263         3905
        2264         6901
        2266          433
        2268          671
        2269          996
        2271         7440
        2273         2271
        2275          375
        2277           52
        2280         2269
        2283          170
        2284          757
        2285         2756
        2286         2345
        2287          852
        2289         1363
        2292         4341
        2296          214
        2300         3056
        2302         2244
        2303         2193
        2304         2284
        2308          211
        2309         7144
        2310            0
        2312          147
        2313          410
        2316         2755
        2319         2928
        2320         6191
        2322           65
        2323         2224
        2330           99
        2332         1745
        2333         1126
        2337         3625
        2338         1265
        2341         2307
        2342         2805
        2343          656
        2347           14
        2351         1350
        2353          144
        2355          964
        2356         2338
        2357          255
        2358         3839
        2364          178
        2366         3440
        2367          865
        2370         3557
        2371          953
        2372         5975
        2373          624
        2374         2638
        2376           47
        2379         2654
        2386          102
        2392         8253
        2394         7914
        2397         7095
        2398         6390
        2406         2743
        2409          704
        2411           53
        2412           39
        2414          898
        2417         1212
        2420           42
        2421         8233
        2422          144
        2425           94
        2427         2389
        2428           80
        2432         5428
        2433         2267
        2436         3568
        2437           65
        2439         5202
        2441         2217
        2443          577
        2444         2871
        2445         2900
        2447         1019
        2449          285
        2451         3952
        2453            0
        2455         4937
        2463         4380
        2464          120
        2465         5474
        2466          253
        2470          724
        2471         6640
        2473         3941
        2474          723
        2478         1169
        2480         8106
        2481          632
        2484         6214
        2485          328
        2486         5989
        2489         6854
        2490           82
        2495          247
        2499          447
        2500         4385
        2502          294
        2505         4095
        2506         2569
        2507         2490
        2510          438
        2512          174
        2515         2392
        2518         7728
        2519          861
        2520          528
        2521         1487
        2523          479
        2525            0
        2533         6855
        2535            4
        2543         3606
        2546            8
        2549          445
        2550         3474
        2552          597
        2553          676
        2558         1748
        2560           16
        2561         1561
        2562         2540
        2565          257
        2567          129
        2573         7338
        2574          608
        2575         2685
        2577         2083
        2579          209
        2582         3454
        2583         7062
        2587         1707
        2589         3577
        2592         8875
        2596         7555
        2600            7
        2605         1315
        2606          541
        2607         1899
        2609         2660
        2616          739
        2618         7127
        2619         4966
        2620         2441
        2622         2541
        2623         2982
        2627         4362
        2628         3304
        2631         6744
        2632         3373
        2634          377
        2635         5535
        2636         3819
        2644         5022
        2648         2626
        2650         4630
        2652         3828
        2656          653
        2658         6621
        2659         7116
        2661          527
        2662           29
        2664         2184
        2665          945
        2667         2637
        2669         2432
        2671         1447
        2672         7678
        2674          180
        2675          240
        2677            4
        2679          611
        2680         5653
        2681         7960
        2686           27
        2687           63
        2689         2760
        2691         3994
        2692         3955
        2695         4226
        2696          386
        2698          306
        2699         6299
        2700           20
        2705           89
        2706         1166
        2709         4993
        2711           10
        2713         2790
        2715         4598
        2716         3748
        2719          989
        2722           18
        2724          649
        2725          254
        2727          933
        2729         1111
        2731          257
        2734         3713
        2735           13
        2736         1639
        2740         1390
        2743          682
        2745         1001
        2746         2613
        2747          438
        2748           14
        2750          834
        2759         6766
        2760          667
        2761         4141
        2767         3785
        2774         2772
        2775         2761
        2777         9068
        2779         5429
        2780            0
        2781          546
        2786          954
        2790         1932
        2791           90
        2792         8598
        2795         8554
        2796            1
        2797          473
        2798         1416
        2800         6421
        2801           76
        2813         3255
        2814         8753
        2817         1900
        2818         2633
        2820         1524
        2822         2927
        2827         1474
        2828         1137
        2830          117
        2833            4
        2835         1161
        2836         7877
        2838          220
        2840         2778
        2842         2423
        2844         2871
        2845         7186
        2849          215
        2854         1474
        2855         4782
        2858          571
        2859         1561
        2860          407
        2864         2276
        2866         1120
        2868         5545
        2871         1100
        2873            0
        2874         7034
        2875         2776
        2877         1267
        2878            0
        2879           66
        2880         2455
        2881           99
        2884          782
        2885         2760
        2886          644
        2887         4437
        2888          452
        2890         1677
        2892          112
        2894         1389
        2895          250
        2898         2226
        2902           52
        2904          323
        2905          663
        2906            6
        2908           90
        2909          608
        2910         5617
        2911         7459
        2912         1434
        2913          874
        2916         2826
        2917         2865
        2919           96
        2920         3322
        2922         1751
        2923         2859
        2925           18
        2927         3897
        2936         1739
        2938          211
        2941         1219
        2942         2692
        2944         1203
        2945         4669
        2946         1395
        2951           17
        2960         2481
        2962         1910
        2964          223
        2965          955
        2967          518
        2969         2945
        2972           25
        2973         1339
        2977         2275
        2981          859
        2983         2931
        2985          888
        2986         1143
        2993           34
        2997         1460
        2999          955
        3000         3109
        3003         5788
        3005           10
        3007          277
        3011         1408
        3012          322
        3014          897
        3015         4243
        3019          672
        3023         3018
        3026          188
        3029          356
        3031         2791
        3033         4426
        3034           96
        3036          147
        3038         3441
        3041         5922
        3042           56
        3043         9310
        3044         9260
        3045          979
        3048         1036
        3049          381
        3051         2958
        3052          586
        3053         1485
        3055         3076
        3061          787
        3062         7120
        3064         1781
        3065            0
        3066          774
        3071         2028
        3076         2364
        3078          365
        3083          230
        3085         2994
        3086         1647
        3087         4889
        3094         3669
        3099           29
        3100          587
        3102          889
        3103         3485
        3107          516
        3110          273
        3113          126
        3115         8296
        3116           83
        3117          314
        3120         8238
        3131          223
        3132         6854
        3134         2370
        3137          215
        3141         6269
        3142         2676
        3145         7262
        3150         2525
        3151          226
        3156         2671
        3161          235
        3162         2864
        3163         2677
        3164           20
        3167         1728
        3169         3136
        3171          714
        3172         2026
        3177         3262
        3178            9
        3179         9072
        3180         2451
        3182           23
        3183         5158
        3184          427
        3186          111
        3192         1808
        3193         6277
        3196         5924
        3198         5902
        3199         3968
        3200         3202
        3205          126
        3206           34
        3207          787
        3210         5647
        3211          646
        3212          125
        3213         2381
        3214          619
        3218         8389
        3223          935
        3224         3251
        3225          208
        3228         2765
        3230            7
        3233         3784
        3235         1510
        3236          642
        3238           53
        3239         1197
        3240         8471
        3241         8797
        3242           14
        3245           68
        3247          189
        3248         3172
        3249         3845
        3250          220
        3251          807
        3252           63
        3253         1825
        3257          636
        3258         3194
        3261         8173
        3264         1342
        3266          151
        3269            0
        3270          585
        3272         7646
        3275          673
        3277          136
        3278         2234
        3279         3192
        3281          552
        3282         3882
        3283          153
        3284          501
        3286          152
        3287          100
        3289         1588
        3290          229
        3291         3268
        3292         6548
        3293         1305
        3296         4893
        3297         4642
        3299         3636
        3302          431
        3304          451
        3307          649
        3308          387
        3312         1190
        3314         2765
        3315         7803
        3317         4256
        3320         3247
        3323          672
        3324         4828
        3326           55
        3327         1987
        3328         2062
        3334         1655
        3338         4708
        3339         1083
        3341         6593
        3354           10
        3355            4
        3357         5190
        3363         4069
        3364         5698
        3365          963
        3366          619
        3368          393
        3371          356
        3374         1848
        3377         1102
        3380         3056
        3381          240
        3382         3082
        3385         1817
        3387          125
        3388         4684
        3390         3152
        3392          464
        3396         3887
        3397           32
        3400          681
        3401         3412
        3403           47
        3405           38
        3408          194
        3412          242
        3417          893
        3419         2102
        3422          993
        3423           52
        3425          973
        3427         1541
        3430         3416
        3431         9059
        3433         2994
        3438         3449
        3440         3538
        3449          699
        3451         9557
        3452         1062
        3453         3431
        3455          216
        3456          672
        3460            8
        3463         4997
        3470          265
        3475         6125
        3476          120
        3479         4332
        3480         1138
        3482         2683
        3485         2796
        3489         2276
        3490            2
        3493         5647
        3497         3996
        3498           72
        3499         8927
        3502         1241
        3504         3375
        3506         4938
        3513         1307
        3514          796
        3517          188
        3520          253
        3522         7636
        3524         3745
        3527         1827
        3532         5522
        3534         2640
        3537          161
        3540          730
        3542         3109
        3544         2889
        3548         5066
        3549         3575
        3554         1348
        3555           90
        3561           40
        3562         3692
        3564         1594
        3566          247
        3569         4083
        3570            6
        3576           69
        3580            1
        3581           78
        3585         6901
        3588         1297
        3589           13
        3593         6238
        3594         1334
        3595          591
        3597         4035
        3598         6462
        3600         5264
        3602          539
        3607            1
        3609         1688
        3610          142
        3611         7509
        3613         3893
        3620         3627
        3621           98
        3623          339
        3624           39
        3625          774
        3632         8724
        3635         1529
        3637           40
        3638           94
        3641          474
        3643         3082
        3644         7836
        3651            0
        3656          582
        3660         3721
        3663            5
        3666          766
        3667          253
        3668          223
        3672            2
        3673         2326
        3676          651
        3678         1487
        3679           78
        3684         3569
        3692         1264
        3696           18
        3700          213
        3702            8
        3705         2775
        3707         3334
        3708           68
        3709            2
        3711         2169
        3715         1455
        3718          303
        3720           71
        3721         2764
        3722         3546
        3724         1523
        3725         1435
        3728            6
        3729          827
        3733         1851
        3735         6252
        3738           45
        3742         7163
        3745         1359
        3748          620
        3751         2096
        3754          318
        3756          845
        3758          247
        3760         4030
        3761          532
        3773          172
        3777         2041
        3779         5105
        3783          197
        3784         3473
        3785         1680
        3787         4919
        3790         4406
        3791          612
        3793         2695
        3801         3587
        3804         3766
        3806         2368
        3809         2698
        3810          223
        3813         3981
        3815         3505
        3817         3587
        3825         8576
        3826           22
        3827         2104
        3830         2629
        3838          222
        3840          508
        3842         1348
        3850         1644
        3855         5892
        3856         1992
        3860          545
        3863         3927
        3864         4475
        3869           45
        3870         3091
        3875         6299
        3876           78
        3881         2859
        3886         4258
        3887          101
        3888            8
        3889          530
        3890          226
        3893         9083
        3894         5875
        3895         1907
        3896         3788
        3903          297
        3906           26
        3909         1411
        3912          263
        3913            0
        3916         2042
        3918         1595
        3921         1736
        3926         1026
        3927         6055
        3935          294
        3937          736
        3940         1335
        3944         3345
        3945          465
        3947          775
        3955         8447
        3966         3581
        3968           60
        3972         6640
        3973          573
        3978         3976
        3980            6
        3981         3972
        3985         1026
        3986         1572
        3995           46
        3997         3042
        3998          918
        3999         5501
        4004         1498
        4005          177
        4007          196
        4015         8263
        4016           18
        4017         8288
        4022         4399
        4024         5075
        4025          278
        4028         8227
        4030         2339
        4032         4482
        4034           50
        4036         2769
        4038          626
        4044          301
        4046         7196
        4050            0
        4051          117
        4052         9261
        4053          577
        4056          546
        4058         1658
        4059         1434
        4061         3671
        4063         3935
        4064         3227
        4065         6549
        4066         3118
        4068          214
        4071         7768
        4074          295
        4076          792
        4078          175
        4079         4109
        4081           39
        4083          701
        4086          111
        4091          792
        4096         3863
        4099         4854
        4105         1278
        4107          739
        4119           55
        4120         3999
        4124         5131
        4125         1395
        4129           13
        4136         1130
        4138         6851
        4144          926
        4146         8198
        4149          192
        4151            1
        4157          760
        4158            0
        4160          153
        4163         3223
        4170         5849
        4172          241
        4173          330
        4174           90
        4178         1264
        4182         7395
        4183         1574
        4185         4084
        4189           22
        4194          356
        4202          226
        4204         1538
        4205            2
        4206           42
        4209         2551
        4211          682
        4212         7799
        4213            0
        4214         4692
        4217         6815
        4219         5689
        4220         1877
        4222         4135
        4234         2083
        4240         1737
        4242         4845
        4244         2647
        4247          778
        4250          787
        4251          251
        4254         2874
        4256         4238
        4259         8358
        4261         4217
        4262            0
        4264         4009
        4270         2284
        4272          840
        4273            2
        4275          663
        4286         3091
        4287         4176
        4302          124
        4304         1394
        4305         1631
        4307          670
        4310          307
        4311            0
        4314          730
        4317         9499
        4319         3656
        4321         4413
        4323         2364
        4324            6
        4326         4896
        4329           10
        4332          313
        4333          126
        4338          257
        4340          104
        4341         7922
        4344           43
        4354           38
        4356         1716
        4357          110
        4358         3538
        4361         3608
        4362         1021
        4363         8284
        4364          871
        4365         1912
        4372         5017
        4373         2614
        4378         1120
        4380          466
        4382         1955
        4384          958
        4391         6102
        4397         1830
        4399         8941
        4401          203
        4405         4365
        4407           45
        4408          951
        4410         2575
        4411          313
        4414         1125
        4416          413
        4417          516
        4418           55
        4419         1259
        4422         3739
        4424          312
        4431          328
        4434         8667
        4436          178
        4442          306
        4443          391
        4444         4305
        4445          123
        4448         2008
        4458          335
        4460          363
        4461         2330
        4466           94
        4474          859
        4477          244
        4480         1018
        4482           10
        4483         1498
        4484           97
        4488         1540
        4493          268
        4494         1225
        4496          338
        4499         1317
        4502         4214
        4503         2801
        4504         9315
        4505           90
        4507         4255
        4509         7675
        4512            0
        4514          539
        4522         2896
        4523         2478
        4525         1737
        4530          757
        4531         1726
        4532           67
        4536          501
        4538          191
        4546         3544
        4548         3447
        4555         2785
        4564         1402
        4566           81
        4576          201
        4585         6610
        4589          759
        4594           85
        4595            2
        4601          663
        4603           38
        4607         4900
        4610           81
        4611         9072
        4612         4963
        4616         7744
        4617         2962
        4618          771
        4623         1540
        4624         1677
        4626         2304
        4629         1839
        4630         6053
        4634         1922
        4639          960
        4642         1574
        4647         2900
        4651         1050
        4658         1652
        4659          249
        4669         1410
        4670            0
        4677         1501
        4680         6454
        4681         8522
        4682           72
        4683         1594
        4698          106
        4699          778
        4703         2792
        4710          169
        4711         1872
        4712         4669
        4714          671
        4718         9247
        4719          468
        4723         3988
        4728            0
        4730           61
        4734           42
        4738         1602
        4742         4723
        4743          114
        4746         2280
        4750          936
        4754           36
        4755           94
        4756         4714
        4763           52
        4765          377
        4768         5436
        4769         2403
        4770          491
        4772          980
        4773          120
        4774         4728
        4777         7349
        4780         2173
        4783         3107
        4794          506
        4798         1213
        4801         2104
        4804            8
        4809           68
        4813         1271
        4814            6
        4815            4
        4817         6523
        4819          670
        4821          303
        4822         1132
        4830         8119
        4833          166
        4834         5458
        4839         1329
        4840         1955
        4841           16
        4842         3879
        4845          198
        4847         1932
        4849         1749
        4851         1868
        4857          777
        4868         4768
        4870          393
        4871           27
        4872           27
        4880         4996
        4883         1815
        4890         6907
        4891         3048
        4892         1389
        4896         5193
        4897         4867
        4903         9456
        4909         6855
        4911           41
        4912          225
        4915         6972
        4916         2476
        4917          537
        4926         4143
        4927         2778
        4932         9293
        4934         6432
        4936         3355
        4937          313
        4943         1276
        4945          481
        4946         4901
        4950          377
        4954         7274
        4958          169
        4960          174
        4963          242
        4964         2261
        4966          554
        4967         3810
        4969          951
        4974         1659
        4975            0
        4979           82
        4981         4533
        4986          436
        4988           29
        4990         2465
        4991          810
        4995          787
        4996          642
        5003          775
        5004         4920
        5005         1315
        5008          855
        5011          422
        5012          584
        5013          838
        5015           27
        5016            6
        5019          632
        5021          210
        5023         1776
        5026         6100
        5031         3952
        5034          565
        5035           16
        5037          130
        5038          217
        5039          659
        5041          391
        5042            1
        5043         7758
        5046         8703
        5048           66
        5049         5198
        5051           28
        5053         7562
        5054         7673
        5061           40
        5068          114
        5069          388
        5071          216
        5077         9415
        5079         2104
        5081         2081
        5086           16
        5092          306
        5093         6155
        5094           65
        5096          636
        5097          366
        5101         1013
        5104         2821
        5105           10
        5107          387
        5110            5
        5112         6520
        5113          535
        5120           71
        5124          972
        5125         3477
        5126           13
        5132          150
        5134         4192
        5135            0
        5137         4217
        5138          611
        5140          527
        5141          280
        5142          893
        5147          386
        5148            0
        5150         1854
        5151         1869
        5155            0
        5157         5283
        5159         5291
        5161         5100
        5163         2435
        5164          519
        5166          119
        5167          639
        5170         2646
        5172          309
        5176         3501
        5181         2218
        5185           94
        5186          251
        5194         1749
        5195         1979
        5196         3333
        5199          432
        5201         4289
        5203         6874
        5208         2133
        5215         1737
        5223         6219
        5224         2671
        5227          423
        5231         1072
        5235           86
        5236         4001
        5242         1501
        5243           58
        5244          900
        5247          406
        5255         3485
        5257          113
        5259         2184
        5263          208
        5265         5950
        5267         3019
        5271            0
        5277         5037
        5279            4
        5287         1481
        5290         1868
        5291          464
        5293          787
        5294         3602
        5299           38
        5306         2476
        5313         5029
        5321           71
        5323          892
        5330          185
        5331           14
        5339           82
        5340         5434
        5346         1833
        5347           36
        5356         3416
        5360          691
        5361            0
        5363          866
        5364          136
        5365           50
        5366          280
        5367          153
        5371         3879
        5375         3923
        5376         1868
        5385         5165
        5387         3262
        5390         1744
        5391            6
        5396           31
        5397          682
        5400         9151
        5402          526
        5404          291
        5406          973
        5407         1308
        5408          617
        5409         7973
        5414          855
        5416          745
        5420          383
        5422         1704
        5423          611
        5427          539
        5429            5
        5433         3105
        5436            7
        5444          202
        5446           47
        5447          309
        5448           12
        5451         5433
        5453          202
        5459         2025
        5460           61
        5462         9059
        5464          524
        5466         3759
        5472          353
        5479         8805
        5485          338
        5487         3033
        5488            7
        5489          593
        5494           80
        5497         5437
        5502           67
        5505         2677
        5507         1894
        5509         3202
        5512         8429
        5514         6119
        5516         1111
        5518         5466
        5532          242
        5541            0
        5542           71
        5543         2407
        5545          408
        5546         4756
        5547           40
        5548         6940
        5550           50
        5551          356
        5558         3304
        5565          691
        5567         9505
        5571         4347
        5574         4336
        5575         2731
        5577          120
        5578           39
        5579           81
        5580            2
        5582         2035
        5583         3829
        5585          215
        5587         5767
        5591         8963
        5593          383
        5595         2376
        5596           48
        5603          296
        5605         4400
        5606          533
        5607          254
        5615           86
        5616           80
        5624         5125
        5628            0
        5629          813
        5630           68
        5636         1083
        5637         9468
        5639         3052
        5640         1935
        5641         1869
        5646          810
        5648         2798
        5649          338
        5652         5500
        5653            1
        5654         7576
        5657         2023
        5658          208
        5665         4117
        5666         1071
        5667          208
        5669         5798
        5675          160
        5678         6782
        5680          369
        5682          220
        5683         3239
        5693         8379
        5700          102
        5701         5536
        5703           29
        5706          622
        5707         4028
        5710            4
        5713          126
        5719         4154
        5720          192
        5728         5747
        5729         2246
        5730          638
        5731          492
        5743          372
        5749          855
        5751          377
        5758           29
        5760          240
        5761         2771
        5764           98
        5765           56
        5766         4667
        5767          188
        5769         4448
        5773          482
        5780          125
        5788         3492
        5794          192
        5795         1551
        5806           69
        5808         2962
        5817          518
        5821         1509
        5824         6546
        5825          285
        5839         5844
        5840           54
        5842            1
        5845         1215
        5851           94
        5857           90
        5861          188
        5870            2
        5875          518
        5876         2820
        5886         5564
        5888         5476
        5892           98
        5893         3586
        5894         2451
        5895           39
        5905         1112
        5913         1113
        5914         3551
        5915         5641
        5919           29
        5922            0
        5923         8941
        5925          572
        5930         8263
        5932          111
        5936            4
        5941         7878
        5942         2455
        5944          113
        5949          574
        5950            0
        5956         2382
        5962          312
        5968         6281
        5970          539
        5971          145
        5972         3558
        5976         1022
        5979           28
        5994          340
        5995         6120
        6002         1609
        6003          249
        6004            0
        6006         1255
        6013            0
        6015           34
        6020         1433
        6021         4141
        6029         1346
        6035           58
        6037         3739
        6048          192
        6051          392
        6052         6275
        6055         1232
        6056          817
        6064         8169
        6065         2033
        6077           76
        6083           71
        6089         3140
        6091         3312
        6098            0
        6100         5977
        6102         6016
        6103           35
        6104         9120
        6107         9365
        6109           39
        6122          128
        6124            2
        6127         3184
        6130          506
        6132         2376
        6135          572
        6136         6196
        6142         7544
        6148           22
        6156          117
        6162          128
        6173          257
        6183         4871
        6186           52
        6188         3718
        6193         1900
        6200           40
        6201         7236
        6202         3965
        6205         2062
        6212         3080
        6215         1715
        6217          111
        6222         1713
        6225          242
        6228           65
        6231         1874
        6232           42
        6233          737
        6242           41
        6248         6268
        6249          694
        6252          416
        6253          944
        6260          442
        6263          395
        6265         3745
        6266          167
        6269           71
        6270         1549
        6272          211
        6279          944
        6286         2403
        6289         2962
        6297           94
        6298           68
        6300         2615
        6301         5643
        6306            0
        6308         1926
        6309         2788
        6311         3625
        6315          580
        6317         6476
        6322          223
        6324         1081
        6326         1682
        6328           22
        6329          745
        6337           59
        6340          162
        6343          100
        6345         1868
        6346         9314
        6348          327
        6350         1602
        6352         4189
        6353          672
        6354         1276
        6363         1765
        6371           71
        6382          838
        6383            4
        6387           32
        6390          218
        6391           80
        6392          240
        6394         1882
        6396         2229
        6399          496
        6405          718
        6412         2165
        6417          257
        6427          191
        6430         5273
        6432         5169
        6433         1702
        6435         1989
        6437          505
        6444          340
        6447          142
        6452          104
        6453         4138
        6455            1
        6456          178
        6460         2389
        6461           71
        6467         1504
        6468            7
        6471          468
        6476         9185
        6479         2033
        6481         3756
        6484         4211
        6485            0
        6496           12
        6498          106
        6501          418
        6504          944
        6507         5289
        6511          717
        6519          804
        6527         4697
        6528         7919
        6542          265
        6547         1934
        6563           66
        6570         7032
        6571            0
        6572         1098
        6575           28
        6578         1462
        6581          258
        6587         1256
        6592          474
        6603          192
        6606         2896
        6608         3337
        6609           78
        6612         4984
        6624          997
        6635          892
        6644          100
        6653            6
        6658          766
        6667         2884
        6668          714
        6669          901
        6670         2154
        6672         6684
        6675         2554
        6676          617
        6677         4877
        6684          200
        6686         8821
        6687         3119
        6690         2682
        6692          115
        6693         6718
        6694          398
        6695         4768
        6702          111
        6710         5427
        6712          118
        6718         5759
        6741          126
        6743           58
        6744          144
        6751         5148
        6752           43
        6753          189
        6754         1327
        6758            0
        6762          101
        6777         5032
        6781          960
        6782           77
        6787          189
        6794           58
        6796          721
        6798          944
        6800          197
        6801           34
        6803           59
        6805         1462
        6808         2557
        6809            0
        6817           25
        6824         1848
        6830         8385
        6841         4087
        6842           59
        6849         6649
        6852          106
        6853         1099
        6855         1304
        6859         3239
        6862            1
        6875         1773
        6878         3701
        6880          685
        6884          921
        6900            1
        6902         3897
        6914         1611
        6917          642
        6918          421
        6930           37
        6931           12
        6938          510
        6942           12
        6947         2606
        6948          986
        6949           45
        6950         3286
        6964         2020
        6970         3587
        6971          968
        6978         1544
        6983         1011
        6991           13
        6995         1848
        6996         1398
        6998         1574
        7002         3257
        7004          999
        7006         3996
        7012          112
        7014         2771
        7016         2298
        7026          301
        7036          333
        7045          109
        7049         6301
        7055           82
        7060         7010
        7064         1672
        7065         7680
        7066         8920
        7081           92
        7086          996
        7091         2193
        7095         3598
        7096         6315
        7097         6549
        7098         8142
        7099         7143
        7101         2204
        7102          120
        7103         1306
        7105         2154
        7107           41
        7111          854
        7114         1327
        7120           18
        7123         4833
        7125         2381
        7141            0
        7144          519
        7145          123
        7147          532
        7149         1376
        7150         7668
        7155         1965
        7156         5828
        7158         6745
        7163         7042
        7168         5109
        7171         1236
        7176         4106
        7184         1109
        7188         3585
        7189         3598
        7196          337
        7197         2540
        7209          721
        7210         5858
        7222         1807
        7225         3291
        7229         5165
        7235         3932
        7236          299
        7249         6829
        7250         6454
        7254          810
        7268         8866
        7269         2642
        7280           68
        7286           98
        7292          998
        7301         2376
        7320           68
        7335           28
        7336          780
        7337           81
        7339         2774
        7340         1771
        7341         5152
        7347         2393
        7349          150
        7350         1050
        7353         1206
        7359          343
        7366         6439
        7367          560
        7383          353
        7385         1726
        7391         6390
        7397            0
        7398         4263
        7407         4316
        7415           94
        7420           55
        7437         2637
        7439         3501
        7440         3224
        7441          112
        7442           56
        7443           63
        7449            0
        7450         2189
        7453          976
        7462          484
        7465          564
        7479         6563
        7480            0
        7483          200
        7488          104
        7490          656
        7494         3209
        7502           92
        7507           13
        7508          709
        7512         2290
        7520          915
        7524          596
        7526         1485
        7527          130
        7533           22
        7536          194
        7539          719
        7541         4792
        7546           92
        7553          980
        7558           54
        7566         4532
        7570          217
        7574           88
        7577         7413
        7578          101
        7580          220
        7581         2200
        7583         2217
        7586         7258
        7587         1216
        7592          220
        7597         6995
        7599         4254
        7601            1
        7604          406
        7608         2875
        7617         3870
        7619         1177
        7622         2227
        7626         2638
        7632           42
        7634           60
        7641          973
        7643         4356
        7644         5705
        7646          220
        7655         6951
        7657          789
        7663         1004
        7675          142
        7682          340
        7699         1164
        7716         1781
        7717         6084
        7718           41
        7719          810
        7720         4783
        7733         1932
        7734         6813
        7737          291
        7749          676
        7765         4710
        7777          147
        7778           28
        7779          757
        7786            6
        7788          333
        7789         3963
        7791         1740
        7794         2381
        7799         1377
        7801         5307
        7802           91
        7814         1363
        7817           34
        7819         1610
        7823         5698
        7825         1588
        7826          102
        7844          111
        7847           28
        7849         7549
        7852         4049
        7854          301
        7858         3632
        7866          169
        7867           12
        7869         5903
        7870         4667
        7873            1
        7878         3766
        7886          104
        7888            3
        7889           61
        7893          150
        7903           22
        7905           86
        7911         7553
        7912         6336
        7915         4842
        7921         7652
        7928         2347
        7931            0
        7935         1221
        7960            3
        7963          675
        7974          194
        7982          111
        7985          991
        7993           61
        7994          771
        8004           45
        8006         3327
        8015         2043
        8018          757
        8020         3200
        8021         1325
        8027          145
        8038         5554
        8039         6507
        8044          821
        8045         1893
        8050          444
        8061          115
        8063          170
        8067            3
        8079          552
        8080         1630
        8083          223
        8089         1816
        8091          240
        8092          385
        8093         1773
        8101            0
        8106           39
        8107           28
        8112           30
        8121          733
        8128          630
        8136         5796
        8138         1449
        8142         8203
        8151            5
        8152         8700
        8153          418
        8156         6223
        8159          602
        8164           71
        8171           93
        8177          218
        8182         5724
        8186           21
        8187         6303
        8204         1830
        8206         1756
        8209          152
        8220         3064
        8221         1667
        8224         3409
        8225           13
        8239         1503
        8241          383
        8248          288
        8249         3201
        8253          512
        8265         4305
        8271           41
        8272         4030
        8276         4712
        8280         4701
        8296          236
        8297          222
        8298         1058
        8301           93
        8302         4254
        8304         2141
        8316          533
        8317         2184
        8323           43
        8329           69
        8332         1964
        8338         1744
        8339          103
        8340          165
        8344         1041
        8350          898
        8365          500
        8366         8181
        8372          243
        8373          855
        8377          494
        8379         1587
        8382         1431
        8393          130
        8398          710
        8402         2933
        8403         7609
        8413         1766
        8423            0
        8424            0
        8429            0
        8434          543
        8435            0
        8438         2922
        8440         5439
        8444         3610
        8445          319
        8448         4376
        8449         5148
        8450          838
        8453          272
        8471         2608
        8474           90
        8477           43
        8482          980
        8496           30
        8503         3708
        8504           90
        8507         1698
        8521            2
        8524           55
        8529            7
        8530           27
        8538         3223
        8539           42
        8549         1111
        8554         2894
        8560           17
        8568         8695
        8572           39
        8574          544
        8579         2690
        8580          927
        8599            6
        8606         2329
        8610         6892
        8622           13
        8627         3474
        8638         2494
        8644          385
        8650            4
        8657         3801
        8659         8786
        8665         6995
        8677         2949
        8682           58
        8685           58
        8686          960
        8689           30
        8697          578
        8698         5134
        8701         4841
        8708          263
        8709          342
        8716         5059
        8719         2697
        8727           11
        8728         1544
        8733          268
        8758          306
        8762         3446
        8763           66
        8771          238
        8777            6
        8780          126
        8781         1174
        8786         5544
        8789         4215
        8790            8
        8791            4
        8793         1166
        8797         3187
        8800          224
        8807          493
        8812          415
        8828            3
        8831          309
        8838         6052
        8839           56
        8840          301
        8864          610
        8865          392
        8870         2314
        8883         4422
        8895          113
        8897         7009
        8902          189
        8903          115
        8910         4081
        8918         8900
        8919            0
        8924         3337
        8933           68
        8935         4082
        8936           20
        8942          289
        8950         5203
        8951            0
        8952         1722
        8965          943
        8975         1707
        8989         5141
        9004         1501
        9011          286
        9030          541
        9033         1079
        9038           64
        9042         7632
        9048         2637
        9050          426
        9055            2
        9077          406
        9080         9052
        9083         3274
        9092          103
        9101         1715
        9108         8706
        9114         1239
        9124         1766
        9128           17
        9139           66
        9140         3086
        9145         2371
        9152         3733
        9161           82
        9169           14
        9181         4482
        9185          211
        9194         1078
        9209          278
        9216            6
        9225           72
        9232         7204
        9239         7432
        9260         4871
        9268           87
        9280           61
        9281         5320
        9285          306
        9293           64
        9295          319
        9300         2535
        9309         4384
        9318          220
        9328         1552
        9336          586
        9337          226
        9345          107
        9348         1937
        9350           82
        9375         1672
        9395         1153
        9397         6723
        9398           96
        9404         3071
        9414         3968
        9425         1551
        9440            6
        9462         5755
        9472          413
        9478            4
        9499            2
        9503         1081
        9518           54
        9519          899
        9524         1611
        9533          212
        9537            9
