# HaloID(1) HaloID(2)
           0            0
           1            1
           2          425
           3          166
           4         2757
           5          950
           6         3262
           7            9
           8         5137
           9          191
          10           12
          11          832
          12           10
          13          132
          14            0
          15         3169
          16          429
          17         1944
          18         3068
          19           18
          20          647
          21         1875
          22         2074
          23          689
          24         2905
          25          326
          26          147
          27           28
          28         5574
          29          359
          30           31
          31           32
          33          435
          34           35
          35           36
          36            0
          37          484
          38         2366
          39           45
          40           44
          41           41
          42           56
          43          654
          44          709
          45           49
          46         2717
          47          355
          48          129
          49         2112
          50           53
          51          191
          52            3
          53         1534
          54           46
          55          291
          56           75
          57          431
          58         2903
          59            2
          60           19
          61          810
          62          157
          63         6252
          64         3675
          65          855
          66           64
          67          722
          68         6017
          69          583
          70         1579
          71           34
          72         2544
          73          449
          74          918
          75         1199
          76         5500
          77           83
          78           78
          79          859
          80         7286
          81         5469
          82          410
          83          199
          84           47
          85         2604
          86          135
          87         1561
          88         2353
          89         1606
          90         1968
          91         2409
          92         1518
          93          705
          94           95
          95          739
          96         2121
          97           64
          98         1412
          99           16
         100         2302
         101          141
         102         3761
         103         1525
         104         2322
         105           35
         106          202
         107         2118
         108         3181
         109          108
         110          494
         111         4908
         112         3552
         113           43
         114          185
         115          116
         116           76
         117            1
         118          870
         119           22
         120         6475
         121         3069
         122         3877
         123          124
         124            0
         125          388
         126         3251
         127          131
         128          627
         129          320
         130         5012
         131          918
         132          910
         133         2364
         134           45
         135         4627
         136            0
         139           24
         140           12
         141          539
         142         1298
         143          284
         144          364
         145          129
         146          607
         147            3
         148         4800
         149          166
         150         1859
         151         3605
         152          168
         153         1310
         154          261
         155          174
         156         1545
         157            3
         158           42
         159         3890
         160          456
         161         3935
         162          989
         163          735
         164         1414
         165         3192
         166         1041
         167           46
         169         1908
         170          426
         171            7
         172          162
         173          175
         174         1942
         175         2867
         177         6200
         178            1
         179         3911
         180         5873
         181          824
         182          996
         184          225
         185         3390
         186         3061
         188         4020
         189         1086
         190         2977
         191          422
         193          360
         194         3782
         195           67
         196          858
         197          919
         198         1993
         199           33
         200          203
         201          780
         202          632
         203           13
         205         5221
         206         4885
         207         1019
         208          283
         209         1179
         210         3066
         211         1655
         212           79
         213         7511
         214         1220
         215          756
         216         2104
         217         2461
         218           24
         222         6760
         223         4361
         224          583
         226         2302
         227           80
         228         6882
         229         5269
         230         1033
         231          164
         233         6555
         234         4282
         236          279
         237         3064
         240          172
         241         1147
         242          187
         243         3439
         244         1918
         245          461
         247         7390
         248          574
         249         2264
         252         2808
         253          108
         254          649
         255           50
         257         6730
         258         1716
         259         6558
         260          618
         262          171
         263         5169
         264          269
         265          117
         267         1820
         268         1681
         269         1709
         270         1178
         271         1022
         272          407
         273         4077
         275           16
         276         1088
         277         5915
         278         3276
         279          356
         280         2711
         281         1814
         282         4012
         283          475
         284         5287
         285          411
         287            0
         288         1944
         290         4868
         293          549
         295          355
         296         1900
         297          181
         298          406
         299         4384
         300         3068
         301          187
         302         4833
         303          435
         305         4494
         306          486
         307           76
         308         5284
         310          358
         311         3188
         313          305
         314            0
         315         5771
         316           60
         317          647
         318         5514
         319          380
         321         1273
         322          429
         324         4884
         326           46
         328          630
         330         2634
         331           46
         334          129
         335         1169
         337         3739
         338          986
         339          179
         340          202
         343         3615
         345          349
         347           14
         348          380
         349          170
         350         3480
         351         4295
         352         5360
         353         2315
         354           39
         355         3068
         357          788
         359          503
         364          305
         367            1
         369         1086
         371          484
         373          222
         374         1136
         375         4606
         376         1058
         377          184
         378          145
         380           27
         381          231
         382          286
         384           35
         385          393
         386          494
         387          295
         388         4236
         389          922
         390           22
         391         3946
         393         1938
         395            3
         398          453
         399          297
         400           28
         404          149
         406           35
         407         5532
         408          827
         409          562
         410         3943
         411         1525
         414         1051
         415          988
         416          590
         417          189
         418          168
         419         1138
         421          407
         422         3518
         423          273
         424         5518
         426            2
         428          706
         429          429
         430          854
         431         3427
         432         1595
         434         2905
         435         5423
         438            2
         440          562
         441         3554
         443         2335
         444          354
         446          187
         448         3058
         449         2798
         450         2397
         451         3096
         452          764
         453         3660
         454          861
         456          316
         457         2346
         459         2969
         460         1243
         461          480
         463         2938
         464          475
         466         1251
         467           18
         469         4234
         470         1537
         471          521
         473          207
         474         3526
         475          485
         476          162
         477          246
         478          479
         481         4773
         482           75
         484          680
         486          875
         488           60
         489           79
         490          722
         491          489
         493          993
         494         2867
         496         3383
         497           84
         498          583
         499         3248
         501            0
         503         3206
         506          935
         507         1329
         509         3516
         513          214
         514          824
         515          371
         516           79
         517           47
         518         5515
         519          521
         520          110
         522         2447
         525         2077
         527         1688
         529         2899
         532           75
         533         2012
         534          509
         535         4249
         537          866
         539           36
         541          130
         542         2132
         543          809
         544          143
         545           46
         548           45
         551         1566
         552          254
         554          481
         555         7352
         558          793
         559         2909
         560         3058
         561          389
         562         3530
         565          612
         566          349
         567          132
         569           32
         571         2236
         572          657
         573          178
         574          464
         575           38
         576          147
         577         4343
         578          386
         580          270
         582         3553
         585         2046
         586         4531
         587            0
         589          566
         590         3675
         591         5030
         594         3169
         595         2596
         597          255
         598         6979
         600           42
         601         2035
         604         1385
         605          875
         608           10
         609         4195
         610         4434
         611         3434
         613           76
         614         2353
         615         4504
         616            2
         617         3262
         618         3034
         619         4082
         620          845
         621          714
         623          621
         624         1525
         625         3096
         626          653
         631           14
         632         1933
         633         6533
         634         1387
         635         1401
         636           67
         637          262
         641         5472
         642          141
         643          210
         645           31
         646         4025
         647         2269
         650          162
         651           80
         652         2127
         654         3555
         655          347
         656          424
         658          370
         659         1757
         660          388
         661          315
         662         1166
         663         2645
         664         4851
         665          238
         666          150
         668          203
         669          565
         670         1072
         674          835
         676         1074
         677         1828
         682          165
         684         3509
         685          172
         689         1858
         691         6614
         692          706
         693         3899
         696         1695
         697          824
         698          600
         699           76
         701           27
         702         1460
         703          442
         704          681
         708         1401
         710         2484
         711          402
         712         2238
         714           31
         716           44
         717         2211
         719         1545
         721           18
         722          269
         724         2422
         725         2781
         726            1
         728          746
         733          231
         734          556
         736          265
         742          133
         745           44
         746          454
         747          215
         748           64
         751          600
         752         2888
         755         3387
         756           43
         758          204
         761          287
         762            3
         763         2908
         764         1694
         766         6254
         768          547
         769         4563
         771          776
         772         2888
         774           65
         775           12
         778         4371
         780           74
         781         1040
         783          773
         784          645
         785         5942
         787         5500
         788         1618
         789         1741
         791         1251
         792         7004
         793         1483
         794            9
         795         1983
         797          420
         798         7032
         799          834
         801          805
         802           24
         803         2167
         804          588
         805          135
         806         3978
         809         2714
         812            7
         813           22
         814          154
         815         1968
         816          337
         819          339
         821          802
         822         4593
         823          810
         824          214
         825         6056
         828         1726
         829           66
         831           39
         832         2502
         834         1040
         836         4670
         838          555
         845         1173
         849           15
         850         4557
         851          113
         853         2293
         856         1589
         858          722
         859         1040
         861          115
         862         7546
         863           36
         864         2211
         866         5011
         867         2511
         868          657
         869         5386
         870          196
         871          894
         872          114
         874          855
         875         5695
         876          202
         877         1875
         879           65
         880         3874
         882          908
         884         1923
         886         2072
         887         3076
         888         5473
         889           52
         890          410
         891         3206
         894         2462
         895           31
         897            7
         898         2943
         899         1245
         901            5
         902         2698
         903          588
         905         6316
         906          406
         908          585
         910         1021
         913           34
         918         1074
         923          187
         924         4813
         925          150
         926          410
         928         3174
         932          472
         935         4146
         937          546
         938         2673
         939         2445
         941           73
         943          843
         944         1086
         945         3965
         946         1385
         947         1179
         948         3665
         949          157
         950         2575
         951          206
         953          124
         954         4912
         956          370
         957         1562
         960           10
         964          666
         965         1463
         968         2072
         969         2021
         970          139
         971           23
         972          247
         974          166
         976          367
         980         4854
         982         1320
         983          675
         984         5956
         985          185
         986           24
         987           66
         988          171
         989          220
         993         1566
         994          465
         995         1605
         998         1563
         999         3976
        1000          850
        1002         5251
        1004         4282
        1005           55
        1006          296
        1009          132
        1011          540
        1016         4034
        1020         1608
        1021         3135
        1022          995
        1024          223
        1025          745
        1027           59
        1030          478
        1033         2091
        1034         2556
        1035         7544
        1036           19
        1038          246
        1039         5505
        1042         1451
        1044          827
        1045         6299
        1047          388
        1049         1059
        1050           82
        1051           88
        1052         1752
        1053           22
        1054         1425
        1060          683
        1062          570
        1065         1866
        1066          488
        1068           22
        1069         4804
        1071          168
        1073            0
        1074         5469
        1075           60
        1078           85
        1081            0
        1084          264
        1086           24
        1087          273
        1088          246
        1090           40
        1092           71
        1095          108
        1096           11
        1097          891
        1099          347
        1100         4858
        1101          147
        1104           14
        1106          284
        1111          241
        1112           96
        1113         1697
        1114          369
        1115          485
        1118         2432
        1120         2364
        1121           15
        1122            1
        1123         1087
        1124          135
        1128          268
        1129          977
        1131          790
        1134         1112
        1136          614
        1138         1820
        1141          815
        1144         2784
        1146          117
        1148          444
        1149         1096
        1150          600
        1152          574
        1153         2596
        1156         1166
        1157         2241
        1158         1599
        1159          244
        1162          166
        1165         4221
        1166         5646
        1167         3940
        1168          973
        1170         1176
        1171         1543
        1172         6486
        1174          305
        1175          220
        1176         2160
        1179         4749
        1181          444
        1183          577
        1184          850
        1188          159
        1189         6722
        1191          231
        1194          206
        1195         2074
        1196          922
        1199         2443
        1204         3782
        1206         2905
        1207         1993
        1211         1092
        1213         4646
        1214         2532
        1215         3995
        1217          446
        1218         2142
        1219          183
        1222         1193
        1224          108
        1226         3952
        1228         7458
        1229            6
        1232          874
        1234            2
        1236          972
        1237          125
        1240         4043
        1241         7109
        1242          724
        1245         4221
        1246         4144
        1247         2480
        1251          471
        1252           14
        1254          692
        1256         3746
        1258         2335
        1259          802
        1260            9
        1263           38
        1264           42
        1266         4372
        1267         2782
        1268          950
        1271         2307
        1273         6931
        1274            1
        1275          439
        1276          380
        1277           23
        1279          871
        1284          434
        1285         2126
        1288           35
        1289         3031
        1291         1495
        1298          211
        1299          279
        1306          776
        1307          133
        1308           17
        1310          474
        1311          476
        1315          636
        1318          788
        1321          470
        1322          340
        1323         4029
        1330           79
        1331         1475
        1333          147
        1334           34
        1335          168
        1339          260
        1344         2837
        1345         2773
        1347          260
        1349          462
        1350          296
        1351         2406
        1354           38
        1357         3898
        1359         3185
        1360          192
        1362         2099
        1363           16
        1364         1072
        1365         6474
        1366          168
        1370         2126
        1372         2127
        1373            3
        1376         2548
        1379         2994
        1383           48
        1385         5996
        1386         6193
        1387          462
        1391         1387
        1394          898
        1395          211
        1400          240
        1402         1512
        1406         1126
        1408         1970
        1409         1395
        1413         5276
        1417          756
        1418           83
        1423          551
        1426           20
        1433         6437
        1438          469
        1439         1900
        1441            2
        1442         6287
        1447          615
        1449          392
        1451          453
        1456          456
        1457           74
        1458         5400
        1460         3739
        1461         1141
        1462          528
        1463          735
        1464          548
        1465         1394
        1467         2157
        1468          256
        1471            7
        1473          168
        1483         2067
        1484         2195
        1488         2540
        1490          853
        1491         1565
        1492          101
        1496          238
        1497         1221
        1500           84
        1502         2315
        1510         2212
        1518         3764
        1520          665
        1521           17
        1525          105
        1529         1572
        1530         4663
        1536           24
        1537           72
        1543         2522
        1545          599
        1547          689
        1548         1271
        1549          396
        1550         1655
        1552            0
        1555          389
        1556           44
        1557          576
        1558           17
        1561          159
        1563          321
        1565         1018
        1566          540
        1567         3536
        1569         2940
        1570         3204
        1571          481
        1575         5290
        1576         1545
        1578          683
        1579         4952
        1582           20
        1583         1875
        1584          376
        1586         2462
        1592          395
        1595          730
        1599         1333
        1601         1287
        1602         3131
        1608           10
        1610         5417
        1611          169
        1613         1080
        1615         1791
        1622           40
        1623         7541
        1631          193
        1635          518
        1636          129
        1638           90
        1641         1225
        1642          233
        1644         2920
        1645         1413
        1646         1820
        1650          295
        1652         1721
        1654          260
        1655         2236
        1656           32
        1657         2364
        1658         2074
        1662         7528
        1664         1707
        1665           13
        1667         3096
        1669         2875
        1670          681
        1674          590
        1675           75
        1677          798
        1678         4667
        1681         1882
        1684          199
        1686          972
        1688         1967
        1691         1605
        1692         1018
        1694         2264
        1696         2075
        1700         5651
        1701         2702
        1703          439
        1704         2462
        1706           64
        1709         1704
        1711          478
        1713         1629
        1716         1963
        1718          351
        1719          914
        1721           93
        1722          970
        1723         3460
        1725         1475
        1727          236
        1732           48
        1735         6830
        1738         1192
        1739          129
        1741         5257
        1742         3318
        1743         3683
        1746         1320
        1747          157
        1749         4545
        1751         4305
        1752          912
        1753          178
        1756         2976
        1759          151
        1760          124
        1764          474
        1767          832
        1768          700
        1770         5480
        1775         3383
        1776          782
        1777          127
        1779           26
        1781           11
        1782         3623
        1783          111
        1788          486
        1790         1866
        1791          172
        1794         1209
        1806         5587
        1811           12
        1813         6156
        1814         3394
        1815         4885
        1820         3634
        1821         2673
        1824         4284
        1827          339
        1828         1478
        1832          118
        1838          129
        1839         1818
        1840         6563
        1842          178
        1843         5303
        1844         1832
        1845          478
        1849         1552
        1851         1800
        1859          424
        1860          709
        1864           11
        1865         5574
        1872           73
        1874          356
        1875          529
        1876         2867
        1877          127
        1879          886
        1880            2
        1881           41
        1882          662
        1884           14
        1885         1377
        1890           35
        1892          106
        1893         1495
        1894         3069
        1895          355
        1896         2768
        1901          973
        1902         6862
        1903         1951
        1906           16
        1908         6882
        1909          561
        1913            7
        1915         2874
        1923         1044
        1926            2
        1927         5046
        1930           31
        1936          500
        1937         3707
        1941          179
        1942           19
        1944         4634
        1946         4582
        1948         5487
        1949          299
        1950         1970
        1954         2032
        1955         4759
        1962         1400
        1964         1205
        1965          680
        1968          699
        1969         5254
        1971         3481
        1972          492
        1978          273
        1982          204
        1985            5
        1992         2938
        1993            9
        1994            0
        1995           52
        1997          614
        1999          621
        2000         2699
        2001           31
        2002          129
        2003         1641
        2004          152
        2005         1362
        2009          540
        2010         1953
        2011          257
        2012         4352
        2014          681
        2015         1273
        2017         1757
        2021         3952
        2026         1459
        2028           26
        2029         1412
        2030          227
        2033         5342
        2035          148
        2039          766
        2046          207
        2052         4384
        2058          147
        2059         2798
        2061         2592
        2062           54
        2065          112
        2067          586
        2070         2684
        2072          605
        2073          305
        2076          583
        2077         1287
        2078         1964
        2085          475
        2086          112
        2088            9
        2089         1963
        2090          875
        2092         3889
        2094         2397
        2096          145
        2101         4872
        2105          227
        2106         4986
        2107           94
        2115            1
        2120         5062
        2123          547
        2125         1751
        2127         1707
        2128          814
        2129           14
        2134          257
        2136         3262
        2137          722
        2138         5807
        2140           93
        2142         1792
        2143           93
        2144         1830
        2157           87
        2163         3556
        2164          541
        2165          528
        2166         1346
        2168          185
        2172          408
        2174          598
        2180         1635
        2182         3135
        2184           58
        2186          740
        2187          546
        2188           36
        2203         5978
        2205           77
        2209           18
        2216            0
        2219         4348
        2223           22
        2226         4277
        2227            6
        2238         3382
        2241         1020
        2245           35
        2251            7
        2253          326
        2254           92
        2255          130
        2260           85
        2261          185
        2262            1
        2264          178
        2265         2111
        2267         1561
        2272          192
        2274         2670
        2276           31
        2277          700
        2281           35
        2291         1445
        2295          859
        2304         2575
        2305          859
        2306          164
        2310           88
        2311         1198
        2314           79
        2318            0
        2319          172
        2321         3467
        2323          364
        2325           85
        2326         7504
        2330          220
        2334           15
        2337           26
        2339         3300
        2341         7086
        2343         1816
        2346         1074
        2347         1144
        2348         5469
        2350          276
        2351         4487
        2355           80
        2356          342
        2359         4114
        2370          155
        2371         2750
        2372          313
        2379         3324
        2380           52
        2382         2173
        2383          772
        2391         3671
        2393         1599
        2395         3175
        2399          305
        2400         2495
        2405          120
        2406           48
        2410         2659
        2412         2422
        2413           14
        2414         2498
        2415          383
        2416          370
        2424         2089
        2425         2818
        2430          426
        2431           13
        2433         2548
        2436          227
        2437          119
        2442         7365
        2445         1136
        2446         2317
        2454         1179
        2460          879
        2463         3007
        2465          910
        2470         5977
        2472         1911
        2478         1414
        2480          239
        2483          166
        2484         2723
        2487         2409
        2493           26
        2494         1707
        2496         5822
        2497          824
        2498         3527
        2499          172
        2503         1654
        2504          409
        2505          681
        2507          103
        2513           24
        2515           20
        2516         3075
        2522           14
        2523           80
        2524           62
        2528         3988
        2529          263
        2530         4192
        2531         1243
        2533          118
        2534         4548
        2552           25
        2555         2241
        2558          546
        2565         6777
        2567          135
        2572         5257
        2576          446
        2579          588
        2580           59
        2582          128
        2583         2362
        2586          110
        2587         2335
        2588          138
        2589           81
        2590           21
        2592           83
        2593         1197
        2595         2308
        2598          488
        2600          689
        2605            6
        2606         2646
        2609         1159
        2610         1908
        2612          845
        2615         2364
        2616          337
        2619         3707
        2620           35
        2621            7
        2622          324
        2627         5942
        2633            3
        2634          613
        2637          389
        2639         1624
        2641          914
        2642           19
        2648          202
        2649         1591
        2654           31
        2657         1041
        2660         1136
        2665          163
        2672          201
        2676         1451
        2677           80
        2678         1047
        2679          565
        2682            0
        2684         3064
        2690          834
        2696          861
        2697         1859
        2700          214
        2705         4528
        2706          270
        2707          978
        2708          239
        2712         2498
        2721         3110
        2723          681
        2724          921
        2725         4319
        2729          162
        2732         4435
        2736         2034
        2741            1
        2750           97
        2751         3622
        2752           53
        2753          801
        2756           32
        2761         1534
        2762          240
        2763           34
        2765         4634
        2767           19
        2775         2851
        2776         2762
        2777         4328
        2779          258
        2780           50
        2781         2443
        2783          219
        2784          284
        2786          156
        2789         3181
        2791         6902
        2792         5849
        2796         2582
        2801         4217
        2803         1228
        2804         1490
        2811          356
        2816         3944
        2821            4
        2825         7407
        2830           87
        2836            3
        2840         4124
        2843          112
        2848         2415
        2853          137
        2854           88
        2856         5344
        2860           12
        2868            7
        2870           19
        2873           93
        2877         1251
        2878          470
        2880          889
        2882         4103
        2883          913
        2884         2702
        2888         4929
        2892         2291
        2893          129
        2894         1924
        2895         1814
        2905           12
        2912          212
        2916           74
        2917         3150
        2918         4019
        2920         2132
        2927          277
        2928          939
        2930         5045
        2931         1084
        2932          212
        2934          262
        2937          260
        2941          193
        2946            0
        2951          898
        2954         5179
        2955           94
        2956         3197
        2958            2
        2959           26
        2963           97
        2964         3210
        2966         5242
        2967         1545
        2971         4773
        2973          172
        2981          184
        2983         1559
        2985           19
        2986          341
        2991          234
        2992         3989
        3005         1332
        3007            7
        3012         3001
        3014           22
        3017          192
        3023         1273
        3025          689
        3034           15
        3035         1816
        3036           16
        3039          586
        3043          904
        3044           13
        3045          753
        3049          549
        3050           22
        3058         4929
        3059         3389
        3060          171
        3073         3276
        3080          184
        3088          420
        3089          241
        3091          740
        3094         1271
        3101         1483
        3102          240
        3105          112
        3106         5212
        3107          756
        3110          118
        3112           28
        3116            2
        3118         4155
        3125           19
        3128          315
        3135          153
        3142          610
        3147          910
        3150           12
        3151          313
        3153          352
        3157         1019
        3159            3
        3163         3206
        3164          810
        3168          766
        3171          788
        3183         5741
        3187           16
        3190           20
        3192         3324
        3193          714
        3195         1855
        3196         4884
        3197          627
        3204         1722
        3210         4679
        3214         4828
        3215         2045
        3216           10
        3220          129
        3234         2805
        3244         2750
        3246         1528
        3250          295
        3254          258
        3258          184
        3264         2317
        3270         1867
        3271         2603
        3272         3754
        3279          728
        3280           11
        3288         1737
        3291            2
        3292           73
        3295         1924
        3296          664
        3304         2679
        3321          258
        3326         6019
        3329          237
        3330         2264
        3331          318
        3333         2190
        3334         1020
        3340         3739
        3346         2447
        3349         4768
        3360          223
        3363         1010
        3366         5771
        3367          137
        3369         4663
        3370            0
        3373           26
        3376          907
        3377          132
        3378         1043
        3383          763
        3388          198
        3389          701
        3390         6254
        3391          147
        3392          289
        3396          499
        3398         3241
        3408           12
        3419         3512
        3422          968
        3424          124
        3425         4868
        3426         4076
        3430         2298
        3432           40
        3433          919
        3436         3504
        3444           72
        3447         3559
        3448         5110
        3456           35
        3459          799
        3462           65
        3467         2353
        3469          181
        3471         4226
        3479          847
        3484          392
        3486         4370
        3490         1820
        3494         1073
        3495          341
        3498          331
        3505          667
        3506          993
        3509         3066
        3517          220
        3520         6056
        3523          293
        3529           92
        3534         1091
        3535          350
        3536          139
        3539          470
        3541          130
        3543            3
        3550          101
        3556           84
        3561          658
        3562         3556
        3564         4238
        3565         4328
        3567         1344
        3571         1160
        3572           55
        3574            8
        3579          168
        3583           42
        3584           64
        3586          127
        3590         1221
        3591          178
        3592         2914
        3593          282
        3594          482
        3595         1694
        3598          168
        3600          355
        3606            3
        3611            2
        3612            9
        3614         3398
        3617           35
        3627          345
        3631          415
        3632           98
        3636         3565
        3639            7
        3641           74
        3643         1557
        3649         4367
        3650           82
        3651            2
        3653            0
        3654         2385
        3660         2672
        3668         2079
        3674           35
        3675          499
        3677           10
        3678         3667
        3681           43
        3682           63
        3684         5485
        3685         1305
        3687          132
        3692           26
        3695         1726
        3715          187
        3723          607
        3726           67
        3733         6942
        3738           53
        3743         1069
        3745           83
        3750          990
        3751         4261
        3753         2142
        3756            2
        3762          201
        3770         2863
        3771         1027
        3773         4019
        3775           25
        3778         4747
        3785           85
        3787            2
        3804           35
        3805            2
        3807         3110
        3812          816
        3813         2035
        3816         5176
        3819          627
        3824           10
        3826         5130
        3833            1
        3836         5901
        3837         2484
        3839          162
        3850           14
        3852          106
        3854          855
        3855          150
        3857            1
        3859         4026
        3867          854
        3868         6193
        3869           15
        3872           26
        3882           71
        3893         1656
        3901           53
        3913           88
        3917            7
        3926          150
        3927          214
        3936          184
        3940           85
        3941         1484
        3942         7443
        3943          409
        3954           15
        3959           35
        3962          895
        3984          129
        3985         3834
        3989         4414
        3996         5341
        3998         5766
        4000          989
        4005           15
        4011         1704
        4016         1198
        4019            0
        4022          185
        4023          127
        4025          266
        4028          435
        4036         2167
        4037         1344
        4038         1086
        4039         1715
        4047          338
        4049           20
        4060         1356
        4061          854
        4062          555
        4066          155
        4069          355
        4070         2453
        4079           28
        4084          260
        4096         4880
        4102         6075
        4106         1816
        4109          127
        4112         1640
        4114           52
        4116         1805
        4121          223
        4126           22
        4142          362
        4145         5972
        4147          132
        4148          548
        4149         5062
        4155          588
        4157          162
        4158           10
        4159           84
        4161          179
        4163          951
        4166         1109
        4167          528
        4170            5
        4173         4077
        4179         3971
        4197          147
        4210         4546
        4211         1415
        4219         1216
        4222         6289
        4226          157
        4227           80
        4229         2079
        4236           14
        4240         2269
        4243         2547
        4245          224
        4249          555
        4251         4020
        4253          670
        4254           81
        4259          411
        4261          150
        4267          590
        4278          970
        4281           10
        4284         3111
        4286           51
        4292         1240
        4294         2313
        4298         3351
        4301          778
        4302          891
        4304          453
        4307         1911
        4310            6
        4312          758
        4325          318
        4327          277
        4337          256
        4345         2349
        4347           53
        4350         3408
        4354           19
        4355         1240
        4356           73
        4366          976
        4371         2133
        4378           87
        4379         2404
        4381          685
        4388           35
        4389           31
        4391         2046
        4393          284
        4395         4311
        4397         1431
        4406          136
        4407         4625
        4412         4929
        4417          326
        4419          169
        4421         3115
        4426         1316
        4429           85
        4430          264
        4438           41
        4439            0
        4442          918
        4444         1968
        4446         2104
        4457          280
        4464         1909
        4465          480
        4470           72
        4480          151
        4482           11
        4485           35
        4489          129
        4493          150
        4494         2551
        4507         3870
        4509         2212
        4511         3321
        4514          388
        4518         3672
        4519           73
        4521          823
        4528         3740
        4539           31
        4541         2141
        4543           12
        4544           11
        4546           75
        4548         1245
        4554            2
        4558         1438
        4565          410
        4575         2181
        4587         1086
        4589          985
        4592          871
        4608            6
        4611           52
        4612           10
        4633         2678
        4637           93
        4638          150
        4643         1624
        4645         3877
        4652           22
        4658          241
        4661          249
        4666          589
        4670           23
        4693         3390
        4697          755
        4699            6
        4701         2260
        4702          263
        4707           97
        4712           93
        4714           19
        4717         1599
        4718           67
        4730          908
        4743          339
        4746         1087
        4748           26
        4752          362
        4754          214
        4757         1332
        4758           18
        4769          508
        4771          305
        4778         2333
        4783          972
        4787            0
        4794         1140
        4796         1746
        4806          118
        4809         4668
        4820          219
        4822          134
        4827          970
        4829         1023
        4830         2100
        4836            0
        4844         1655
        4854          426
        4866         2333
        4869          534
        4878           53
        4880          227
        4889         3423
        4895          187
        4898          633
        4908           41
        4914         1282
        4916          155
        4920         1413
        4922            2
        4925           31
        4927           94
        4937         2161
        4940          219
        4945           31
        4949         4695
        4956          727
        4959          285
        4961         2104
        4967            3
        4977         1512
        4991           80
        4995          153
        4996         3877
        4997           66
        5010           35
        5014         5152
        5022          684
        5023         7504
        5034          219
        5038          565
        5050          152
        5062          246
        5065         1136
        5070         1696
        5077           97
        5083          127
        5087         2832
        5097            0
        5099          168
        5111         1023
        5112         3355
        5116          153
        5118           34
        5119         2289
        5133            3
        5138          138
        5142          128
        5150            0
        5156         2307
        5158           11
        5163            0
        5172         1286
        5175         1123
        5179          551
        5182         4218
        5188          231
        5197           35
        5211         2370
        5213         1189
        5216            4
        5218           59
        5221           82
        5223         4007
        5224         1356
        5227          357
        5232          426
        5238           31
        5246          273
        5252          456
        5255          295
        5257          408
        5258          256
        5274         2609
        5279           35
        5283          114
        5289         2437
        5307         1826
        5323          127
        5326         2374
        5327         5659
        5328         1251
        5330            0
        5331           10
        5339          263
        5340         3228
        5341          551
        5343          262
        5360         2269
        5366         1343
        5367          980
        5380         1841
        5389           89
        5394         1663
        5404          831
        5422           14
        5424            1
        5440         3972
        5450         1340
        5452         3104
        5454            0
        5461           42
        5465          801
        5468         2374
        5471         4049
        5478          122
        5486          310
        5488          106
        5493            5
        5496          895
        5501           26
        5516          259
        5523            5
        5528           20
        5532           16
        5538           22
        5546          629
        5547           16
        5551         1145
        5564           10
        5567          150
        5568         1030
        5573           31
        5608          310
        5611          397
        5627          247
        5631          294
        5660           35
        5661         1093
        5663          371
        5671          517
        5689           14
        5691          296
        5695         6881
        5696         2773
        5697         1671
        5708          175
        5713           10
        5714            6
        5719          886
        5723           50
        5738         4557
        5753           26
        5755          197
        5763          843
        5771         1140
        5780         1828
        5802            3
        5813           20
        5833         3972
        5840           93
        5858         4409
        5866         1682
        5890          223
        5894          760
        5911         4036
        5917         5652
        5921         1573
        5941         3756
        5943         1027
        5970         3118
        5986            3
        5990         1704
        6001         1937
        6003         3986
        6017           21
        6030           35
        6058          809
        6070         4043
        6081           23
        6095         4141
        6096         2461
        6102         1159
        6135         1872
        6144           15
        6167           35
        6187         2511
        6222          621
        6239         1871
        6244          584
        6252          534
        6255         1389
        6261         2722
        6266          324
        6273         2239
        6275           22
        6276         1493
        6321          143
        6343         6664
        6358         1045
        6369         6795
        6372           35
        6388         6640
        6408         1607
        6418         2024
        6422         2355
        6433         1249
        6441         1475
        6455           11
        6484         2812
        6493          959
        6501         6629
        6527           68
        6542         1990
        6547         1923
        6554         1027
        6557          847
        6591          152
        6601          816
        6654         1555
        6664           17
        6693          185
        6695          722
        6697          246
        6731           14
        6733         1521
        6786         1136
        6797          251
        6832          641
        6840          523
        6854           17
        6870         3870
        6883         1208
        6929            6
        6939           88
        6998         1305
        7004           11
        7035           15
        7047           65
        7062          309
        7106          155
        7118          742
        7163          284
        7166          277
        7186         4232
        7233          518
        7253            0
        7258            0
        7259            6
        7292          476
        7299           14
        7326         1250
        7336           64
        7355          127
