# HaloID(1) HaloID(2)
           0            0
           1            2
           2            1
           3           12
           4          123
           5          145
           6            8
           7            7
           8            9
           9           10
          10         3440
          11           12
          12          559
          13           13
          14           14
          15           15
          16           17
          17           19
          18          822
          19          125
          20           21
          21         1379
          22          381
          23          483
          24           25
          25           26
          26         2320
          27          133
          28           29
          29           31
          30           20
          31           33
          32           34
          33           35
          34          887
          35           37
          36           47
          37           39
          38            2
          39          944
          40          377
          41          573
          42         1373
          43         5883
          44           47
          45         6422
          46         7086
          47          531
          48           18
          49         3964
          50         4643
          51         4708
          52            0
          53           56
          54           40
          55         1599
          56         5408
          57         4415
          58         2211
          59         1659
          60          253
          61           64
          62          348
          63          214
          64         4205
          65           62
          66         1716
          67          191
          68          526
          69         2288
          70           73
          71          316
          72         4036
          73         6057
          74          750
          75          317
          76           78
          77           77
          78            0
          79            7
          80           80
          81         1070
          82         1198
          83         7107
          84           85
          85           83
          86           87
          87         3968
          88           55
          89          470
          90         2339
          91         6638
          92          787
          93           92
          94           12
          95         3841
          96         3831
          97         2940
          98         3880
          99         3589
         100          151
         101           99
         102            0
         103         3438
         104           96
         105          250
         106         1652
         107          259
         108          108
         109         7664
         110           46
         111          110
         112          772
         113         7633
         114          114
         115          269
         116          110
         117           74
         118         1423
         119            0
         120           76
         121          459
         122          112
         123          246
         124           12
         125          541
         126          734
         127         1963
         128         1565
         129         4239
         130         8942
         131          136
         132         1809
         133          647
         134          139
         135          406
         136          132
         137         5019
         138            1
         139            0
         140         1570
         141          144
         142            5
         143         9029
         144         5218
         145         1393
         146           29
         147          149
         148         1205
         149            8
         150          150
         151         2678
         152         1986
         153          156
         154          151
         155         3912
         156         1952
         157         1769
         158           89
         159          997
         160           41
         161         2012
         162         2654
         163           80
         164         4930
         165         2531
         166          987
         167          166
         168         6536
         169         4505
         170         9009
         171         1377
         172          935
         173           12
         174          172
         175          889
         176           29
         177          363
         178         2513
         179          174
         180          505
         181         5942
         183          181
         184           97
         185          471
         186         4611
         187         2870
         188         3130
         189          570
         190            8
         191         2426
         192         4526
         193         6389
         194         1773
         196         1343
         197         5617
         198          199
         199          164
         200         1032
         201         4224
         202         2861
         203         1924
         204         3480
         205         2588
         206           10
         207         5034
         208          206
         209          190
         210            2
         211         1440
         212          216
         213         1441
         214         5762
         215         7856
         216          218
         217         5312
         218         2605
         220         1551
         221          311
         222          312
         223          227
         224          353
         225         5239
         226         3800
         227         1449
         228         6929
         229         3948
         230         2914
         231         4689
         233          377
         234          232
         235         3527
         236         2153
         237          238
         238            0
         239         2044
         240          241
         241         5046
         242         1548
         243          446
         244          599
         245           29
         246          492
         247         1747
         248         3652
         249          832
         250            0
         251         1476
         252          221
         253         6063
         254         5195
         255         5664
         256          593
         257         6493
         258         2570
         259          243
         261           45
         262         8118
         263          266
         264          439
         265         8921
         266         2344
         267         6024
         268         4505
         269         1609
         270          620
         271         4480
         272         2327
         273         2878
         274         6621
         275         3110
         276          276
         277         6416
         278          132
         279         6386
         280         4742
         281          488
         282         3809
         283            0
         284         6914
         285         1767
         286         4573
         287         7664
         288         1509
         289         8936
         290          107
         291           30
         292            0
         293         7549
         295         7537
         296          291
         297          298
         298          830
         300         4570
         301         1158
         302           73
         303         7399
         304         4542
         306         3279
         307          964
         308          313
         309          935
         310          231
         311         1693
         312         7900
         313          141
         314         9109
         315         1538
         316         2028
         317         3627
         318         4050
         319         3605
         320         3319
         321         8221
         322         2363
         325         1165
         326         1250
         327         2255
         328         4540
         329            7
         330         6544
         331         1741
         332          363
         333         3857
         334         2043
         335         7325
         336         2875
         337         2088
         338         7309
         339          271
         341         6623
         343           51
         344           52
         345         2489
         349         2890
         350         1729
         351          360
         354         8409
         355         4778
         356         6768
         357         1173
         359          365
         360          367
         361         1754
         363          379
         365         1177
         366           92
         367          265
         368         4982
         369          155
         371         7764
         372          368
         373         5483
         374         4300
         375         1688
         376          322
         377         1513
         378         2956
         379          328
         380         3812
         381         4401
         382         3472
         384         6770
         385           80
         386          385
         387         1818
         388         3170
         389          401
         390         8371
         391          338
         392         1789
         393         8645
         395          154
         396          293
         397          207
         398         2530
         399          428
         400         3009
         401         6422
         402           31
         403         1215
         404         2215
         406           49
         407         2819
         408            5
         409         2744
         410         2672
         411         3857
         412         4930
         413          133
         414           47
         415         7811
         417          576
         419         1531
         420         1185
         421          417
         423            0
         424         2023
         425         3138
         426         6251
         427         4462
         428          985
         429           11
         430          426
         431         5820
         432         4062
         433         1630
         434         8351
         435          416
         436          149
         437         1195
         438          345
         441          598
         443          321
         444         7473
         445         1291
         446          452
         447         5356
         448         4890
         449           93
         450         1028
         451          458
         452           73
         453         4644
         454          464
         455         4534
         456           15
         457         7381
         459          269
         460         8753
         465           37
         466          469
         467         3845
         469         1666
         470         2052
         471         3048
         472         1230
         473           43
         474         2075
         475           80
         476          314
         477          985
         478          499
         479          486
         480         1882
         481          497
         482          410
         484          633
         486         4598
         487         2211
         488           29
         490          230
         491            0
         492          122
         493          180
         494          941
         495          298
         496          827
         498           63
         499          991
         500          509
         501         5077
         503         2849
         504           36
         505          515
         506          940
         507         4057
         508          424
         509          517
         510          207
         511          516
         512         1119
         513         5809
         514         1341
         518         7582
         520          531
         522         1373
         523         6738
         524          994
         525         6586
         526           29
         527         1299
         528          548
         529         4989
         530           19
         531           98
         532         1918
         533         4502
         535          662
         536          544
         537         5292
         538         5251
         540          433
         541         3029
         542         2811
         544          978
         545          179
         546         3430
         549         8552
         550         4141
         551         8644
         552         3090
         553           20
         554         1470
         555          171
         556         4883
         557          697
         558          554
         559         1224
         560         3467
         561           97
         562          149
         563         1507
         564          709
         565         5982
         566         4770
         567         1991
         568          565
         570          384
         571           85
         572          190
         573           26
         574          577
         575         3947
         576         7377
         577          152
         579           29
         580          450
         581          559
         582           91
         583           26
         584         5258
         585         1878
         586         1679
         587           15
         588          472
         589         3836
         590          647
         591         6608
         592          599
         593          891
         594         2728
         595         8001
         596         2215
         597         4402
         598           34
         599          704
         601           59
         602         2243
         603         5054
         605         1824
         607          774
         608         1375
         610          209
         611         4864
         613         8182
         614         4756
         615          671
         617          628
         619          644
         620         1225
         621          237
         622          921
         623          432
         625         2945
         626         1975
         627          645
         628          661
         629           29
         630          429
         631          170
         632          398
         633          648
         634          575
         636         2207
         637         1388
         638         1689
         639         1899
         640          656
         641         2658
         642          265
         643         2728
         644         5894
         645         2840
         646          637
         647         5325
         651         7648
         653         2383
         656         2934
         657         2601
         658         2655
         660         2384
         661          683
         662          589
         664         6794
         666           45
         667         2399
         668           66
         669           83
         670          678
         671         1893
         672          353
         673          597
         675          693
         676          554
         677          132
         678          352
         679         3309
         681          650
         683         2690
         687         3124
         688         4111
         692          409
         693          701
         694         4167
         695          343
         697         2583
         698         3415
         700         4730
         701         2308
         704         2489
         705          266
         706         6328
         707         8272
         711         7220
         712         1382
         713          729
         714         6559
         716         7067
         717            2
         719         7036
         720          388
         721          533
         722         7991
         723          133
         724          135
         725          729
         726          439
         727         8307
         728         3037
         730         1873
         731         7181
         732         6388
         733         1266
         734         7112
         735         1609
         736         2456
         737         1339
         738          761
         739         8112
         740         3397
         741         5808
         742          762
         743         5664
         745          749
         746           49
         747         3648
         748         6637
         749         6670
         750         2412
         751         3998
         752          422
         753          247
         754         3670
         755         4649
         756          247
         757          580
         758           62
         759         2209
         760          137
         761         6690
         762         6463
         763         1652
         765          163
         766          585
         767         3055
         768           19
         769          186
         770         1489
         771         1047
         773          798
         775         1183
         776         4749
         777         2657
         778         1652
         779          779
         780         4625
         781         7389
         782            1
         783         5725
         785         1114
         786          451
         787          809
         790         3754
         791         4048
         792          908
         793         3459
         794         6910
         796         3373
         799          261
         802          462
         803         4109
         804         7524
         807          805
         808          391
         811         5767
         813         2078
         814         3163
         815          573
         816         2669
         819         3971
         821         6702
         824           34
         825          792
         826         4253
         827          994
         829         4303
         830         4923
         831          919
         832          684
         835          116
         837         8025
         838         7754
         839          536
         840         1117
         841          264
         842            2
         843          327
         844          153
         845         4041
         847          416
         848         3894
         850          112
         851         2663
         854         1097
         855          190
         857          639
         858         7061
         859           38
         860          881
         862          125
         863          912
         864         7402
         865         2669
         867         8013
         868         4028
         869         6791
         870          916
         871         2919
         872           20
         875         5385
         876         3810
         878         6719
         879         5180
         880         1001
         881            9
         882         1565
         883          884
         884          133
         885           67
         887         2581
         888         1745
         890         8677
         892         6886
         893         7138
         894          608
         895         6980
         896         1124
         897          716
         898          392
         899         3317
         900         6866
         901         8966
         904          910
         905         2925
         906         2380
         907         3137
         908          772
         909         5776
         910          904
         917          886
         918          171
         919          929
         922          921
         923         2088
         924          139
         925            5
         926          398
         929         4434
         930         5990
         931          941
         932         1124
         934            3
         935          127
         936          939
         937          976
         938          927
         941          154
         942          229
         945         6736
         946         7481
         947         5688
         949          141
         950         2175
         952          510
         953         4355
         954         7246
         957           58
         960         8857
         961         1378
         962          139
         963         3266
         965           51
         967         2700
         971         3437
         972         5225
         975         6422
         976         1764
         979         2374
         980          294
         982         4355
         983         1081
         985         3878
         986          159
         987         4341
         988          987
         989            7
         990         3785
         991          644
         992         6317
         994          893
         996         2077
         997         1000
         999         2527
        1000           22
        1001          693
        1003          263
        1004          483
        1005         4288
        1007           38
        1009         2444
        1011         5689
        1013          135
        1014         7244
        1015         7488
        1016         7248
        1018          285
        1019         1630
        1020         4247
        1023         1691
        1024         1033
        1025         2091
        1026         6871
        1029          579
        1030           20
        1031         1119
        1034         4300
        1035          153
        1036         3578
        1037         2458
        1040         1059
        1043         8861
        1044         2341
        1046         3582
        1047         3515
        1048         5758
        1049           36
        1052         2878
        1053         1377
        1054           27
        1055           44
        1056         1714
        1057         5545
        1058         1814
        1059         3567
        1060         1064
        1061          190
        1064           38
        1065         5228
        1066         6605
        1068         2813
        1069         2539
        1070          279
        1073         2747
        1074          924
        1075         2973
        1076         3077
        1077         1392
        1079          690
        1083          383
        1084         8768
        1085          337
        1087          614
        1088           17
        1089          633
        1091         1486
        1092          123
        1093         5709
        1094         6796
        1096         7934
        1097         1498
        1098         1873
        1099         3782
        1100           28
        1101         1325
        1102         4235
        1103         1137
        1106          167
        1107          180
        1111          771
        1112         3329
        1113          310
        1114          913
        1117           36
        1118         6119
        1119         3077
        1120         6644
        1121         8111
        1122           34
        1123         1752
        1124         2529
        1125         2822
        1126          215
        1128         1038
        1129         5970
        1131         1591
        1135         4378
        1136         5274
        1138         6077
        1139           71
        1140          666
        1141           45
        1142         7736
        1143         5659
        1144         1371
        1146           32
        1147         5335
        1148          185
        1149          573
        1150         6652
        1152          330
        1153         3121
        1155          303
        1156           83
        1157         1173
        1158          259
        1160         1211
        1161         7222
        1163            8
        1164          683
        1165          672
        1166         1119
        1167            0
        1168         3177
        1169          326
        1170         4792
        1171         2823
        1172          159
        1175          258
        1176           47
        1177         1255
        1180         6778
        1181         6322
        1183         2578
        1184         1717
        1185         5969
        1187         1862
        1188         2784
        1189         2617
        1190          139
        1191          410
        1192         1016
        1194         1197
        1195         6493
        1197         3440
        1200          655
        1201           98
        1202          755
        1204         8413
        1205         2502
        1206         1897
        1208         2199
        1210          472
        1212         1232
        1215         3949
        1216         2947
        1217         1312
        1219         5144
        1221         1005
        1222         7350
        1225         1547
        1226         5271
        1229          601
        1230         6939
        1231            0
        1232         4609
        1233         5809
        1234         1445
        1235         5374
        1236         1123
        1237         2546
        1239          296
        1241          314
        1242         3024
        1244          363
        1245         1452
        1246         6441
        1247           15
        1248          597
        1249         8312
        1250          659
        1252         1254
        1253           40
        1254         1253
        1255         4300
        1256         5214
        1257         1705
        1258         2311
        1259         4926
        1260         2117
        1263         1102
        1264         7946
        1267          849
        1268          317
        1269         5908
        1270          121
        1271           37
        1272          649
        1273          426
        1274          433
        1276         2986
        1277          523
        1280          130
        1282         6321
        1285         1915
        1287          163
        1288         7376
        1291         1919
        1292         2356
        1294         2421
        1296         5157
        1298          648
        1300         3080
        1302          338
        1303          259
        1306           18
        1308          538
        1309          464
        1310          472
        1311         4013
        1312          924
        1313          122
        1316         5257
        1318         4045
        1322         4499
        1323          877
        1324         3377
        1326          285
        1327          307
        1329         4248
        1330           12
        1331          339
        1332         2618
        1333         1179
        1334         2581
        1335         1742
        1339         8197
        1340          312
        1341         7578
        1344          721
        1346          454
        1347         2337
        1348         2378
        1349         1840
        1351          212
        1354          486
        1357            5
        1361         1925
        1362         2931
        1364          881
        1365         2949
        1366          132
        1370          360
        1371         1056
        1372         3181
        1373         7284
        1374           20
        1376           22
        1377         4497
        1380         3438
        1381          805
        1382         2207
        1383         1328
        1384          246
        1385          619
        1386           77
        1387         3244
        1389           66
        1390         8978
        1391          343
        1394         1319
        1396         4250
        1397         1131
        1398         1587
        1399         3056
        1400         2380
        1401         3442
        1403         2853
        1404          108
        1405         3162
        1406          223
        1407          742
        1409         4087
        1412         2020
        1413         6649
        1415         5026
        1416         1716
        1417         2544
        1419          274
        1420           87
        1421           13
        1422         1443
        1423         1334
        1424         2485
        1425           85
        1427          692
        1428          564
        1429         2888
        1431          754
        1432          577
        1433          339
        1437         1392
        1440           68
        1441         1696
        1442         8033
        1443         5011
        1444         6982
        1445         3956
        1446         2568
        1447         1184
        1448         1090
        1449          377
        1450         5714
        1451            0
        1452         8210
        1454         8177
        1456          853
        1457           55
        1459         2381
        1466          527
        1467           18
        1468          102
        1469         1197
        1471         2727
        1473         4568
        1474          310
        1475          343
        1476         4747
        1479         3993
        1480         6448
        1483          597
        1484         1918
        1486         3486
        1487         7234
        1488          104
        1489         1106
        1491           95
        1492         1067
        1494         7817
        1495         2063
        1497         3099
        1498          373
        1499          219
        1500         1690
        1501         2422
        1502         3467
        1503         2287
        1504         1390
        1507         1733
        1511          647
        1512         1561
        1513          339
        1515         1340
        1516          199
        1518         2744
        1519         5058
        1520          806
        1521          864
        1522           41
        1523         5439
        1526         1443
        1527          415
        1528         1773
        1530         5842
        1533         5953
        1538          754
        1539         1715
        1541            2
        1542         8638
        1543         2914
        1544           69
        1550         2655
        1553          422
        1554          749
        1555           36
        1556          639
        1557         1025
        1558          265
        1561         9071
        1565          439
        1566         2498
        1567         3345
        1568         7753
        1570         4878
        1576         3934
        1577         2239
        1578          480
        1581         1114
        1583          940
        1585         1234
        1586         5320
        1588            0
        1589         1841
        1590         2746
        1591         5967
        1592         1828
        1593            2
        1596          322
        1597         5766
        1604         3560
        1606          268
        1608         6576
        1609          159
        1610         5162
        1612         2248
        1613         8379
        1615         4120
        1616         2533
        1617          118
        1618           39
        1619          782
        1620          331
        1621         2412
        1623          158
        1625           99
        1628         5209
        1630          163
        1632            8
        1633         7266
        1635           69
        1636         1924
        1637          630
        1638         2164
        1641         1440
        1642         4005
        1643         3670
        1644          917
        1645         1383
        1646         3052
        1647         3985
        1648         4886
        1649          223
        1650         1347
        1651         1141
        1652         5139
        1653          934
        1654         1201
        1659         2899
        1660         2142
        1661         7739
        1668          579
        1669          265
        1670           68
        1671         8013
        1672          583
        1673         1352
        1676          349
        1677          322
        1678         5247
        1679         2532
        1682         1854
        1683         9052
        1684         1710
        1685          337
        1686          533
        1687          319
        1688          387
        1689         6592
        1691         1528
        1692         1090
        1694         6928
        1695         2160
        1696          124
        1697         4968
        1698         2422
        1699         7399
        1700          284
        1701         2689
        1704         4731
        1705         7769
        1709          114
        1713         3229
        1715         1660
        1717         6283
        1718         1189
        1720          232
        1723         2162
        1724           33
        1726         4635
        1727          375
        1728         3482
        1729         1725
        1730         6200
        1733         3196
        1736          845
        1740         1765
        1742         3777
        1743         1963
        1744          247
        1746           18
        1747         4810
        1748          539
        1751           24
        1752          516
        1753          134
        1754         3405
        1755         8436
        1757         9103
        1758         2528
        1759         2324
        1762         7048
        1764           12
        1767          251
        1769           63
        1770         1340
        1771         1368
        1772         3593
        1773         1486
        1774          689
        1775          944
        1776          866
        1777         4869
        1778         1234
        1780         5933
        1785         8946
        1786          594
        1787         5474
        1789          638
        1792         1184
        1794         1798
        1796         5479
        1797         8403
        1798         2490
        1800          827
        1801         3640
        1803         3514
        1805         6418
        1806          666
        1807          411
        1808         1022
        1809         5692
        1810         4021
        1812         8272
        1813         1819
        1814         5551
        1816          563
        1818          415
        1819          448
        1820         1322
        1822         5710
        1823         2484
        1824         3486
        1825         5175
        1826         1265
        1828          112
        1833          272
        1834         4309
        1836         4883
        1838          163
        1839         3825
        1840         5170
        1841         5273
        1842           22
        1843         1441
        1846         3877
        1847         3333
        1848          823
        1850          778
        1851         2433
        1852         3555
        1853         2088
        1854         2667
        1857         6796
        1858         1314
        1861         5895
        1862         5230
        1864          532
        1869         4842
        1872          303
        1874         4501
        1875          683
        1876         6054
        1879           77
        1882         6653
        1883         7378
        1884            9
        1887         1727
        1888           51
        1891           12
        1892          452
        1893         5606
        1894         1511
        1896          394
        1900         1075
        1903         2622
        1905         4602
        1907         4706
        1909         4055
        1911         4105
        1915          740
        1917          773
        1918         2531
        1919          312
        1920         1937
        1924          219
        1926         5281
        1929          253
        1930         5872
        1931         4431
        1932          782
        1933         2033
        1934          307
        1935         1237
        1936         1070
        1937         2081
        1939          944
        1940         2617
        1944          180
        1948          652
        1951          974
        1953         3649
        1955         2197
        1956         5015
        1957         6703
        1958           64
        1962          346
        1963          524
        1965          385
        1966          450
        1967         3819
        1968          326
        1969         3196
        1970          217
        1971         1975
        1972         2024
        1974         1958
        1975         6424
        1978          628
        1979          908
        1980         4209
        1981          716
        1983         1983
        1984         2105
        1985          787
        1988         3528
        1989          587
        1991         5766
        1992         2553
        1993         7961
        1994          427
        1995         2493
        1996          570
        1997         1284
        2001         1581
        2003           57
        2009          167
        2010         6074
        2012         3037
        2013         2044
        2014          275
        2015         3593
        2016          311
        2018         1280
        2019         5430
        2024         2048
        2027         5359
        2028         2847
        2030         3963
        2031         1889
        2032         2695
        2035           36
        2037           26
        2038         2039
        2041         2298
        2045         1119
        2046          555
        2048          188
        2049            0
        2052          265
        2054         1352
        2057         4320
        2058         1957
        2059         1771
        2060          190
        2062         3671
        2064           76
        2068         2535
        2069         2026
        2070         1254
        2073           11
        2074         2083
        2075         7792
        2076          110
        2077         5050
        2078          193
        2079          224
        2080          472
        2081          712
        2082           55
        2085           88
        2088          208
        2090         8798
        2094         5606
        2096           80
        2097         1703
        2099         7667
        2101          555
        2105         8771
        2106          909
        2107          547
        2108         4305
        2111         2658
        2112         1038
        2113         1990
        2118         5017
        2120          924
        2121         5102
        2123         1043
        2124         6321
        2125         2796
        2126         2906
        2127          434
        2132         2130
        2133         2305
        2134           11
        2136         2168
        2138         3943
        2140         1940
        2141         5567
        2143         6702
        2144          114
        2145         3250
        2146           28
        2148           49
        2149         4155
        2151          663
        2154         4537
        2155         3832
        2157         1043
        2158         2575
        2159         2988
        2160         1289
        2162         1460
        2164         1854
        2166         3179
        2169          210
        2170         7386
        2171          177
        2174         1480
        2176          776
        2177           43
        2178          484
        2179           19
        2181         2596
        2182         1108
        2184          373
        2189         2187
        2192         5202
        2193         2256
        2197         5398
        2203         8941
        2206           89
        2207          977
        2216          114
        2219          661
        2220           62
        2221         2140
        2224         2681
        2226          103
        2228           85
        2231         4041
        2232          699
        2233          443
        2236         2005
        2238         5480
        2240         3433
        2241           35
        2242           43
        2244         7842
        2247         3714
        2248         5341
        2253          587
        2254         3192
        2255         2399
        2256         2291
        2257         1101
        2261           30
        2266         6658
        2267          165
        2268         1854
        2269         2094
        2270         1933
        2273          108
        2274         3546
        2275         2538
        2277         1454
        2278          655
        2279         3024
        2280          619
        2283         1917
        2285         6701
        2288          512
        2290          218
        2291         1313
        2292         2191
        2294          277
        2297         6221
        2300         1476
        2303         2032
        2304          143
        2305         1920
        2307          296
        2309          961
        2310         8232
        2312          750
        2317         1419
        2318         4842
        2319          193
        2320         1496
        2321         3211
        2324         2318
        2327         2309
        2330           41
        2332         1572
        2333         3420
        2337         2237
        2338         3179
        2340         3029
        2341          291
        2343          478
        2344         1430
        2349          113
        2350         6939
        2351          515
        2353         2925
        2355          221
        2356          191
        2357          338
        2358         6554
        2359          323
        2362         2005
        2364          217
        2366         8371
        2368         4688
        2372         6903
        2373         4454
        2374         4804
        2377         2380
        2379          215
        2382         5383
        2385         8786
        2386            2
        2387         1302
        2388          154
        2389          132
        2390          963
        2393         3276
        2396         2041
        2397         2497
        2398          103
        2400         3458
        2402         8908
        2404          458
        2406         6980
        2407         2426
        2411         4194
        2413           36
        2414          403
        2416         9065
        2422         5955
        2425         2369
        2430         6542
        2431         5642
        2432         2490
        2434          746
        2437          523
        2441         1141
        2442           54
        2443         2590
        2444         2609
        2445         7543
        2446         2570
        2448         3294
        2452         5666
        2454          769
        2459         8347
        2460         1215
        2461          122
        2462          968
        2468          987
        2469         5871
        2470           19
        2471         4638
        2472          883
        2473         1019
        2474         3287
        2475         1994
        2477          538
        2479          993
        2482            7
        2483         3476
        2484           26
        2488          640
        2489         2263
        2495         2861
        2496          481
        2502          159
        2503         2377
        2504         6152
        2506         6894
        2508         7543
        2510           97
        2513         2496
        2514         1032
        2517         4976
        2519         1247
        2520         1177
        2521         6949
        2522         2487
        2524         2540
        2525         1189
        2527         2552
        2529         4134
        2531         2366
        2532         2878
        2533         3398
        2540         5684
        2541          121
        2543         5218
        2545         5613
        2546         2396
        2547         2494
        2550         4601
        2551          883
        2552          705
        2554         2580
        2556         2239
        2557         8785
        2559          712
        2560         2964
        2564         2446
        2566         4294
        2567          492
        2568         6251
        2569          266
        2570         5358
        2573          934
        2574         5814
        2575           95
        2578          581
        2579         6077
        2580          284
        2583           14
        2585          183
        2587           49
        2588          588
        2589           96
        2591         8118
        2592         2528
        2593         1035
        2594         1177
        2598          343
        2600         8163
        2604         1464
        2605          500
        2606         8958
        2607          683
        2611           22
        2613         3203
        2615          809
        2616         1075
        2620          948
        2621         3093
        2624         7135
        2627         2167
        2628         3117
        2629          801
        2631         1318
        2633          104
        2635         1349
        2637         5689
        2639            4
        2640         1411
        2641         1123
        2644           33
        2645          492
        2646         6523
        2647         2881
        2653         2544
        2654         5412
        2656           10
        2657          982
        2661         7484
        2662         5296
        2663           64
        2664          850
        2666         3654
        2667         3256
        2668         7817
        2670            0
        2672         7591
        2674          639
        2675         1392
        2677          312
        2680         5738
        2681         5479
        2682          107
        2685         1003
        2686          530
        2690          619
        2691         2300
        2693          985
        2694          227
        2696         1171
        2697           19
        2698         3250
        2701           77
        2706         3211
        2708         5616
        2711         2459
        2714         2552
        2715         2337
        2716            0
        2717         5231
        2718         2999
        2722          275
        2725          497
        2727         2152
        2728         4189
        2730         6015
        2736         2235
        2739         1761
        2740         1890
        2741           56
        2742           56
        2748          400
        2749          117
        2751         4244
        2753         4415
        2754         3037
        2760          120
        2761         2795
        2762          505
        2765          729
        2767         4355
        2768          883
        2769           17
        2771         3486
        2773         3101
        2775         2040
        2776          156
        2777         2777
        2783         1866
        2794           93
        2799         4765
        2800         4704
        2801         2799
        2802         3873
        2803         1937
        2804         7828
        2807           25
        2809         4451
        2815         5421
        2816          995
        2817         3045
        2818         5309
        2819           30
        2820          555
        2826         7933
        2827          448
        2828          647
        2831         5045
        2835          650
        2839          394
        2841         4879
        2842         2797
        2847         2860
        2854           72
        2855          210
        2856         1845
        2857           51
        2859          844
        2863         1407
        2864            0
        2866            5
        2870           95
        2871         6748
        2872         1317
        2874           11
        2876         4037
        2877          534
        2880           74
        2881         4366
        2882         1891
        2883          220
        2884          196
        2885         7849
        2888         2028
        2889           25
        2894            2
        2896         2908
        2897         3785
        2898           94
        2899         5773
        2902          267
        2904         1652
        2907         4252
        2915         2571
        2916         3052
        2917          782
        2919         3720
        2921          764
        2922         2133
        2923          318
        2924           74
        2928          947
        2930          241
        2931         3408
        2932          811
        2933         6586
        2934         3966
        2935         1487
        2937          162
        2938           59
        2940         2592
        2941          452
        2945         2970
        2949          394
        2951         5966
        2952           28
        2953            0
        2955         3982
        2956         2063
        2960         1777
        2962         5326
        2966           61
        2968          457
        2970          560
        2971         2129
        2973         1056
        2974           61
        2978         2489
        2979          200
        2981         4401
        2982         1256
        2983          648
        2984          588
        2985           79
        2986         5476
        2989          294
        2990           39
        2993         1344
        2995           20
        2996          587
        3000         3003
        3005         6259
        3006         4273
        3007          856
        3011         4537
        3016         3213
        3021         3008
        3023            8
        3024         3086
        3030         2032
        3031         2730
        3035         6207
        3038          394
        3039            2
        3043         1441
        3044         3704
        3050         5246
        3051         6391
        3052         4571
        3053         5207
        3062         3175
        3067           30
        3073         5894
        3074         2713
        3076         7071
        3077          311
        3079         3435
        3080         1853
        3081         3125
        3083         1741
        3084          202
        3085          684
        3086         2846
        3089         1167
        3090          458
        3092         4774
        3095         4798
        3096         3081
        3098          220
        3099         3027
        3101         2693
        3102         4871
        3105          541
        3106         1569
        3108          231
        3112         3786
        3113         3276
        3118            0
        3119         4534
        3122         5182
        3123           40
        3127         1519
        3128         2686
        3130         5108
        3134          210
        3137          516
        3139           44
        3140         3318
        3141         1245
        3142         8978
        3153         3960
        3156         8781
        3157         3171
        3159          867
        3160         6033
        3161            0
        3163           96
        3164         1638
        3165          770
        3167         7181
        3168           68
        3175         7326
        3176          194
        3180         1695
        3182          133
        3183          721
        3184         7685
        3185         2786
        3189         1061
        3191          417
        3192          669
        3197          672
        3198           34
        3199          325
        3203           81
        3204         1595
        3206         2483
        3207         2049
        3208         5258
        3211          818
        3216         4683
        3218          193
        3221          688
        3222          133
        3225          109
        3231           14
        3234          157
        3238          883
        3240         1075
        3249            2
        3251          360
        3252         1893
        3253         3116
        3254         3262
        3259         1175
        3261          245
        3262          233
        3264         7483
        3271          699
        3273         3979
        3274         6640
        3276          101
        3277           42
        3278         8285
        3283          207
        3284          397
        3285         1163
        3286         3309
        3292          524
        3294         3689
        3297         5082
        3298            5
        3299         2827
        3301          820
        3302          474
        3305          135
        3306          644
        3310           38
        3316         6019
        3322          259
        3324          121
        3326          828
        3327          763
        3328         1673
        3329          301
        3332         3307
        3334         1408
        3336         5061
        3340         4165
        3341         1060
        3345          509
        3347         1671
        3349         2549
        3350          140
        3354           38
        3355         5919
        3359          766
        3362          180
        3364         3453
        3366         4122
        3368         1073
        3372         3349
        3373         1156
        3375         1385
        3377          427
        3382          422
        3384          798
        3390          300
        3393            1
        3396         1431
        3399         4004
        3400         4685
        3402          570
        3403         2249
        3404          565
        3409          657
        3411            8
        3412         1636
        3413         1606
        3414         3510
        3415         8381
        3417         1778
        3421         2490
        3424         1510
        3427          637
        3428         8409
        3430         1159
        3431          606
        3432          518
        3434         5635
        3435         2334
        3436          869
        3440           25
        3441         3900
        3444         2693
        3446         2766
        3448          307
        3453         6535
        3454         3467
        3455           65
        3457         3308
        3458          863
        3459          541
        3461         4918
        3462         1498
        3463         3927
        3465          326
        3467         2947
        3471            5
        3472         6571
        3474         1809
        3476           57
        3480         1055
        3481         6946
        3482          995
        3484          462
        3485           85
        3487         2546
        3488         1069
        3493         1857
        3495         1530
        3496         5608
        3497         1066
        3501         1232
        3508          541
        3509         3886
        3511         3518
        3512           63
        3514         1446
        3516         7074
        3518         1123
        3521         4590
        3524          145
        3527           18
        3528         4125
        3531         1000
        3532          654
        3536         6603
        3542         9113
        3543          205
        3545         2865
        3551         4738
        3558         1034
        3559         2114
        3560          412
        3562         1188
        3564         3052
        3565         1885
        3567         1923
        3574         1823
        3580          201
        3582         2378
        3585         4278
        3587          918
        3588          628
        3590          297
        3593          180
        3594         3411
        3595          356
        3596         2081
        3598          886
        3604          253
        3606         3636
        3607          799
        3608         4997
        3609         1000
        3610            5
        3611          669
        3614           56
        3616          670
        3619          284
        3622          171
        3623         4338
        3624           84
        3625          201
        3631          204
        3632         5009
        3634         3457
        3635         2381
        3636          530
        3644         3845
        3645         1028
        3646         4283
        3650          768
        3651         8677
        3654           53
        3655         4255
        3659          753
        3662         3641
        3666          328
        3669         2765
        3677           64
        3678         6134
        3681         3576
        3683          212
        3685          593
        3689         6296
        3690         1504
        3691          204
        3693          781
        3694          395
        3698         1240
        3699         1388
        3701         7352
        3708         5421
        3709           20
        3712         3569
        3713         1473
        3718         5377
        3721         5336
        3722            5
        3724         4689
        3726         5701
        3730          269
        3733         2870
        3734           87
        3736         1675
        3740         7886
        3741          327
        3742         1417
        3746         3705
        3747         8012
        3751          919
        3752          845
        3753          652
        3754         2023
        3755          913
        3757         5978
        3758         2009
        3759         3839
        3760           18
        3761           80
        3763         4618
        3766          434
        3767         8526
        3768         3804
        3769           65
        3770         5017
        3771         7619
        3776          599
        3777         4145
        3780           15
        3781          422
        3782         3813
        3784          994
        3785         9033
        3796         3605
        3802          617
        3808         3740
        3810         8381
        3816         3336
        3819         1386
        3823         4370
        3826         4320
        3827         1874
        3828          406
        3829         1420
        3834           91
        3835           76
        3843         7567
        3845         1848
        3846          301
        3848          272
        3852          232
        3854         8942
        3859         4066
        3863         2710
        3865         1876
        3867         5955
        3868         1705
        3870           68
        3871         1175
        3882          965
        3883         2815
        3885         5045
        3889           82
        3891          172
        3893         3073
        3894           54
        3895         5397
        3896          489
        3898         3898
        3899          448
        3900         2474
        3901         1629
        3902         8489
        3904          598
        3905         9137
        3907         2325
        3908          329
        3910           20
        3911         2953
        3917         1221
        3927           33
        3931          460
        3932           99
        3933          805
        3938         2235
        3941          555
        3944         4944
        3947         3211
        3948         1595
        3951          806
        3956          109
        3957         6949
        3959         5648
        3962          170
        3963         2575
        3972           44
        3977          398
        3979         9122
        3981         6791
        3986         7588
        3988         1548
        3989         7381
        3991          812
        3996         2475
        3997         1773
        3998         1366
        4000         1573
        4001           15
        4007         1388
        4008           73
        4011          541
        4014         2231
        4017         1046
        4018           40
        4019         1696
        4024          231
        4026           41
        4029          142
        4031          547
        4032          569
        4038         4563
        4039          186
        4043          407
        4045         4073
        4047         7401
        4049         2490
        4057         3392
        4058          250
        4063         7389
        4064           54
        4065            0
        4068          121
        4070           52
        4071          375
        4072         1126
        4076          833
        4077         3502
        4079         1318
        4086           61
        4087         2459
        4090           34
        4091         4189
        4095          487
        4097         2593
        4100          301
        4101         2206
        4104          191
        4108          908
        4109          328
        4111          297
        4113         4878
        4114         2583
        4115         1149
        4119         1454
        4120          139
        4123         2489
        4125           35
        4127         8626
        4132         1739
        4135         3364
        4139           16
        4140         1413
        4141           34
        4142         4151
        4143         2700
        4144          120
        4146           43
        4149          985
        4150         4022
        4156          811
        4159         3249
        4161         6794
        4163          161
        4164          445
        4167         2579
        4170          256
        4171         4673
        4172         1446
        4175           61
        4176         8556
        4177         3364
        4178          782
        4180         2426
        4181          646
        4183           26
        4184         1673
        4185         2507
        4187            2
        4188          556
        4191          154
        4192         4004
        4196         5124
        4197         6668
        4202         5398
        4203          162
        4204          296
        4207         3323
        4209         3539
        4210          802
        4213         5488
        4217         8298
        4219          209
        4221          138
        4225          457
        4226          849
        4229         6165
        4231          378
        4232         1268
        4235          139
        4237          179
        4238           69
        4239         1754
        4240         2940
        4241          696
        4243         1056
        4244         6990
        4248         3170
        4252         4252
        4253           60
        4256           11
        4257          130
        4258          125
        4265         3353
        4268           19
        4269           38
        4270          660
        4271          971
        4273         4635
        4274         2471
        4276         1026
        4278         2346
        4281          367
        4282          423
        4284         5238
        4285         7784
        4286          853
        4295         2125
        4296         5923
        4297         4949
        4298         4324
        4302         5046
        4303         3161
        4305          577
        4309         1975
        4310         7992
        4311          222
        4313         5046
        4316            3
        4317         2659
        4318           33
        4324           92
        4326         4328
        4327         5044
        4328           63
        4331         1170
        4337         4770
        4338         4838
        4348         4680
        4349           60
        4350         3225
        4351         8657
        4352          103
        4354         1392
        4356         3167
        4358          114
        4359          359
        4362         1046
        4364          157
        4368         3365
        4370          218
        4374         3617
        4378         1162
        4383           35
        4386         2817
        4390         1132
        4393         6866
        4400            1
        4401          329
        4402         5357
        4403         1865
        4408         5085
        4411          220
        4412         1762
        4416           28
        4421         7984
        4426         2053
        4427         4209
        4429           73
        4430           59
        4433         1558
        4438         4662
        4439          600
        4441         4766
        4447         2680
        4448            8
        4451         2598
        4454         1936
        4456         4525
        4457          321
        4459            2
        4464          213
        4465          496
        4473         1010
        4476           31
        4477           19
        4479           13
        4482         2194
        4484          696
        4489            0
        4491            0
        4492         1132
        4493          410
        4496         3510
        4498         2006
        4499          656
        4500         4674
        4503          411
        4508         3721
        4509         5840
        4511           95
        4513         4449
        4514         7808
        4515         4520
        4516         3897
        4518         3177
        4519         2904
        4522           18
        4524           14
        4529          903
        4536           40
        4537          328
        4539          210
        4543         7266
        4544         2605
        4545         3998
        4552          291
        4553          765
        4555         3743
        4558          992
        4565         5281
        4566          383
        4569          306
        4570         3564
        4571         1960
        4573          423
        4576          442
        4578           22
        4588         2377
        4589         3478
        4592         5265
        4597         1333
        4599         1475
        4600         3039
        4601          764
        4606          638
        4609         3335
        4614         1495
        4615         5011
        4616          170
        4617          407
        4623         1108
        4625         3905
        4626          683
        4628         2248
        4631           42
        4632         6433
        4633          200
        4639         3272
        4644          241
        4647         2115
        4655          246
        4657          196
        4659           22
        4660         3825
        4665         6114
        4667         1801
        4668         1215
        4670         2460
        4672           10
        4674         2917
        4675          535
        4677         1857
        4678         2088
        4679         4655
        4681           69
        4686          897
        4687          929
        4689           39
        4692         6174
        4693         3492
        4695         1551
        4698           25
        4699           74
        4700         2291
        4702         4099
        4703         2053
        4705         1109
        4707         3902
        4715         5171
        4716         8543
        4720         5504
        4722         2663
        4728          181
        4731         2341
        4733         5931
        4738         2609
        4739         5484
        4743         3074
        4745          880
        4752         6025
        4759          137
        4761         7704
        4762          300
        4763          218
        4766            0
        4768          171
        4772         4948
        4774         1933
        4780          623
        4784          217
        4786         1199
        4787         4952
        4788          424
        4789         2726
        4791         5278
        4792         6158
        4795         2821
        4798          546
        4799         1403
        4800          710
        4803           68
        4808         2589
        4810            5
        4813           95
        4815         2506
        4817         3439
        4818         2807
        4823           75
        4828           25
        4829          272
        4830           25
        4832           13
        4833         1451
        4834         4182
        4837           39
        4838         3452
        4841           17
        4847         2476
        4851          394
        4852         4541
        4854         4551
        4855         8872
        4857         8644
        4858         2476
        4859           26
        4861           86
        4863         3648
        4865         8757
        4869         8938
        4870         7074
        4873         3654
        4878          394
        4880         5648
        4884         7347
        4889         4600
        4892         8606
        4893         1143
        4895          588
        4896            1
        4897           76
        4899           34
        4900         3329
        4901           60
        4902         3845
        4906          633
        4907          336
        4909         1430
        4916           92
        4917          144
        4918         3529
        4922         7672
        4931         5687
        4939            0
        4943          163
        4949         5567
        4950         4057
        4957          667
        4961          924
        4962         4101
        4963          883
        4964          385
        4967         1076
        4970          388
        4983          391
        4984         1093
        4985         6617
        4986           16
        4989            6
        4992         1659
        4993          370
        4998         4957
        4999         2170
        5000         1094
        5004         2796
        5005         1405
        5006            8
        5007         5311
        5016          469
        5023           76
        5030         7861
        5032          206
        5034         7127
        5042         1403
        5043          144
        5045          310
        5047           17
        5051         1328
        5053         3690
        5054         7157
        5055         1518
        5057          199
        5059            5
        5062            1
        5065         2363
        5067          262
        5071         5258
        5076         9113
        5077          175
        5079          118
        5083         1448
        5084         3597
        5089         3499
        5091         1123
        5095         1054
        5096          101
        5097         1678
        5104         7285
        5107         8444
        5109         1707
        5110          311
        5113         1536
        5116         5729
        5120         5050
        5126          990
        5129          747
        5133         2018
        5136         6011
        5137         8636
        5138          650
        5140          223
        5144         8351
        5147         6461
        5150            5
        5157          306
        5163          902
        5166         3179
        5169          241
        5171            5
        5177            4
        5184         2591
        5191         1946
        5193          594
        5196         3969
        5197          311
        5198          317
        5200          325
        5204         1060
        5205         4093
        5207          876
        5209           98
        5212         9049
        5215         2902
        5221         3063
        5236         3105
        5240           36
        5241         1927
        5242         7624
        5243         2018
        5244         4726
        5251         2609
        5253         3467
        5258          987
        5261           58
        5262         5945
        5267         5152
        5268         2213
        5269          386
        5270         1325
        5273         1886
        5274          517
        5275          800
        5278         4093
        5279         1854
        5282           48
        5293           92
        5295         1994
        5296           20
        5301         2771
        5302           34
        5303          577
        5309          179
        5312         5165
        5318         4681
        5319          652
        5321         2911
        5324          537
        5326          766
        5328           30
        5329          345
        5330         5225
        5338         6649
        5339          933
        5345           63
        5347         4487
        5355         4110
        5360         4573
        5365         8183
        5366          501
        5369         1944
        5370         1309
        5374           47
        5380          120
        5381         1576
        5386            0
        5389         1520
        5393         2103
        5394         2039
        5398         1606
        5399         3151
        5401          998
        5407            1
        5421         8954
        5423          291
        5432           95
        5434          306
        5435           17
        5439           56
        5441          216
        5443           81
        5446          971
        5447         1679
        5457         6563
        5463          100
        5464         2809
        5468          241
        5470          416
        5478         5922
        5479         3611
        5480         4945
        5482            1
        5486          219
        5488          367
        5489           63
        5490         2446
        5491         2890
        5493          598
        5494          875
        5499         1981
        5501          119
        5503          446
        5505         1840
        5507          179
        5508          427
        5509         2499
        5512         2746
        5515         5604
        5516           93
        5520         7096
        5523            0
        5531          775
        5534          393
        5535            7
        5537           41
        5547          571
        5551         8388
        5554         6022
        5559         2713
        5560         3545
        5563         2579
        5567         3902
        5569           74
        5571          902
        5575         1860
        5586            0
        5592          121
        5593         1353
        5597          908
        5601          373
        5602            5
        5605         8444
        5606         1328
        5612         1243
        5614         3493
        5615         1094
        5618          650
        5622          995
        5624            0
        5625         7267
        5626         4638
        5627           32
        5629          497
        5631         1171
        5634         2319
        5640         1387
        5651         2358
        5657         5616
        5672          471
        5673          135
        5676         1791
        5678         4304
        5680          102
        5683         7919
        5685           14
        5688          712
        5689         4454
        5693         7402
        5695         5311
        5696         7140
        5697         6200
        5702         6302
        5703         4227
        5704         1872
        5713         6896
        5715          244
        5716         5141
        5725         5996
        5726          664
        5727         1644
        5728         1067
        5730         3913
        5732         6623
        5733         5893
        5735         1981
        5737          207
        5739          213
        5742           91
        5744         2694
        5746         6344
        5747         4804
        5748            5
        5754            7
        5756         1883
        5758         6639
        5764          890
        5766           49
        5768          216
        5771         6463
        5772          518
        5775           36
        5786         1007
        5788          628
        5789           41
        5793         2459
        5799         4517
        5805          161
        5811         4403
        5815          402
        5820          672
        5826         2035
        5829         2193
        5840         6535
        5843          667
        5845         2726
        5850          474
        5852          173
        5855         2386
        5856          413
        5858           80
        5868         4766
        5869           33
        5871         4454
        5872          156
        5873          768
        5879          478
        5882            0
        5885         6077
        5886          258
        5888            2
        5890         2972
        5892         3252
        5893           87
        5894          448
        5895         1340
        5896          467
        5902           40
        5903         1700
        5915         1328
        5917           17
        5919          253
        5920         1162
        5928          845
        5931         6484
        5932         1197
        5934          722
        5944         9126
        5947         7812
        5952          333
        5954         2782
        5955         4241
        5956         3108
        5959         1110
        5961          331
        5962         2231
        5963          555
        5964           53
        5968         2699
        5971         3740
        5972         2065
        5973          126
        5975           31
        5977          290
        5980          622
        5981         6935
        5982         5739
        5990          301
        5991         1386
        5998           94
        6000         3324
        6004         6405
        6005          581
        6008         3746
        6011         3877
        6015         5790
        6020          409
        6023         6033
        6025         1171
        6028         3336
        6034           63
        6038           95
        6039           26
        6043          358
        6047         1805
        6054         3070
        6057         1850
        6071         1468
        6080         1149
        6084         1384
        6085         5926
        6087           28
        6092         4340
        6095           18
        6096         4421
        6097          665
        6099           62
        6100           78
        6101           59
        6103         8867
        6106          956
        6108          440
        6112            9
        6113         1029
        6114            0
        6115           18
        6128         6178
        6135         8480
        6143         5987
        6144         8759
        6146          372
        6147         3003
        6154         7573
        6155         6324
        6160           81
        6163         4430
        6164          295
        6168         2031
        6169         4499
        6174            0
        6179            0
        6193         2654
        6194         1456
        6196         2853
        6198           76
        6200          707
        6207         2766
        6214          109
        6215           62
        6220         1504
        6224          263
        6226         3915
        6227         1754
        6228          837
        6230           22
        6231          861
        6244          802
        6252         1428
        6257         3417
        6260           35
        6261         3521
        6266         6056
        6269           51
        6283          982
        6285         2161
        6287         1830
        6289          639
        6292         2543
        6295         2217
        6296         3260
        6299         6367
        6303         2872
        6311         3345
        6319          633
        6321         6369
        6325         5175
        6330           39
        6334          909
        6338          213
        6341          328
        6342         8735
        6344          623
        6346         1216
        6350         3809
        6358         7595
        6367           49
        6374           56
        6375          354
        6376         5383
        6379           26
        6380           24
        6381         2549
        6384           76
        6385         7887
        6389         1810
        6390          397
        6391           84
        6393          460
        6394         5593
        6396         2620
        6398         1514
        6402         5250
        6404           46
        6405         1353
        6407          501
        6412         4332
        6413           63
        6418         1909
        6421          223
        6428          252
        6429          132
        6434         2522
        6439         1216
        6440         4762
        6442         4940
        6444          577
        6445         2689
        6453         1620
        6455         3478
        6457          309
        6461         1685
        6462          171
        6464          211
        6466         2914
        6467          271
        6475         2049
        6483         4082
        6497         1244
        6498         3686
        6503         6719
        6504          751
        6505         1730
        6516           86
        6524         2990
        6528          223
        6534         3617
        6537         1963
        6540          528
        6542         1673
        6543          314
        6545          279
        6546         2853
        6547          647
        6548          616
        6551           38
        6558         7872
        6559         2080
        6560           89
        6566         1067
        6569         4482
        6570         2723
        6579         6592
        6580         8941
        6584          101
        6587            7
        6589          223
        6597         2591
        6598          154
        6600          236
        6603         6008
        6606          269
        6607          416
        6612         3861
        6613         5725
        6614          889
        6626            0
        6628          139
        6629         6845
        6635         1118
        6636           22
        6640           92
        6642           46
        6649          385
        6660           65
        6667         7155
        6670           40
        6672           12
        6673            9
        6675         1935
        6678         7353
        6680         2744
        6693         2356
        6694         6317
        6696          533
        6700         1023
        6706          119
        6711          253
        6715          451
        6717          294
        6733         2438
        6734         2205
        6735           26
        6736          119
        6743         1197
        6749         2583
        6757           59
        6768         1980
        6770          846
        6779         7911
        6780          614
        6785         1948
        6786         4057
        6787          360
        6788         2129
        6789         5129
        6791         1071
        6795          462
        6799         3329
        6802         3740
        6805         1015
        6811          301
        6820         5707
        6821         2435
        6828          356
        6837         6882
        6841         1239
        6852         1103
        6859          181
        6866          679
        6868         4335
        6869          450
        6870          338
        6875            5
        6878          647
        6881         5192
        6893         1205
        6900         6186
        6915         3016
        6918         4561
        6919         2138
        6922          592
        6925          151
        6928         1076
        6929           92
        6931            3
        6932         2132
        6936          309
        6939         1860
        6941         5999
        6952          656
        6953         2464
        6955         2987
        6960         5402
        6965         2807
        6976         1305
        6988         3142
        6990         5077
        6992          818
        6995         1788
        6996         3721
        6998         4402
        7003           93
        7006            0
        7018          832
        7019         1857
        7033          199
        7042         1045
        7046          999
        7048         1216
        7049         1023
        7050         3511
        7053         3297
        7056            0
        7058         1171
        7064          892
        7066          139
        7067         2849
        7078          453
        7080         5196
        7086         4313
        7088          854
        7089         3774
        7091          768
        7093         9028
        7094            5
        7096         3294
        7097         2200
        7098         2172
        7101          692
        7102          850
        7104         5166
        7118            9
        7128          665
        7130         2343
        7131           92
        7132         1825
        7135          335
        7137          692
        7138         5981
        7153         1210
        7154         7077
        7158          428
        7163         9008
        7173           38
        7176          374
        7180          150
        7181            7
        7183         3865
        7192           76
        7203         1696
        7208          637
        7214          351
        7219         1439
        7235          933
        7236         2888
        7247         3781
        7249          203
        7250         2036
        7254          929
        7259           19
        7264         6318
        7268           26
        7270           69
        7272         6256
        7280         4020
        7281         6445
        7286          241
        7287         2717
        7294           81
        7297            0
        7299          287
        7302            7
        7313          519
        7314            0
        7318         1153
        7341         4447
        7346          383
        7350         2298
        7351           47
        7352         3927
        7362          714
        7370         2200
        7372         2313
        7378         4431
        7380         2190
        7383         8123
        7386         1280
        7392         4221
        7396         5634
        7406          764
        7408         1534
        7411         8707
        7418          196
        7419          520
        7420          105
        7422          909
        7423          520
        7425          313
        7439         1684
        7456         1639
        7464         3963
        7470           75
        7474           89
        7480          976
        7481          599
        7484          154
        7487         4600
        7495          886
        7500          940
        7504           26
        7507         3112
        7510           24
        7520          803
        7522         6815
        7524         1323
        7530          110
        7538         5321
        7540          161
        7543          370
        7546          328
        7559         4500
        7564          738
        7568            7
        7570            0
        7572          416
        7573          774
        7576         2521
        7580         1266
        7591          103
        7597           25
        7599         2389
        7606          161
        7608          252
        7611           38
        7612            5
        7614         2765
        7616         2854
        7617           94
        7624            1
        7625           44
        7641           43
        7646          917
        7649          100
        7650         1411
        7655          951
        7661         2640
        7663         4363
        7664         1683
        7665         6570
        7670          462
        7672         2036
        7673          274
        7674          321
        7677         3963
        7684         2869
        7693         8280
        7698         1860
        7701         6417
        7706          301
        7709         1543
        7710         5496
        7715          322
        7718          114
        7735         3130
        7738          356
        7741         8964
        7742          104
        7754         4699
        7757         3466
        7761          782
        7766          866
        7772         5502
        7774         6755
        7786         2507
        7809           32
        7813          464
        7816           46
        7823          800
        7826         2205
        7830          140
        7835         1193
        7837          583
        7839         4765
        7848         6161
        7849         1443
        7854           40
        7866          592
        7867           69
        7870          478
        7876         5766
        7880          744
        7881         5511
        7884         5900
        7890            5
        7893          818
        7896            8
        7899         2946
        7900         3907
        7901           37
        7902         5121
        7903         8348
        7915           47
        7916          327
        7936          463
        7937         2730
        7938         2458
        7941         2529
        7944          118
        7957         3015
        7960          415
        7984         7596
        7994          958
        8002         1209
        8013         1331
        8014          272
        8018            3
        8026         1401
        8037          204
        8042         9036
        8053          129
        8057         5781
        8060         8144
        8062         6124
        8063         2206
        8070         2471
        8083         7078
        8084          230
        8090          251
        8095         3392
        8101         2289
        8104            9
        8116         4909
        8120          837
        8131          455
        8132         8810
        8144         1439
        8148         1184
        8153         5227
        8159         9021
        8162          615
        8165         2506
        8166         6443
        8171         5047
        8175         1678
        8182         1209
        8189         3340
        8197         2198
        8201          432
        8204          161
        8205         5124
        8207          798
        8208         1439
        8212          555
        8213         7183
        8216          461
        8224          294
        8228            0
        8231         1253
        8232          230
        8238         6480
        8243         2406
        8244         1662
        8248           10
        8249         3464
        8258          383
        8262          134
        8263            0
        8269           26
        8270         5388
        8289         5502
        8291         1870
        8293         1393
        8304         2908
        8305            7
        8314         7343
        8315         1000
        8325         1334
        8332          747
        8335           17
        8342          156
        8347           13
        8386         3541
        8387         1427
        8388           69
        8405         4339
        8424           95
        8427         2899
        8432          986
        8439          334
        8441          728
        8442          378
        8451         2739
        8453         1015
        8465         4552
        8469           98
        8471          358
        8486         2316
        8499         3525
        8502         2826
        8503         4964
        8512         1278
        8546         1861
        8551         5748
        8556          751
        8557          912
        8558         6270
        8563          435
        8574          301
        8580          785
        8587           93
        8588           28
        8593          230
        8615           95
        8617          558
        8623            0
        8624          652
        8628          230
        8633         5729
        8635         5263
        8670         3863
        8673          180
        8684           79
        8697         5909
        8699          872
        8705         3586
        8706         3665
        8722         4859
        8724         1411
        8746          837
        8752         3214
        8773         1671
        8782          323
        8787         8129
        8792         1889
        8805         1024
        8811         4228
        8824           54
        8834         2864
        8837            2
        8838           91
        8870          893
        8872         2766
        8884         4277
        8886         3964
        8891            0
        8892           21
        8903         2342
        8919         5186
        8920          283
        8921           77
        8922         5656
        8927          241
        8930          254
        8941         1806
        8944         8503
        8967           18
        8973         3522
        8974          193
        8988           62
        8991         1147
        9006          186
        9007          322
        9022         3464
        9034          666
        9035           10
        9036           98
        9061         8909
        9078          137
        9098          588
