# HaloID(1) HaloID(2)
           0            0
           1            2
           2            1
           3            4
           4            6
           5            0
           6          267
           7            7
           8            8
           9           19
          10         5265
          11            0
          12          205
          13           13
          14           14
          15         2350
          16          117
          17           64
          18         2144
          19            0
          20          820
          21         2795
          22          897
          23           33
          24         6122
          25           26
          26          483
          27           27
          28           28
          29          168
          30            0
          31         2011
          32           31
          33          120
          34          255
          35           34
          36           36
          37         1396
          38           48
          39          459
          40         6860
          41           40
          42         2168
          43           44
          44            0
          45           45
          46           48
          47          364
          48          722
          49         3404
          50          974
          51         2381
          52          373
          53         1097
          54          175
          55         3193
          56         2965
          57         4070
          58           62
          59         3203
          60         1997
          61          299
          62           67
          63           65
          64          541
          65           70
          66          386
          67         5178
          68          104
          69         5925
          70          384
          71          472
          72           67
          73          230
          74           79
          75         3810
          76         1291
          77         8145
          78           85
          79           86
          80         1315
          81           84
          82         1037
          83          748
          84         5399
          85         3312
          86         8102
          87          265
          88          140
          89         1942
          90         1964
          91          354
          92          338
          93         6772
          94          997
          95           93
          96         1354
          97          206
          98            0
          99          235
         100          134
         101           77
         102         5265
         103          804
         104         7830
         105         4069
         106         2781
         107            3
         108           72
         109           12
         110           32
         111         1061
         112          277
         113         3160
         114          189
         115          105
         116         1424
         117          111
         118         5866
         119         4115
         120         1421
         121           40
         122         5519
         123         2230
         124         4702
         125          123
         126            0
         127         4036
         128          130
         129         1443
         130          112
         131         2189
         132         3590
         133           20
         134         1090
         135          402
         136           31
         137          327
         138          116
         139         1188
         140         7629
         141          711
         142          418
         143          774
         144          554
         145         1353
         146          146
         147          402
         148          286
         149          335
         150          202
         151         2122
         152          606
         153            0
         154         5685
         155          152
         156         6160
         157         2341
         158            7
         159         4759
         160         3150
         161         6609
         162         2553
         163           45
         164         1730
         166          156
         167          166
         168          632
         169          327
         170         7977
         171         5788
         172          924
         173         5012
         174         1444
         175         1517
         176          443
         177           15
         178          182
         179         5037
         180          285
         181         4386
         183         2041
         184           20
         185         1947
         187          945
         188          185
         189          737
         190         2727
         191         7530
         194         3129
         195         1120
         197          663
         198         1116
         199          426
         200          303
         203         3550
         204          198
         205           64
         206          208
         207         2010
         209         3081
         210         8156
         211          214
         212         1179
         213         5364
         214         2995
         215          203
         216          280
         217         2424
         218            8
         219         2782
         220          295
         221          154
         223          114
         224          439
         225         6578
         226         4208
         230         3279
         231          147
         232         1466
         233         2163
         234          898
         235          193
         236         1819
         238         1929
         239         6413
         241         1481
         242         1220
         243           14
         244         1958
         245           28
         246          176
         247           86
         248           54
         249         2021
         250         5470
         251           48
         252         2758
         253         1351
         254         4041
         255          104
         256          126
         257         2898
         258         3003
         259         5649
         260         2941
         261         6156
         262          579
         265         5503
         266         5380
         267         2262
         268         1115
         269         6025
         270          268
         272         1436
         274           58
         275         3408
         276         1074
         278         1821
         279          280
         280         2325
         281         3185
         284         1748
         285         2944
         286         1581
         287         1643
         288         2683
         289           26
         290           34
         291          295
         292         6420
         293          303
         294         2402
         297         4193
         298         1031
         299          767
         300         4233
         302         1621
         303           83
         304         2397
         306          925
         307          294
         308         5807
         309         2717
         313          500
         314          923
         315          313
         318         3362
         319          669
         320           32
         321         4369
         322           62
         323         6479
         324         3054
         325         4085
         326         4254
         327          254
         329          820
         330         6196
         331          338
         333           69
         334         3877
         335           33
         337         5316
         338          850
         339         2169
         340          178
         341          494
         343         3543
         344         2209
         345           20
         346           27
         347         3592
         348          245
         349           23
         350          369
         351         2069
         352          370
         353         4803
         354          357
         357            0
         359         3085
         360          183
         361           81
         362           38
         363         8095
         364          468
         365          358
         366         5123
         367         4073
         369         2138
         370         3091
         371         4630
         374         2350
         375         4010
         376          168
         377           16
         378            8
         379          385
         381         2822
         382         1275
         383         1665
         384         1001
         386          400
         387          819
         389           74
         391          381
         392         3033
         393         3148
         394         1192
         395          123
         396         3194
         397           36
         398           34
         399         2908
         401           40
         402         8243
         403           36
         404          447
         405         3411
         406         2750
         407         3601
         409          135
         410         4397
         411         3943
         415          422
         416         2478
         417         6365
         420         1433
         421           35
         422          188
         423          898
         424           27
         425         1203
         426          199
         427         6299
         428          876
         430          430
         432         2898
         433            0
         435         1740
         436         3852
         438         1528
         440         6010
         441         2070
         442          671
         443         1897
         447           13
         449          451
         450          774
         451         5799
         452          150
         454         1883
         455          270
         456         4594
         457         3605
         461         8038
         462          421
         463          464
         464           13
         466          708
         467          903
         469          974
         470          126
         472          478
         473          140
         474          165
         475         2433
         476         4902
         477          975
         478         4836
         479          233
         481         2003
         482         7274
         485          220
         487           67
         488          426
         489          202
         490           68
         491         7340
         492            4
         493            3
         494          494
         495         2227
         496          458
         498         4150
         499         1887
         500          913
         501         1847
         502         4069
         503           67
         504          967
         505           46
         508          185
         509          910
         511           55
         512         7536
         514         1285
         516         1342
         517            0
         518         4788
         519         1384
         521          722
         522         2149
         523            3
         524         4097
         527         2003
         532         8189
         534          567
         535         4346
         536         2750
         537          412
         538           39
         539          545
         541         2588
         543          109
         544         3374
         545         1345
         546          823
         547          942
         548         2011
         549         3376
         550         1950
         552         1861
         553         5429
         554           27
         555          557
         556          918
         557         3391
         558          559
         560          147
         562           54
         563          176
         564         1533
         566         1401
         573         6243
         574         4317
         576         5515
         577         6385
         578           57
         579         1114
         581         1577
         582           28
         583         3016
         584          587
         588         2374
         589         1657
         590           39
         592         4464
         593          585
         596         2310
         599         5399
         600          387
         601          601
         602         1625
         604         6878
         606         1874
         608          627
         609         2312
         610         1800
         611          679
         613         8229
         614         2306
         616           44
         617         2611
         618          282
         619          615
         620         5817
         621           11
         623         1522
         624            9
         626         1830
         627         7113
         628         2537
         629         3025
         630         1784
         632          117
         633         2362
         635         1310
         636           77
         637         2140
         638         2730
         639          679
         641         6014
         642         3196
         647         2374
         648          146
         650         1513
         651         5602
         652          591
         653         4456
         654         2245
         655          435
         656           80
         659          179
         661          233
         662           21
         664           69
         666          846
         667         1502
         668          463
         669          516
         670         2965
         671          128
         672          597
         673         3211
         674          904
         675         1233
         676          257
         677         2056
         680          792
         681            6
         682           81
         683          120
         684          996
         685         1446
         688         6747
         689          667
         691          146
         693          174
         694            4
         696          178
         697         1187
         698          724
         700         8084
         701         1386
         703         5343
         704         2594
         707         2534
         708         2656
         709          480
         710         2209
         711         2969
         712          251
         713           84
         714         5675
         715         2641
         717         5294
         721          352
         722          227
         723          305
         724           79
         725         2067
         727         3247
         728          624
         730         2344
         731          486
         733         1577
         734          524
         735          504
         737          483
         738          271
         741         1334
         742          777
         744          214
         745          911
         746          521
         747           75
         748           74
         749         6829
         751         5454
         754         6740
         755          266
         756         1732
         759         1106
         760           74
         762         3702
         765          947
         766          123
         767         1249
         768         2779
         770         1766
         771         4594
         772         5273
         778            1
         779         1491
         780           45
         781           12
         784          548
         786           20
         788          798
         789          120
         790          822
         792          180
         793         5443
         795            6
         796          533
         797           77
         799         5360
         800         1611
         801         2729
         802          422
         805           39
         806           67
         807         1645
         808          821
         809          739
         810          712
         811           28
         812          811
         813         1429
         814         2944
         815         2011
         816         6531
         817         6174
         818          309
         820          985
         821          332
         822          898
         823          854
         825         4232
         826         1442
         828          711
         830          301
         832         2312
         833           12
         835         3890
         836         3864
         838         2312
         839          492
         842            1
         844         3671
         846         1366
         851         1224
         852           81
         854           88
         856         5536
         858          385
         859          180
         860          391
         862          792
         863          227
         864         1094
         866         2140
         867          732
         869         4126
         870         1165
         871         2875
         874         7046
         875         5251
         876           84
         879         6004
         884          401
         885         6383
         886         4091
         888          626
         889         4705
         891         2524
         892          596
         894          270
         895          480
         896          903
         899          184
         900           60
         901          111
         904            7
         905         1766
         906         5543
         907         2711
         908         3756
         909          553
         910          335
         912         4359
         913         3947
         914         6185
         916         4388
         917         2460
         918          910
         920         2369
         921         4560
         922            2
         924          861
         925           82
         926         4349
         928          189
         929         2123
         933          797
         937          169
         938         4235
         940          326
         942          283
         944         3681
         946          758
         951          630
         953           39
         954         2990
         956          409
         958          717
         959         3063
         963         5195
         964          395
         965         3669
         967         1152
         970          303
         971         3802
         972         7527
         974         5303
         975         1144
         977         5925
         979            7
         980         5489
         981         2732
         982         3890
         985          161
         987          540
         989         1334
         991         1215
         993          365
         995          686
         996          737
         997         4056
         999         1494
        1000          321
        1002           24
        1003         4155
        1006          145
        1007         1077
        1008         4464
        1009          329
        1010         2790
        1013          486
        1014           67
        1016           32
        1017          440
        1020         5147
        1021         8145
        1022          261
        1024         1726
        1025          146
        1026           72
        1029         4072
        1032         1881
        1034         1936
        1037         1836
        1039         1199
        1041         2480
        1044         3766
        1047         1003
        1048          489
        1049         4956
        1050         2432
        1051          140
        1053          105
        1055         2431
        1056         2457
        1058         6268
        1059         1102
        1061         6545
        1063         3625
        1064         1113
        1068            7
        1070          260
        1071         1768
        1072         1016
        1074          358
        1075         2522
        1076          748
        1078         6010
        1079          583
        1080         5821
        1081         1988
        1083         7780
        1084         4401
        1086          277
        1087         5997
        1088         4611
        1089          924
        1096         5995
        1098         1189
        1100          444
        1102           89
        1103         6013
        1104         2262
        1106          832
        1107          137
        1108         1078
        1109         1373
        1110          121
        1111          266
        1112          657
        1113           71
        1116          668
        1117         2941
        1119          106
        1120         1103
        1122          204
        1124          120
        1125         2707
        1130           72
        1131          439
        1135          372
        1136          292
        1137          561
        1141          762
        1142         4191
        1144          561
        1146         4435
        1147          478
        1149           30
        1152         2927
        1157         1042
        1159         1800
        1161          864
        1162         1897
        1166         7310
        1167          385
        1170         2010
        1174         4415
        1175         2781
        1176          259
        1177         3518
        1179           48
        1180           87
        1182         2175
        1184           91
        1185         2508
        1186          109
        1187         2186
        1189           88
        1193         3533
        1194         1184
        1195          235
        1196           72
        1197           35
        1198          261
        1199           28
        1200           10
        1201          418
        1202          124
        1203           64
        1207         7149
        1208         2108
        1209         5849
        1211         4829
        1212         4289
        1216         1182
        1217          150
        1218         4082
        1220          595
        1222         2103
        1224         6199
        1225         3600
        1226           81
        1227         1354
        1229           59
        1233          894
        1234         4440
        1235          711
        1236          250
        1237          910
        1238         7869
        1241         4420
        1243          567
        1245         4034
        1246         1157
        1247         1231
        1248         6378
        1249         1621
        1250          162
        1251         1922
        1252         1708
        1253          109
        1256         8227
        1258         3810
        1260         8156
        1261         2005
        1262         1046
        1263         1652
        1264         2676
        1266         2534
        1268          617
        1270         1140
        1272         4386
        1273           97
        1274         4608
        1277         6689
        1280         1257
        1283          694
        1284         1351
        1285          544
        1287           67
        1288         3465
        1290          430
        1295         6231
        1296           98
        1297          257
        1298         2963
        1299         2115
        1301          295
        1302         2466
        1304          235
        1305         5009
        1307          321
        1310          790
        1312         2262
        1313          140
        1315         4473
        1322         3506
        1324          841
        1327           97
        1328         3863
        1330         1031
        1332         2467
        1334         8187
        1337          479
        1338            8
        1339          332
        1341           70
        1342         2195
        1343          599
        1345         7769
        1349         5396
        1351          245
        1356         1167
        1357         3729
        1358          778
        1359         3872
        1360          889
        1362          174
        1364          784
        1367         1451
        1369           36
        1371          666
        1372         1156
        1374         2574
        1376          161
        1378          156
        1383         5883
        1385         1479
        1388           98
        1389          123
        1390          761
        1392         2148
        1393         8250
        1396         3153
        1398         4201
        1403         3003
        1404          570
        1406           15
        1407         5292
        1409          975
        1410          370
        1412            7
        1413         3324
        1416          146
        1418           22
        1419           19
        1422            0
        1425          660
        1426         1332
        1427            1
        1428          245
        1429          573
        1430          846
        1431          261
        1432            2
        1434          192
        1437         5335
        1438          165
        1440         5196
        1442          229
        1443           70
        1444         4251
        1450         5497
        1452         1521
        1454           92
        1456          264
        1457         6737
        1458         1183
        1461         1187
        1466          682
        1467          595
        1469         4411
        1470          886
        1471         1322
        1476         4702
        1478            2
        1484          757
        1485         3628
        1486          328
        1489          181
        1492          173
        1493          661
        1495           91
        1503            0
        1507            0
        1509         2758
        1514          854
        1515          150
        1516         1463
        1517         7055
        1519         3614
        1520          370
        1522         4476
        1525         3430
        1527         1976
        1531          386
        1540         4554
        1541           82
        1542           70
        1545           95
        1547           42
        1548          606
        1549          468
        1550          417
        1551          989
        1552            3
        1554         4592
        1556         1427
        1565          191
        1567         4519
        1570           43
        1572          387
        1573          257
        1574         2048
        1575         6397
        1576          126
        1577         6045
        1583          120
        1585           70
        1587         1364
        1589          387
        1592         3407
        1595           70
        1596          610
        1601           42
        1602         1188
        1603           20
        1604          993
        1605          852
        1607         6162
        1612          486
        1614          571
        1620          178
        1621         2750
        1625          216
        1626            6
        1631           97
        1632           16
        1633         1931
        1634         3683
        1637          925
        1638         5473
        1640          547
        1642           35
        1643          567
        1649         2181
        1652         1036
        1653          907
        1654         1249
        1655          102
        1657           59
        1658         3404
        1661           32
        1662          205
        1664         5326
        1666          686
        1675            7
        1676         5559
        1679           12
        1681          134
        1683            0
        1688           32
        1692          809
        1694         5123
        1702           71
        1703          996
        1704          221
        1705          736
        1706            0
        1709         4010
        1711         2765
        1712         2515
        1713         1575
        1714         2142
        1715         5706
        1717         1920
        1719         2719
        1720          195
        1723          141
        1724         1240
        1726          288
        1727         1743
        1729         1269
        1730         5395
        1733         1773
        1736         1740
        1737         4803
        1740         1422
        1742         4680
        1743         1997
        1745           96
        1748         1657
        1750         2905
        1751          254
        1752          356
        1753            0
        1754          929
        1755         1969
        1756            9
        1757          855
        1759         1564
        1760         5345
        1761          788
        1763         6077
        1764          377
        1765         1651
        1766          234
        1768            4
        1769         5952
        1772          146
        1773          393
        1778         1424
        1779         5037
        1780           22
        1781         1157
        1782          244
        1784          105
        1787         4081
        1789         2424
        1790         1643
        1792          403
        1793          707
        1794           13
        1799           41
        1800          337
        1803         4480
        1804         1770
        1805         1765
        1806         2233
        1809           63
        1811           36
        1813         6763
        1817          275
        1818         4435
        1820         2652
        1821          695
        1822          984
        1823          334
        1829         1764
        1830          500
        1831         1901
        1835         3791
        1836         1834
        1837         2524
        1838           62
        1839          188
        1845           54
        1846         5995
        1854           24
        1855         1794
        1858           32
        1861         2893
        1862         5955
        1863           69
        1864         1342
        1875         7989
        1876          598
        1880         1351
        1889         2491
        1892          482
        1894           69
        1895         2685
        1897         7199
        1899         5171
        1900          538
        1901         1269
        1904           67
        1906         1199
        1908         2465
        1911           88
        1912         1922
        1914           68
        1915           36
        1916         3275
        1917          118
        1919          151
        1921         3025
        1926          385
        1929         2578
        1931         2750
        1932         5126
        1933          123
        1934         1192
        1935          460
        1936         2685
        1937          186
        1938          942
        1941           58
        1942          204
        1943           53
        1946           48
        1947          295
        1948           77
        1949         2133
        1959         8272
        1961         1285
        1962          381
        1964         2048
        1965          107
        1967          622
        1969         1723
        1973          486
        1976          615
        1977           70
        1979          570
        1981          301
        1982         3715
        1987         2010
        1989          655
        1990         5872
        1992           48
        1995          601
        1997           28
        1998           63
        1999          611
        2003           86
        2004         1100
        2005           41
        2006           84
        2013          440
        2014          664
        2015          659
        2017            0
        2020         2982
        2021         2025
        2022          260
        2023          376
        2024         1367
        2026            5
        2030           17
        2032         4284
        2033          662
        2035         2117
        2037          172
        2038          335
        2039         2245
        2041         1849
        2044          264
        2052          130
        2055           35
        2057         2324
        2060          577
        2062         2423
        2063           32
        2064         1467
        2069          855
        2072           27
        2077         1362
        2082         3063
        2085         2578
        2088         2467
        2089         1468
        2090          898
        2091           91
        2094           82
        2095         4909
        2100          466
        2101         2157
        2106           39
        2108         2402
        2109         1771
        2110            0
        2112            0
        2115          252
        2117         2127
        2119           96
        2122         2905
        2124         1100
        2126           10
        2127         5077
        2128          102
        2130          126
        2131           75
        2132         1663
        2136          719
        2137         2795
        2139         1907
        2140         2782
        2143         2658
        2144          354
        2148         2575
        2150         1220
        2151            7
        2156          373
        2157         2806
        2158          281
        2163          924
        2167          802
        2168         1929
        2173          829
        2175            7
        2176          284
        2178          203
        2179         2340
        2180           41
        2183         3591
        2188         7227
        2195         3374
        2196         1407
        2197         1557
        2201         1075
        2202         1793
        2204          538
        2208         3240
        2209          929
        2210          224
        2212           88
        2213         1764
        2214           53
        2215            0
        2216           96
        2219         4590
        2225         2944
        2228         2192
        2229         3193
        2231          425
        2233          156
        2237          128
        2239         1059
        2240         4029
        2241         4152
        2244         5457
        2249          248
        2255           74
        2257         2257
        2262         4696
        2266         2110
        2267          104
        2274           49
        2276          630
        2277         2685
        2284         2007
        2287         2133
        2290         1290
        2292         2938
        2295         3015
        2297         1167
        2298         2431
        2299         2128
        2301           36
        2303          498
        2305          176
        2315          244
        2320          110
        2322         1321
        2323          309
        2325         3015
        2326         2289
        2330           19
        2331          384
        2334           37
        2336          275
        2338          547
        2344           48
        2345          223
        2348         1291
        2350          216
        2351         1281
        2355           78
        2358           63
        2360         2221
        2363         1854
        2370          594
        2375           37
        2376         3039
        2377         3483
        2379           85
        2380         5579
        2381         1907
        2384         4096
        2390         1402
        2391          293
        2393           28
        2394           52
        2396         4027
        2400         5781
        2404         7533
        2405          169
        2406           41
        2409         1354
        2410         2370
        2414          109
        2415         5515
        2422          439
        2424         2071
        2432          195
        2436          228
        2438          112
        2439          736
        2440         2291
        2441           48
        2442          189
        2443          975
        2444         2430
        2446         2177
        2449         3360
        2450          753
        2452         1773
        2454         5083
        2457         1753
        2459         1483
        2462          591
        2465           87
        2466         3147
        2469         5439
        2470         1192
        2472          221
        2473         3863
        2476         1964
        2480          772
        2482         2680
        2484         3012
        2485          248
        2486          577
        2487          187
        2489         1415
        2491          357
        2493          115
        2494          387
        2495          323
        2498          549
        2499         2543
        2504         3429
        2509         6907
        2512         7121
        2516         2618
        2517         2080
        2518         2306
        2521         3885
        2526         1160
        2527          553
        2528         1508
        2531           67
        2533          477
        2544         2697
        2545         5034
        2546         2697
        2548         3913
        2549          186
        2550         5536
        2552          233
        2555           10
        2556           68
        2561         2549
        2564         5514
        2565           35
        2571         5499
        2574         2501
        2575          766
        2579          175
        2584            3
        2585          468
        2589          716
        2591         4716
        2593          409
        2594          937
        2595           21
        2597          934
        2598          308
        2600          731
        2605         1053
        2607         3132
        2608           17
        2611           47
        2612         2424
        2613          190
        2616         2578
        2617           63
        2618         2676
        2620           42
        2622          122
        2623         4705
        2624          819
        2625           15
        2626         4609
        2627         1520
        2630           13
        2640         5587
        2641         6760
        2642           43
        2644           32
        2650           48
        2653          922
        2655           27
        2656         2055
        2658         2570
        2659          774
        2660            2
        2661         3130
        2667         1543
        2668          513
        2675          748
        2676         5521
        2677           99
        2680           43
        2684           17
        2687           32
        2689          858
        2693         7263
        2697         1461
        2698         1716
        2704          227
        2706         2672
        2709          655
        2710         1157
        2711          914
        2713          458
        2715           68
        2716           32
        2722          270
        2728         1442
        2732          761
        2736           75
        2739         3384
        2744           16
        2745           46
        2747           48
        2749         5417
        2756         1319
        2759          521
        2760         1437
        2765         2757
        2767         3443
        2769         5425
        2771         3094
        2774         4945
        2775            3
        2776         2817
        2779         2941
        2780         1315
        2781         3673
        2793         3590
        2797          482
        2799          321
        2800          143
        2801           29
        2803         6079
        2808         2862
        2809         2970
        2810         1564
        2812         5949
        2813         5925
        2814         2862
        2815           15
        2816         2892
        2817          319
        2820           88
        2823         2782
        2833         1424
        2838          646
        2841          321
        2844          178
        2846           79
        2849         1613
        2850         1266
        2860         7058
        2864         6646
        2868          131
        2874           52
        2883          619
        2885           71
        2888         2367
        2891         1522
        2892          111
        2896          178
        2898         2938
        2899           79
        2901          102
        2903         5538
        2910          337
        2911         3082
        2916           82
        2920          247
        2929          251
        2933         3247
        2934         1507
        2935           50
        2936         3177
        2937          493
        2938          353
        2942         1187
        2948          553
        2951          250
        2956           29
        2957          146
        2958         2105
        2961         2584
        2962         3588
        2963         3408
        2965         1682
        2966         1050
        2967          168
        2971         6158
        2972          176
        2974            0
        2975            8
        2979          412
        2981         2641
        2985          418
        2989           17
        2990          690
        2992          152
        2996         6722
        2999           96
        3000         2253
        3003         2905
        3007          464
        3008            0
        3015          123
        3016         1029
        3017         1173
        3019          114
        3020         3788
        3021          477
        3022           79
        3026           10
        3031         3051
        3034         7096
        3035           71
        3038         3814
        3047         3099
        3051         1173
        3055         1500
        3057         5724
        3063         1197
        3066         3303
        3070          102
        3073          267
        3074          221
        3083         4696
        3085          847
        3089         3918
        3091          731
        3095         3661
        3096          909
        3098          286
        3099          542
        3101            0
        3103         2501
        3105         2409
        3106         3673
        3112         5445
        3114           77
        3116           36
        3117           28
        3118         1443
        3119         3179
        3125          421
        3130          483
        3134         1206
        3139          547
        3142         2781
        3151         1028
        3154          593
        3155         3429
        3157          190
        3158          665
        3160          224
        3174           41
        3175         1479
        3176          206
        3179           27
        3181         1786
        3188          242
        3192         2808
        3195         1483
        3197          357
        3199          907
        3203           70
        3204         2467
        3209         1701
        3211           57
        3212           94
        3214         6917
        3216          346
        3217          242
        3220         6138
        3221           32
        3224          242
        3229         3973
        3234          356
        3236         4248
        3247          350
        3248         4954
        3250          685
        3257         4805
        3258         1351
        3259         1116
        3260           16
        3261         2067
        3263         2922
        3265         2103
        3272          366
        3277           25
        3278          742
        3281          475
        3293         3656
        3294          106
        3296          176
        3300         1003
        3305          653
        3313          103
        3315         4069
        3317           70
        3331         3360
        3332            3
        3335          109
        3336          864
        3337         3902
        3338         7442
        3340         3509
        3342         1143
        3343         2041
        3346           51
        3347         3711
        3358          227
        3360          942
        3363          220
        3366         1726
        3367          819
        3373           70
        3376         1133
        3378         1931
        3380          400
        3383          855
        3385          654
        3387         2671
        3394          131
        3395          293
        3397         7340
        3399          239
        3412           73
        3413         1469
        3416           77
        3417          114
        3418         1001
        3419          143
        3421         2412
        3434          151
        3436          691
        3438           29
        3447         5389
        3448          180
        3453         6773
        3465           25
        3467          157
        3472         4160
        3475            0
        3476          168
        3477         3424
        3486         1415
        3487         5047
        3492          599
        3495          934
        3497          252
        3498         1298
        3499         1407
        3503         1042
        3505           16
        3507          239
        3516         2351
        3520          627
        3530         3035
        3533          409
        3538          341
        3542          276
        3549         1056
        3551           53
        3554         5551
        3556          286
        3557         2988
        3561          954
        3565         5437
        3567         1178
        3570         2133
        3577          474
        3578         1004
        3579           43
        3590           25
        3593         2037
        3595          329
        3599         3904
        3601         3454
        3604          143
        3607         3397
        3608          974
        3609         1301
        3614          557
        3616          864
        3619          187
        3620          719
        3623         6800
        3626           84
        3627          404
        3630         2216
        3631            2
        3637            9
        3640            3
        3645         4821
        3648         1465
        3650          144
        3651           50
        3652         2258
        3655          178
        3661          937
        3662          337
        3667          802
        3682          555
        3683         5973
        3684          909
        3687         5991
        3688         2341
        3689          329
        3690            7
        3704         2634
        3705         1421
        3711         2855
        3713         1714
        3716           13
        3723          184
        3725          444
        3729          777
        3740          439
        3741          195
        3747          264
        3748          237
        3753         2588
        3755         1037
        3757         1556
        3760         5520
        3765         2891
        3766           41
        3767         2501
        3769         2558
        3777           19
        3785           24
        3789          576
        3803          614
        3805         2672
        3806            7
        3807         1361
        3810          288
        3811         3074
        3814           27
        3817          509
        3826         1793
        3833         5365
        3838         2845
        3841           71
        3846         1973
        3855          114
        3857         1662
        3858          910
        3864          346
        3865           43
        3875          176
        3878           92
        3882           86
        3883         4569
        3887         6056
        3889            1
        3892           34
        3893         4829
        3901           74
        3902          579
        3904          239
        3905         1771
        3909          260
        3917         3474
        3919         2976
        3923           64
        3924          190
        3930         2562
        3931          541
        3932          664
        3936           14
        3938            0
        3943         3459
        3944         2259
        3948            3
        3949          664
        3950         6236
        3951          752
        3953          279
        3954          146
        3956         1421
        3964         5360
        3970         1765
        3978          837
        3981          792
        3995          417
        3997           70
        4007         5527
        4011         4676
        4012          498
        4028         5591
        4029           15
        4030          107
        4039          300
        4042         3283
        4046         3714
        4048            1
        4049          521
        4053         1443
        4057           96
        4063           12
        4068          864
        4070         1827
        4072          102
        4087          494
        4092           32
        4097          479
        4099          245
        4109          132
        4110          122
        4111          401
        4115          929
        4117         1794
        4119           55
        4121          912
        4122         6476
        4124         1999
        4126            0
        4129          488
        4132          342
        4134            1
        4135         1257
        4145         5501
        4147          413
        4149          468
        4155         4909
        4159          660
        4165         2889
        4167         2180
        4169         5679
        4170          933
        4176           23
        4178           64
        4180            3
        4186            6
        4187           70
        4194          517
        4198          349
        4202            4
        4204          519
        4205         6882
        4206         3347
        4207          233
        4217          129
        4218          175
        4219         4613
        4227         2239
        4228           34
        4229         2373
        4234         2786
        4235         1658
        4240         3006
        4245         1705
        4252          114
        4253         1019
        4256          826
        4264         3918
        4265         2138
        4266           87
        4268         2261
        4271           44
        4275         1241
        4279           36
        4282           10
        4283            7
        4285           37
        4288            9
        4295         2445
        4298          888
        4301          550
        4308         1701
        4311           15
        4313         1446
        4319          260
        4320         6413
        4324          396
        4325           20
        4336         1031
        4344         3943
        4363          458
        4365         1173
        4367          288
        4369          208
        4371         1567
        4376         2440
        4377         1835
        4378          197
        4382         2965
        4383          279
        4385         2260
        4387         1018
        4389         1923
        4393          108
        4395         1587
        4397         8267
        4398         1676
        4400           59
        4401         2171
        4402         3959
        4403         3646
        4407          353
        4410         1521
        4423         3935
        4427            3
        4428         1299
        4430           58
        4433          135
        4434          664
        4436          706
        4441          876
        4447            6
        4448         5881
        4450          244
        4454         7572
        4459          918
        4461         2117
        4463           27
        4467           81
        4473         1163
        4474         3005
        4475         3303
        4477         4005
        4479           68
        4487          494
        4490         3358
        4491          148
        4492         1366
        4493          762
        4496            5
        4502         4211
        4506          233
        4511         3768
        4515           32
        4519         4079
        4529          299
        4533           91
        4534            2
        4536          132
        4541         2145
        4544          190
        4545          829
        4546         7974
        4550            0
        4551         1161
        4556            5
        4557         1234
        4558         2003
        4566          169
        4568         1976
        4575         5818
        4577         4333
        4582         5973
        4583           16
        4584         3596
        4585         1483
        4591          393
        4593           53
        4603         5521
        4605           34
        4607         3068
        4608           87
        4615           36
        4619         1111
        4621         6754
        4637          120
        4641          309
        4642          520
        4644          103
        4656          782
        4660          165
        4663         2872
        4667          819
        4668            9
        4673          157
        4676            1
        4685          247
        4692           41
        4695          132
        4699          255
        4700          369
        4701          231
        4716         1061
        4724           19
        4732            0
        4737         1284
        4764           27
        4766         6940
        4774         1876
        4780           99
        4781          961
        4783         2747
        4784         3550
        4791            3
        4794         5382
        4797         3143
        4800          173
        4804           27
        4805          608
        4809           59
        4812         2076
        4820         5027
        4823           75
        4831          164
        4836         5616
        4837           72
        4841         1059
        4842          913
        4843         5579
        4851          653
        4854          772
        4861         1234
        4863         3305
        4870         3707
        4872          930
        4873          319
        4876         3302
        4877          547
        4879         3399
        4881          418
        4895         3217
        4898          136
        4903          231
        4906         3348
        4911          165
        4916          346
        4918         2239
        4921         3098
        4922         2175
        4923         3354
        4927         5821
        4932          732
        4936         4578
        4937         2172
        4938         1964
        4941          289
        4946          143
        4948          655
        4950           75
        4953         4696
        4956           24
        4963          144
        4976          773
        4978         3980
        4980           28
        4981           87
        4987         1247
        4990         4912
        4992          208
        4993          635
        4997          107
        5000          761
        5001         1749
        5032            6
        5033           16
        5034            8
        5042         3527
        5050          622
        5054         5884
        5059           44
        5060         1571
        5061         6108
        5064          245
        5069            6
        5092         4552
        5094          954
        5096          113
        5103         2369
        5108          153
        5110          169
        5112           67
        5124          890
        5131           17
        5137          106
        5140         5183
        5141          520
        5143           26
        5144            9
        5157           50
        5162          231
        5163          297
        5169          468
        5170          327
        5172         1162
        5173         7010
        5174         3492
        5175          836
        5177           57
        5186         2424
        5188          468
        5197         3361
        5198          489
        5201         4226
        5207          137
        5208         1539
        5213           44
        5218          227
        5221         5995
        5223           11
        5225            0
        5227         1766
        5228           12
        5233          245
        5238           48
        5258            0
        5263           52
        5279          321
        5290          248
        5293           23
        5298         5989
        5301            6
        5307         4314
        5310          147
        5313            8
        5317         1705
        5323          129
        5327          438
        5332         1835
        5336          632
        5340         2891
        5343          858
        5347          292
        5359          103
        5366          754
        5371          620
        5372          216
        5375         3143
        5376         4378
        5383           23
        5386         1285
        5394         5588
        5397           58
        5402         1619
        5403          189
        5411          929
        5412         1766
        5419         7270
        5422          692
        5425          244
        5428           71
        5430         8294
        5437         1215
        5442         1028
        5456          153
        5460         6539
        5467         2678
        5469          132
        5472           36
        5478         2866
        5483          100
        5494         7816
        5497          281
        5500           42
        5503          403
        5506         4903
        5508         1434
        5515           67
        5519           10
        5525          268
        5535          176
        5537          913
        5538         5445
        5539           22
        5542           37
        5543         5710
        5547          189
        5558         1037
        5559            7
        5564          231
        5567         1850
        5573         2973
        5578           52
        5581         5005
        5588           16
        5593         1145
        5595         2915
        5609         2335
        5611         3096
        5615           75
        5616          911
        5619          214
        5620          202
        5621          925
        5628         1636
        5633            4
        5636         7673
        5649         3094
        5657         7586
        5660         2685
        5661         5195
        5670          604
        5678         3275
        5680            7
        5685         4388
        5692          990
        5693          331
        5704           32
        5716           82
        5718          789
        5720            0
        5727         7971
        5733           89
        5746         4590
        5751         2561
        5759          935
        5764           17
        5772          889
        5774         1278
        5775         4644
        5778          557
        5779          734
        5781         4948
        5789          266
        5797           57
        5798         3299
        5803         1818
        5804           18
        5807          606
        5808            4
        5814         3943
        5820         4069
        5828         3734
        5829           12
        5836          974
        5839          216
        5840          614
        5841         4387
        5850         1852
        5852         3864
        5858         5097
        5864         1999
        5875          480
        5877         1457
        5880         1725
        5886          632
        5889          157
        5903          925
        5905         1830
        5906          421
        5907           21
        5908         3836
        5916           12
        5919         1065
        5922           43
        5924          613
        5925         7972
        5926            1
        5935          632
        5941         5220
        5944         3983
        5968          300
        5972         6445
        5974         5675
        5975         2880
        5987         4785
        5988         1730
        5990         2181
        5998         2349
        6000           50
        6003         2117
        6007         1085
        6009         1890
        6015           17
        6022         1982
        6032          181
        6037            1
        6039         3401
        6055          413
        6057            1
        6067          357
        6090         1378
        6094           33
        6098         1336
        6101           16
        6103         1070
        6111           32
        6121          723
        6123          113
        6124         2969
        6129         8204
        6134         2010
        6138         3517
        6143         1324
        6144          120
        6162         5889
        6169          239
        6173           23
        6174            1
        6199         4052
        6209          667
        6212         1890
        6219           27
        6222         3959
        6224         6699
        6228          354
        6244            0
        6248         4073
        6251          414
        6258          121
        6263          685
        6267         3955
        6269          788
        6270         6140
        6273          522
        6304            0
        6309          786
        6310         6065
        6312         6757
        6316          260
        6319         3609
        6333         1260
        6334         4421
        6336         3050
        6348          300
        6357         2103
        6361         2003
        6367         2763
        6382            1
        6384         2062
        6392         3494
        6400          100
        6402         4695
        6403          346
        6405          288
        6412           47
        6414          418
        6436          120
        6441         1007
        6446          584
        6462          439
        6467          254
        6470            0
        6482           94
        6488          547
        6491           96
        6499         3204
        6501         1593
        6502         2264
        6503          121
        6505           80
        6526           12
        6530         2758
        6533          269
        6545         4540
        6548          192
        6550           59
        6562           28
        6576         1177
        6581         1213
        6585         5022
        6603          321
        6609            6
        6620          244
        6624          580
        6634         2209
        6635          695
        6640          182
        6645         2635
        6646         4528
        6660         6687
        6675         5597
        6680           97
        6695           37
        6700         1770
        6702         1177
        6708           68
        6710         2368
        6716          825
        6717          591
        6726         1056
        6742         1504
        6745           71
        6746         3429
        6750          227
        6761          335
        6772         1518
        6779         2272
        6781           32
        6785         2324
        6797         2642
        6808          744
        6821           47
        6827            4
        6830            0
        6839          163
        6842         2232
        6844           43
        6845          653
        6851          174
        6854           80
        6858          817
        6866          492
        6874          337
        6883         2671
        6887         1602
        6897         6431
        6906          301
        6909         3351
        6910            0
        6922         4755
        6924         2771
        6966           15
        6982          404
        6988          643
        7014           82
        7015         3750
        7020          135
        7051         2424
        7062          654
        7066           86
        7068         2835
        7071         2209
        7073            7
        7078         2334
        7095         8329
        7102           24
        7105            9
        7110          118
        7112          406
        7117          850
        7121         3521
        7130           91
        7137         5989
        7172         5813
        7177         7614
        7185         1258
        7187          140
        7197         5333
        7212            2
        7216            8
        7219          805
        7232          269
        7236         4229
        7237         2004
        7243         2414
        7250         1420
        7258          258
        7262         1336
        7297          187
        7315         7951
        7325         1324
        7329         1621
        7331          246
        7335         1149
        7339          707
        7378           24
        7381         3346
        7383           14
        7394         5796
        7398          343
        7400         1369
        7401         3214
        7434          616
        7460          143
        7491         5258
        7496            0
        7497         2889
        7506          117
        7520         1636
        7546           71
        7554           59
        7556          441
        7568          273
        7575            0
        7591          165
        7628         5747
        7636         3424
        7637          664
        7657          232
        7663            0
        7665         1248
        7671          567
        7675          901
        7700           58
        7703          558
        7706         6646
        7711          948
        7715           29
        7720          171
        7738          291
        7743          506
        7760          220
        7773          483
        7775          117
        7781          113
        7819          894
        7833         1991
        7835          101
        7837           58
        7857          366
        7880          580
        7911         2377
        7937         1739
        7947          137
        7964         3818
        7976            0
        7995          161
        8028         2401
        8034         3932
        8053         2496
        8060          450
        8063          562
        8065          934
        8075          734
        8082          522
        8122          260
