# HaloID(1) HaloID(2)
           0            0
           1            2
           2            1
           3            9
           4          119
           5            5
           6            6
           7            7
           8            9
           9         1148
          10         6687
          11           94
          12          113
          13           75
          14           14
          15          122
          16           16
          17         1671
          18           18
          19           19
          20         1285
          21          192
          22         1714
          23            0
          24           24
          25          844
          26           25
          27          785
          28           28
          29          299
          30          559
          31           30
          32         2418
          33          721
          34          660
          35         7032
          36           44
          37           37
          38          454
          39         8162
          40         8237
          41            1
          42           40
          43         6607
          44           48
          45         2053
          46           44
          47          343
          48         2148
          49         1623
          50           54
          51          383
          52         1178
          53         1434
          54         2463
          55         4551
          56          416
          57          730
          58          512
          59           60
          60         1958
          61         2996
          62           64
          63         2177
          64         4740
          65          117
          66          915
          67          193
          68         3951
          69            0
          70         2949
          71           46
          72           70
          73          396
          74          120
          75         3186
          76         3608
          77          489
          78           79
          79          147
          80         2179
          81         3737
          82          261
          84         3939
          85           35
          86          206
          87         6511
          88          158
          89         5708
          90         2510
          91          568
          92          582
          93           93
          94           96
          95          424
          96         2698
          97         2793
          98          100
          99          105
         100         7410
         101          317
         102         6433
         103         4482
         104          107
         105         3206
         106          396
         107         5892
         108          111
         109            0
         110          112
         111          208
         112          489
         113         1159
         114          111
         115          118
         116         2025
         117         1975
         118           68
         119          120
         120          600
         121          123
         122         2016
         123         5002
         124         3849
         125         2822
         126         3569
         127         4741
         128          278
         129         8697
         130            0
         131         8262
         132         1932
         133         1390
         134          134
         135          314
         136         1906
         137          138
         138         2411
         139            6
         140         6875
         141          141
         143         3108
         144          153
         145           28
         146          353
         147          140
         148          882
         149         2397
         151         5607
         152         5881
         153            0
         154         1322
         155          531
         156         9003
         157         8681
         158         4027
         159          151
         160          159
         161         6632
         162         6043
         163         7089
         164         4570
         165         5160
         166         1903
         167          168
         168           17
         169           14
         170          698
         171         1159
         172         2303
         173           40
         174         5457
         175         5077
         176            1
         177          547
         178          765
         179           28
         181         5705
         182         1229
         183           11
         184          169
         185         6028
         186         4539
         187            6
         188          198
         189         2356
         190         4608
         191           85
         192           68
         193         4704
         194         1842
         195         1940
         196         3486
         197         7025
         198           71
         199          791
         201         3212
         202          206
         203         2662
         205         1311
         206         2025
         207          203
         209         5002
         210            1
         211          220
         212         3403
         213         2169
         214         8444
         215         8000
         216         8977
         217         6181
         218           54
         219         4763
         220          212
         221          922
         222         3510
         223         1351
         224         1993
         225          223
         226         1119
         227          105
         228           42
         229         1169
         230          232
         231          231
         232          943
         233         4751
         234          233
         235         1472
         236         3070
         237         1879
         238          169
         239         3395
         240         1291
         242         5640
         243          243
         244         1274
         245         3102
         246           60
         247            0
         249          217
         250           28
         251          299
         252         3035
         253         2285
         254          258
         255         2153
         256         4674
         257          591
         258         4559
         259         1871
         260         1223
         261          830
         262         1146
         263         3197
         264         2383
         265          252
         266         2628
         267          169
         268         1210
         269          735
         270         2605
         271         3151
         272           14
         273         6870
         275         8118
         276         3773
         277         2803
         278         2139
         279         4836
         280         1316
         281         2213
         282          503
         283         4380
         284         2211
         285          550
         286           83
         287         5504
         288         7233
         289         4273
         291         2062
         292         2255
         293           75
         294          296
         295          541
         296            1
         297         2454
         298         5436
         299         1148
         301          297
         302          105
         303         2252
         304         4008
         305         7897
         306         1740
         308         6523
         309         6768
         310         1919
         311         2368
         312          304
         313          593
         314         2018
         315         2407
         317          355
         318           71
         319         2359
         320         3559
         321         4625
         322          379
         323         1346
         325         1848
         326         2041
         327         8367
         328         4148
         329         1193
         330         4923
         331          320
         332          333
         334            7
         335         1796
         336          793
         337          397
         338         1976
         339         1329
         342         5164
         343         7641
         344          520
         346          704
         347         7214
         348           22
         349          349
         350         8364
         351          339
         354           33
         355         5211
         356         1077
         357          614
         358           23
         360          359
         361         5101
         362          360
         363         2135
         364          365
         365         5041
         366         6347
         367         1538
         368          256
         369          773
         373         2525
         374         5335
         376         2010
         377          372
         378         4256
         379         1029
         380         2630
         381         3813
         383           22
         384         4477
         385          808
         387         3695
         388         6116
         389         1717
         390         7097
         392           12
         393          749
         394         4699
         395         2244
         396          288
         398         3477
         400         1122
         401          859
         402          390
         403         1574
         404         2174
         405         6367
         406         1559
         407          825
         408         7341
         411         5518
         412          411
         413         1115
         414         6514
         415         3190
         416          403
         417         2560
         418            0
         420         5253
         421         1891
         422          661
         424          933
         425         3192
         427         4245
         428         8965
         430         3333
         431         1749
         432         3323
         434         6767
         435          439
         436         1645
         437          182
         438          359
         442         1966
         444         3899
         445         2016
         446          435
         447         1694
         448         3849
         449          164
         451          192
         453            6
         455         1270
         456          469
         457           35
         458          147
         459         2794
         460         2053
         461         2645
         462          799
         464         2823
         465          463
         466          252
         468         1613
         469          466
         470           34
         471          302
         472          472
         473         1270
         474          508
         475          580
         476         3902
         478         4979
         479         1840
         480         4799
         481          372
         483         7144
         485         1098
         486         4356
         488          804
         489         5788
         490         2815
         491         3803
         492         1015
         493         2940
         494         1136
         495         5916
         496          114
         497          491
         498         5629
         499         7692
         500         4811
         501           48
         502          544
         503          505
         504         4180
         506         2894
         508          509
         509         2400
         510         5338
         511         5257
         512         2332
         513         1020
         514         8435
         515         8289
         516         7793
         517         7313
         520         1044
         521          939
         522         3574
         523         3324
         524         3558
         525         4195
         526         1316
         527         1393
         529         1923
         530           28
         533         3454
         534         8560
         535          555
         536         6488
         537          512
         538         1514
         539         7439
         540           68
         541         3849
         542         7100
         543          208
         544          813
         545          525
         546         4690
         547         4517
         549         4188
         550         1858
         551          404
         552         5507
         553         4112
         554         4755
         555         3713
         556         1835
         557         5493
         558         1165
         559          552
         560          613
         561         3151
         562         1645
         563          553
         564         5631
         565         5041
         566         3387
         567         5146
         569          639
         570         1383
         571          511
         572         1967
         573          570
         574         5139
         575          576
         576         6453
         577          573
         578         5524
         579          673
         580           15
         581          591
         582         1885
         583          193
         584         2260
         585          767
         586         8013
         587          583
         588          586
         590          584
         592         1353
         593         7270
         595         3327
         596          309
         599          646
         600         4068
         603           37
         604           32
         607         1210
         608         2885
         610         2461
         611         6207
         612         3655
         613           68
         614          619
         615         3962
         617         3393
         619         3974
         620         6776
         621           97
         622         2282
         624         5122
         625          206
         626         3141
         627         1298
         628           28
         629          589
         630         6809
         632         1215
         633         2310
         634         1361
         635         3695
         636          635
         637          105
         638           60
         640            6
         641         1549
         642          112
         643          937
         644          640
         647          311
         648         1035
         652         2344
         653          103
         654         3092
         655         4241
         656         5218
         657         1357
         658         3154
         659         1646
         660          656
         663         2164
         664         1987
         666          467
         667         2679
         669         6396
         670           47
         671         7262
         673         6846
         674         6589
         678           67
         679         2121
         680           22
         683         3216
         684         1285
         685           66
         686          721
         687          193
         688          113
         689         6730
         691           64
         692         4959
         695         1476
         696          517
         698          563
         700         2580
         703         2698
         705         2113
         706           66
         707            3
         708         5223
         709         3327
         710         2265
         711         6267
         712         1016
         714          707
         715          222
         716          373
         717         1428
         718         2006
         719         5886
         720         1563
         721         6354
         723         1566
         724          712
         726          780
         728           38
         729         5822
         730         6321
         731           28
         732          514
         734          678
         737         6705
         738          671
         740         5000
         741          735
         743         2934
         744          435
         745           27
         748         1377
         751           65
         752         5134
         753          168
         754         6502
         755         6299
         756         5599
         758           12
         759          255
         760         8927
         761         2715
         763          393
         764         3026
         765          783
         767         6262
         768         3908
         769         2619
         770          349
         771         7997
         772         1924
         773         2630
         774          208
         776         3051
         777         1421
         778           53
         782         1867
         783         1825
         785         6730
         786          770
         787         6312
         788          931
         789         3112
         790         1385
         791          115
         792         1849
         794          593
         795         2980
         797         3452
         798          193
         799          252
         801         6263
         805         5164
         807         1084
         808         4419
         809          136
         811         2991
         814         4741
         815         2742
         816         2842
         817         5890
         818           18
         819          819
         820         7736
         821         3964
         822         1282
         823         7038
         824          956
         829         3074
         830         3152
         831         3725
         832          229
         833          147
         834            7
         835         5547
         836          832
         837          116
         838           22
         839         5312
         843          838
         845         3074
         846          836
         847          449
         849         1353
         850         7214
         851          158
         856         5938
         858           41
         859           12
         860         4949
         861         1864
         862            8
         863         3432
         867         8101
         868          508
         871          872
         872         3096
         874          134
         875         2930
         876         2513
         877         7332
         879         7654
         880         6367
         883         1613
         884          543
         885          210
         886          888
         887         3048
         888         5052
         889         8125
         890         4148
         891           98
         893         5468
         894         4052
         895         7111
         896         3582
         897         3438
         898         8744
         901         2966
         902         1276
         903          895
         904         2521
         906         2469
         907          919
         908         6340
         909           79
         910          311
         911         1509
         912         8144
         913         4946
         914          322
         916         3935
         918         4824
         919          233
         920         4661
         921         1648
         922           40
         923           69
         924         3301
         925         2635
         926         6760
         927         4174
         928          952
         929          924
         931          279
         932         7386
         933           34
         934         8126
         935          938
         938         1104
         940         4647
         941          103
         942         4081
         943         5546
         945         6375
         947          955
         948         1933
         949          299
         951         4143
         953           12
         954         1721
         955          964
         956          232
         957          434
         959         6338
         960          219
         961         2275
         962         1035
         963         1256
         965         6439
         966         3499
         967           47
         968           34
         969         2631
         971         2944
         972          593
         973          337
         974         2558
         976           28
         978         8870
         980         5955
         982          142
         985         3293
         986          157
         987         3695
         988         8398
         990          997
         991         2684
         995         6551
         996         1159
         998          880
         999         2388
        1000         5536
        1002         3331
        1003          537
        1004         1075
        1006         4150
        1007         1003
        1010          325
        1013         1024
        1014          200
        1017          880
        1018         7185
        1020          674
        1021         2777
        1022         3129
        1023          119
        1024         1352
        1025           38
        1028         3495
        1031         4098
        1032          999
        1033           90
        1034         5425
        1035          553
        1036         1316
        1037           49
        1040         1857
        1041          373
        1043         3722
        1044          483
        1046         5235
        1047          108
        1048         7513
        1049         3240
        1051         3363
        1052           87
        1054         4261
        1056         3259
        1058         1065
        1060          208
        1062           39
        1063         2806
        1064         3074
        1065         4015
        1066         1694
        1067         7182
        1068         7924
        1069         2525
        1070          150
        1072         2172
        1073          598
        1074         6404
        1075         1060
        1078         1124
        1079         2297
        1080         7073
        1082         1295
        1083         6356
        1084         8179
        1085         3490
        1086         7173
        1087         1076
        1090           94
        1091         4504
        1092           16
        1093         3287
        1096          356
        1097         2281
        1098         1085
        1099         4922
        1100         9051
        1101          140
        1102         5343
        1104          309
        1105         1589
        1106         3336
        1108         2476
        1109         1398
        1110         1259
        1111         1129
        1112         5426
        1113         1339
        1114         1160
        1115          494
        1116          605
        1117         2492
        1120            6
        1123          454
        1124          613
        1125         6139
        1126          845
        1129         4484
        1130         8918
        1133           44
        1134         7305
        1135           46
        1136          435
        1137          886
        1138           33
        1139         6701
        1142         7725
        1143          586
        1144           71
        1146         8273
        1148          568
        1151         4176
        1156         1870
        1158         5886
        1159          448
        1162         3344
        1163         3600
        1165         1772
        1166          185
        1167         6716
        1168         5520
        1169         3683
        1170         2425
        1178         1370
        1179            1
        1180         1981
        1184         8687
        1185          219
        1186         1306
        1187         1192
        1188         1856
        1190         1390
        1192         1070
        1193         1212
        1196         2046
        1198         1380
        1199         4246
        1202         4856
        1206         5767
        1207         7851
        1208         1083
        1209         3498
        1210         3162
        1211         7792
        1212         1643
        1213         1088
        1215         2328
        1219         3774
        1220         1452
        1221         3024
        1222         4140
        1223          882
        1224          525
        1225         7880
        1227         2460
        1228         2717
        1230         1315
        1231         2680
        1232          187
        1233         3429
        1234         2171
        1237           18
        1238         3725
        1239          398
        1240         1863
        1241         1504
        1242         2506
        1243         3769
        1244         2326
        1245           11
        1246          120
        1247           86
        1250         2541
        1252         5569
        1253          653
        1255          126
        1256          564
        1257         3698
        1258         6543
        1259         5323
        1260         1034
        1261          248
        1263         1183
        1264         1309
        1265         8265
        1269          391
        1270         6845
        1271         7398
        1272           43
        1274          504
        1277            9
        1278         7023
        1279          676
        1280         1591
        1281         3192
        1282         1292
        1283         3578
        1285         1439
        1288          624
        1289         4585
        1290         5892
        1292         4159
        1295          271
        1298          278
        1301         5234
        1302         5194
        1304         1217
        1305         5609
        1306          157
        1308         3418
        1309          365
        1311         1256
        1312         1300
        1313         2108
        1314         7083
        1315         2990
        1317         6561
        1318          967
        1319         3849
        1320         1758
        1321         1283
        1322         1934
        1323         4356
        1325         1759
        1326         5278
        1327         2215
        1328         1673
        1329         1294
        1330           21
        1332         2983
        1333            0
        1334         3344
        1335         2043
        1336         4309
        1338         8699
        1339         3334
        1342          678
        1343         1344
        1345          145
        1348          737
        1350          672
        1351         1371
        1352         7101
        1354            5
        1355         1290
        1356         2736
        1357         1846
        1358         1966
        1359           69
        1360         1451
        1361         4641
        1362         1572
        1363          520
        1364         2976
        1365         1124
        1366         2868
        1367          213
        1368         8448
        1371         3395
        1374         2016
        1375         4260
        1376           21
        1380         5613
        1381         3216
        1383         1939
        1384           12
        1385         4740
        1386         7252
        1388          390
        1389         2043
        1392         1906
        1393         1394
        1395         1782
        1396          151
        1398          203
        1401         1417
        1402         4998
        1403          108
        1404          571
        1405          468
        1406         4088
        1407           32
        1408         2270
        1409         1415
        1410          431
        1414         7650
        1416         3761
        1419           80
        1420         6161
        1421          373
        1423         5788
        1424         2803
        1428         4378
        1430         5559
        1432         1564
        1433         2416
        1434         3395
        1435         6878
        1436          270
        1437         1806
        1438         1790
        1439         1445
        1441         9009
        1442         8201
        1443          931
        1444         1458
        1445           40
        1446         1773
        1449         8965
        1450          169
        1451          574
        1453         1535
        1454          197
        1455         5171
        1456         3513
        1457         2207
        1458          623
        1459          167
        1460         8834
        1461         5970
        1462         8335
        1463         3094
        1464         6179
        1465         1499
        1466          890
        1467         2101
        1471         8622
        1472         1247
        1473         3725
        1483          251
        1485         7742
        1486           90
        1487         2679
        1488          577
        1491         3120
        1492         5432
        1493          243
        1494         6910
        1495          298
        1501         5646
        1503          531
        1504         8721
        1509         1538
        1511         1638
        1513          838
        1516         1357
        1517            5
        1521         3031
        1523         7658
        1524          881
        1525           37
        1529          559
        1533         2021
        1534           79
        1535          892
        1538         1584
        1539         1468
        1540         5985
        1544          546
        1545         2323
        1546          717
        1547          438
        1548         5515
        1549         5826
        1552          383
        1554           22
        1555            7
        1556          244
        1557         2404
        1559         3938
        1560         2517
        1563          236
        1566         3585
        1569         1129
        1572         3460
        1573         4632
        1574         1571
        1580            6
        1582         6701
        1584         2823
        1585           24
        1586         1540
        1587          822
        1588         2662
        1590         3632
        1591          278
        1593         5925
        1596          198
        1597            2
        1599         7359
        1601         6785
        1602         1789
        1604          283
        1605         4103
        1607         2173
        1608          638
        1610         1604
        1611         3418
        1612            0
        1616         5223
        1617         4574
        1619         5915
        1620          510
        1621          372
        1622            7
        1623           21
        1626         3094
        1628         2904
        1629         2726
        1631         2075
        1633         1905
        1634         5424
        1636          929
        1638         1668
        1639         2974
        1640          170
        1644         4217
        1645         4393
        1647           14
        1648         1636
        1652         5033
        1653          681
        1654         4435
        1657         1650
        1658          193
        1660         2584
        1662         4575
        1666         7749
        1667            1
        1668         1794
        1672           93
        1673          583
        1674         2010
        1676         5079
        1678         2580
        1679         8034
        1680         2921
        1681         2804
        1683          337
        1684         2978
        1685         5113
        1686         1426
        1687         5937
        1689          182
        1692         4617
        1694         8698
        1695         1706
        1696         1075
        1698         1725
        1700           99
        1701           17
        1704         4740
        1705         8811
        1706         2582
        1708         8587
        1709         1577
        1711          737
        1712         2418
        1713         5327
        1714         6445
        1717          207
        1718         2823
        1722         4804
        1723         7428
        1730          278
        1733         6474
        1734         1679
        1735         4350
        1736         5667
        1738         3888
        1740         5077
        1741         2349
        1742         3457
        1744         1723
        1745          278
        1747         2563
        1748         7424
        1753         2525
        1755         2303
        1756          268
        1757         6774
        1759          698
        1760          399
        1761         8201
        1762          984
        1764         3749
        1765         5766
        1766         6328
        1770          151
        1772         1016
        1774           54
        1777         5237
        1779         1351
        1786         2859
        1789         1206
        1790          132
        1791          619
        1792         5626
        1793         7080
        1795         2804
        1797          665
        1798         8289
        1799          755
        1800         3423
        1801          901
        1803          491
        1804         1297
        1809         4551
        1811         1695
        1813          407
        1815         7958
        1816         8509
        1817         7663
        1821         5504
        1825          419
        1828           34
        1829         1790
        1831         4739
        1832         2805
        1834         1185
        1838         7049
        1840          804
        1841         1529
        1842         2924
        1843         3330
        1847         3094
        1848         2775
        1852         7821
        1856          922
        1862          550
        1863          907
        1866         1922
        1867         2795
        1868         5560
        1869          593
        1870         3712
        1871          673
        1872          426
        1873         4938
        1874          635
        1879         2915
        1881         2911
        1882         8302
        1883          831
        1890         2592
        1893         1618
        1894          612
        1895          349
        1898         5993
        1900         1793
        1904          426
        1905         8683
        1908          107
        1910         4571
        1911          994
        1913         2476
        1919            8
        1923         1100
        1924          196
        1925         6394
        1926         1827
        1929          781
        1932          344
        1933         1848
        1936         1429
        1937         2955
        1938         8481
        1939         3986
        1941          542
        1944         5905
        1945          594
        1946         6491
        1948         1306
        1950          707
        1951          200
        1952         2030
        1953         6387
        1955         1413
        1956         1879
        1957         1435
        1958          167
        1959         4175
        1960         1751
        1961         7082
        1962         2346
        1964          520
        1965         1974
        1966          665
        1967         1924
        1968         6906
        1970            0
        1972         6012
        1973         1322
        1974         1752
        1975          697
        1978         6094
        1980            9
        1982          189
        1984         4215
        1986          208
        1987         7246
        1993          221
        1995         6121
        1999            1
        2000           46
        2003         1983
        2004         3057
        2005         7617
        2006         4669
        2009          179
        2012         1293
        2016         6064
        2017         2285
        2018         3746
        2020         2459
        2021         2026
        2022         1689
        2025         1113
        2027         8659
        2029         2941
        2030         3359
        2031         3774
        2032         5815
        2033         9091
        2036         2022
        2037         7386
        2041            0
        2043         1024
        2045         3376
        2046           25
        2047          656
        2049          533
        2050         7393
        2052          386
        2053         3330
        2056         5379
        2057         5832
        2058         7378
        2061          553
        2063          310
        2065         8680
        2066           85
        2067           77
        2069         1532
        2070         4268
        2073          217
        2074         4465
        2075         1057
        2077          174
        2080          102
        2087         7677
        2089         2739
        2090          103
        2093         7133
        2094         6828
        2095         3477
        2098          636
        2099          908
        2101          111
        2102         1652
        2103          475
        2105         5400
        2108         1136
        2109         5121
        2111         2088
        2113           35
        2114         1393
        2115         7456
        2116         2567
        2117         2199
        2121         1929
        2122         4223
        2124          160
        2126         1190
        2127         4176
        2128         6842
        2131         4559
        2132           11
        2133         4129
        2134           18
        2139          768
        2141         3330
        2145         2106
        2146         1381
        2147         3605
        2148         3727
        2149         3277
        2151          954
        2152         6481
        2156         4920
        2158         2268
        2159            0
        2165         1451
        2168           78
        2169         1516
        2172          280
        2173          539
        2175         1591
        2176         5659
        2177         1825
        2180         5545
        2185         1157
        2186           60
        2188         4643
        2193          673
        2194          365
        2195         3379
        2197         5366
        2198         6312
        2202         3193
        2203         2174
        2206         6705
        2210         1511
        2212         1210
        2214         6147
        2218         4246
        2219         4772
        2220           68
        2222         3929
        2223           41
        2224         2189
        2225          382
        2228          432
        2231         2285
        2233         7546
        2234         3367
        2236          286
        2237         1700
        2241          154
        2243          594
        2244         1521
        2248         2513
        2249         1508
        2250         1538
        2254          919
        2256         1047
        2260         2885
        2261         2846
        2264         1108
        2265         6099
        2272           70
        2274         1618
        2275          265
        2276         8029
        2277         3406
        2278         2017
        2281         1820
        2282         7140
        2289         2197
        2293         1805
        2297          390
        2298         5556
        2299          147
        2301         7227
        2302          118
        2304         2399
        2305         6652
        2306         3105
        2308         4899
        2310          335
        2311           60
        2312            7
        2316          214
        2318         8901
        2323         3127
        2326         3789
        2333           49
        2334         2366
        2335         1993
        2336         1731
        2340         2265
        2342         2018
        2343           11
        2348         2974
        2350          379
        2352         2425
        2355          252
        2357         4625
        2358          231
        2362          151
        2363         1479
        2368          159
        2369         6511
        2371          128
        2373         7008
        2376         2364
        2377         2404
        2378          468
        2379         5212
        2381          895
        2382         1300
        2383         2341
        2385           60
        2386          258
        2387          641
        2389          993
        2390           93
        2391         2439
        2392         2344
        2394          752
        2395         3023
        2396         8609
        2397         2086
        2401          246
        2402          202
        2403         1469
        2404         1798
        2405         1553
        2410            2
        2412         4352
        2413         4611
        2415          505
        2416         4350
        2419         1572
        2421           70
        2423         5788
        2424         4834
        2429         8273
        2430           18
        2432         1951
        2433         5112
        2438         2690
        2439         2145
        2444         6922
        2447         8195
        2450         4111
        2452         7858
        2453           84
        2454         1240
        2456          752
        2457          541
        2458         3057
        2459         2592
        2460         2251
        2461         1687
        2465         2547
        2466           27
        2468         6774
        2471          193
        2475            6
        2476         3233
        2477         1683
        2479           33
        2480         6335
        2481         2448
        2482         8471
        2483         1208
        2486         3558
        2488         2541
        2490         4183
        2492         3745
        2495          999
        2496         6033
        2497         3789
        2498         1638
        2501          523
        2503         1292
        2504          538
        2506          639
        2509          215
        2514         4907
        2516          237
        2519         4197
        2520         3578
        2527         3133
        2528         2443
        2530         4982
        2532         1714
        2534         1090
        2535         3211
        2536         2434
        2539          534
        2540          689
        2541         1106
        2542          197
        2544         1725
        2545         2268
        2547         1146
        2550          153
        2552         4588
        2553         3520
        2554           91
        2557         8478
        2558         2344
        2562         1839
        2564         7701
        2565          901
        2566         4797
        2567           59
        2569         5065
        2570            0
        2572         6837
        2573         2949
        2580         2708
        2583          617
        2585           98
        2586         2515
        2587         1940
        2588         2585
        2589         1773
        2590         4253
        2591          333
        2593         4544
        2594          991
        2597         7744
        2598         1962
        2602         3402
        2603           36
        2605          223
        2606          230
        2607         4337
        2609         5211
        2612         4642
        2616           49
        2617         1813
        2618         5643
        2621         2551
        2624          937
        2625          161
        2626         6768
        2628          697
        2629         2588
        2630         4294
        2632          820
        2633          168
        2635          829
        2636           21
        2639         2896
        2640         1295
        2642         2599
        2643         1892
        2645          372
        2647         5624
        2648         1332
        2650         4304
        2651          758
        2653         4512
        2655           86
        2656            5
        2659         4019
        2661          155
        2662         3140
        2663          168
        2667          381
        2668         7448
        2670         5613
        2671         4015
        2672         2715
        2674         7088
        2675           68
        2676          953
        2680         5269
        2684          759
        2687         4701
        2688          713
        2690         1072
        2693          263
        2696         5793
        2697         8039
        2698         1240
        2700          455
        2706           69
        2707         3070
        2710         1417
        2712         1427
        2713          343
        2715           14
        2717         2696
        2719         3546
        2720         3929
        2722           61
        2725         8432
        2727          192
        2734          104
        2740         1188
        2741         6081
        2745         3655
        2748         4992
        2751         8276
        2752         2285
        2753         6562
        2755         3750
        2756         3568
        2758         7067
        2763            1
        2769         1633
        2772          722
        2773         4678
        2779         2594
        2780          622
        2784         3721
        2787         4171
        2788          773
        2789          331
        2793         5041
        2794         1673
        2796          418
        2797         2472
        2798          536
        2801         3035
        2803         6986
        2805         5618
        2807            3
        2810           74
        2812          597
        2814          453
        2817            1
        2818         7402
        2819          766
        2822         2147
        2823          596
        2826         1227
        2828         1852
        2830         2125
        2832         1382
        2834         1649
        2839          568
        2841          100
        2842          503
        2844         5939
        2846         6733
        2847         2268
        2859         1535
        2860          793
        2861          187
        2866         2694
        2867         7826
        2868         2801
        2872          390
        2875         5890
        2877          446
        2878         5287
        2879         1896
        2880         2541
        2881           83
        2883         2526
        2886          237
        2889           33
        2890            8
        2891          204
        2892          306
        2893         1858
        2898         5519
        2907         4763
        2909           10
        2911           51
        2917         2921
        2919         5574
        2920          148
        2922         3454
        2925         5343
        2928         3601
        2930         2883
        2933         1351
        2935          812
        2936         5021
        2937           80
        2938         3005
        2939           38
        2940            8
        2942         2184
        2944          927
        2951          656
        2952          382
        2955          189
        2960          947
        2961         7085
        2962         8150
        2963         8424
        2967         3251
        2971         2868
        2972          194
        2975          161
        2976         2984
        2981         2856
        2982         7948
        2983         5151
        2985           61
        2987          190
        2989         2869
        2992          731
        2993         4421
        2995         5279
        2997          308
        2999           30
        3000          463
        3005         7001
        3007         3296
        3008         2733
        3009          817
        3012         2407
        3013          293
        3014         8201
        3017         2327
        3018          925
        3022         2933
        3024         3954
        3027         1590
        3030          963
        3031         4799
        3032         8868
        3033         1351
        3039           15
        3041         8374
        3045         2168
        3049         5650
        3051          874
        3052         6442
        3053         2018
        3054         2880
        3057         1975
        3059         8029
        3064         3062
        3067          699
        3068         1207
        3071         5320
        3072         4383
        3073          565
        3076           95
        3078         1442
        3079            1
        3081         4356
        3084          581
        3085         3796
        3086         7895
        3090         4559
        3091         4111
        3092         5541
        3093          989
        3094           66
        3096            0
        3097         1190
        3101         1617
        3102         1136
        3103           54
        3110         2016
        3112         4967
        3116         1649
        3117          145
        3118           93
        3121          545
        3123          611
        3125          613
        3128         1187
        3129         4411
        3130         1425
        3131         1684
        3132         1458
        3135            4
        3137         7897
        3141         6957
        3142         1057
        3147         1809
        3152         1344
        3155          366
        3158         2129
        3161          861
        3168          120
        3170          747
        3176         1470
        3182          375
        3185           59
        3187         1976
        3188         6481
        3191         5313
        3192            0
        3193         1488
        3194           30
        3199          634
        3205         4098
        3207          624
        3211          678
        3214         9020
        3216         2708
        3221           21
        3222         2357
        3226         2233
        3227         1874
        3230         2273
        3232         1169
        3234          811
        3236         2473
        3237         1172
        3239         1235
        3241         3253
        3242          410
        3244            3
        3245          414
        3248         1740
        3249         4180
        3251         2738
        3255         4626
        3260         1742
        3262           41
        3263          278
        3267           19
        3270         3300
        3272         2181
        3273         5212
        3275         3434
        3277           73
        3282         4030
        3284         3414
        3287           55
        3289         3112
        3296         3366
        3297         3122
        3299         3852
        3301         3418
        3303         3647
        3307         3302
        3308           51
        3309          787
        3310         3254
        3314         2463
        3316          730
        3317         2091
        3318         1411
        3319         2141
        3320          293
        3321            1
        3322           99
        3328          616
        3330         1216
        3333          143
        3336          633
        3337          105
        3341          213
        3348          943
        3350         4063
        3354          214
        3355         3280
        3356          288
        3357         6991
        3358          397
        3359          463
        3360          319
        3361         1117
        3362          278
        3363         6592
        3365         1583
        3369         3159
        3372          252
        3373          775
        3374         2888
        3379          290
        3384         2192
        3385         1198
        3386         1814
        3387         1550
        3391         6060
        3395          130
        3399           79
        3401          942
        3403          248
        3405         1971
        3407         2492
        3416         3344
        3419           75
        3421         1337
        3422         3902
        3423          289
        3426         1353
        3427         6547
        3434         5459
        3436          257
        3437         1317
        3441          698
        3448         1700
        3455         9046
        3459         2056
        3460           26
        3461         1188
        3465         3293
        3469         3831
        3470         8867
        3475          691
        3477            6
        3483          113
        3484         3609
        3485         3185
        3490          252
        3494         2400
        3497         2326
        3502         5500
        3503         3709
        3504           19
        3505         1762
        3506         1744
        3511         8399
        3513         1474
        3517          142
        3519         4380
        3522         1424
        3523         3403
        3529         1728
        3538          143
        3542         2842
        3548          771
        3551         7106
        3552         5982
        3557         1918
        3560          492
        3561           65
        3562         5618
        3563         4721
        3564           91
        3566          558
        3567         8765
        3569         8231
        3577           87
        3582         2082
        3583         3684
        3586          529
        3588         1943
        3590         6080
        3591         4971
        3593          394
        3596           48
        3600            2
        3601            1
        3606         2353
        3609          538
        3611         5089
        3612            2
        3614         1846
        3618         5091
        3626            0
        3627           52
        3629         3856
        3630         3555
        3631         1076
        3632          419
        3633          752
        3634          619
        3635          213
        3636          128
        3637          317
        3642         6814
        3644         5299
        3646         3511
        3647         7972
        3648           27
        3657         2018
        3659         6455
        3666         5241
        3667          261
        3668          621
        3671          534
        3674          997
        3686         2418
        3688         1075
        3689         5910
        3690         2546
        3692         3681
        3694           14
        3695         5084
        3699          468
        3701            0
        3707         3815
        3710         4633
        3711          933
        3713          379
        3716         3060
        3717         3724
        3722         1778
        3725         3634
        3726         1332
        3728          351
        3731         5932
        3734          366
        3735          344
        3736           50
        3737         1170
        3738         1974
        3741         1638
        3743         3492
        3748           49
        3751         2928
        3756         7315
        3757         1399
        3764         2358
        3769          574
        3770          845
        3773           46
        3774          174
        3775            0
        3777         1240
        3782         5725
        3783         2064
        3785         2493
        3788          411
        3789         4656
        3791          641
        3794         1372
        3799         5744
        3800         5852
        3804         1109
        3806         4261
        3809           97
        3810         1613
        3811         1026
        3816         1613
        3817         2166
        3820         1192
        3826          434
        3827          349
        3828         6823
        3830         1583
        3832         3076
        3833         3995
        3836         1663
        3843           95
        3845         2551
        3846         3600
        3847          542
        3850         2822
        3851         5487
        3857         2572
        3858         6304
        3861          297
        3862         1890
        3866          281
        3868          260
        3869          309
        3877          871
        3878         2181
        3882         2184
        3888           80
        3889         7144
        3893         3465
        3897         1798
        3900          133
        3904            0
        3905         1832
        3907         5464
        3908         2775
        3909         2209
        3910          145
        3915         1492
        3917         2662
        3922          825
        3923          105
        3927         7370
        3930            0
        3934         2176
        3936         1080
        3937          320
        3938         8701
        3939         4216
        3941         6901
        3942            0
        3949         4383
        3952          594
        3953         1405
        3955          456
        3960         1109
        3961         2585
        3965         7794
        3967         2363
        3968         3411
        3971         3296
        3977         1723
        3978         3119
        3981          614
        3985          206
        3987         1268
        3992          704
        3993            0
        3994           95
        3996         8029
        4003         1781
        4005          189
        4007         1673
        4010            0
        4011         6484
        4013           25
        4017         7742
        4018         3589
        4021            0
        4022          454
        4028         6328
        4030          824
        4031          713
        4033         3411
        4037         6700
        4038         1856
        4040         6832
        4041          231
        4044         1511
        4047         1356
        4052         1578
        4057          438
        4059         1604
        4060           54
        4061         4008
        4068         5130
        4071           16
        4076         4157
        4079          640
        4080         1892
        4083         2049
        4087          953
        4091          445
        4092           54
        4094          915
        4095         5146
        4096          278
        4100          591
        4101         2509
        4102         1431
        4112         8450
        4117         1726
        4118         5725
        4122         1561
        4130         6024
        4131         5708
        4132         8408
        4137         3261
        4143          196
        4144         3240
        4147         1332
        4148         1636
        4151         1286
        4159          383
        4160         6604
        4161          895
        4162         4726
        4163         3998
        4164          379
        4165         1443
        4189         2527
        4199         5204
        4201         2659
        4204         4454
        4207         2303
        4209           48
        4214           24
        4215          151
        4216         2407
        4219         4960
        4220          134
        4221         4431
        4222           72
        4224            1
        4228          886
        4229          193
        4230           40
        4232         1684
        4233         1292
        4235          626
        4241         1064
        4255         3949
        4257         3721
        4258            0
        4259         1776
        4265         6387
        4266          229
        4279         1616
        4280          645
        4282         8141
        4283            7
        4284          132
        4287         3800
        4288         5223
        4289         5014
        4291           19
        4292          389
        4294         6256
        4295         4351
        4298          309
        4301           48
        4302         5043
        4303         1017
        4305         1238
        4310         1652
        4312         1853
        4316           36
        4319          286
        4322           89
        4323         7325
        4325         3858
        4327         3944
        4328         2058
        4331         1092
        4334         5151
        4336         1712
        4338           49
        4339          559
        4345          206
        4346         2517
        4347         4972
        4350         1077
        4351          626
        4352         1077
        4354         1310
        4355         8721
        4356          650
        4359         6051
        4360         1023
        4367         1618
        4381          123
        4382         7663
        4388         5016
        4389         1405
        4390         4510
        4394         1924
        4395         4328
        4396         4383
        4401          690
        4402         2432
        4404         6319
        4405         1153
        4414            0
        4415           96
        4418           42
        4420         1940
        4421           40
        4423         6809
        4426           67
        4427         7969
        4428           16
        4430         5666
        4431         2602
        4435         5640
        4439         1312
        4443         4408
        4446          646
        4450         6797
        4451           11
        4457         4641
        4462          109
        4465         4019
        4468            2
        4475           31
        4476         1534
        4480            0
        4482         2000
        4488          487
        4489          175
        4490          705
        4494         3698
        4495          302
        4496         4102
        4502          104
        4509          724
        4515          103
        4516         1615
        4518         2979
        4519         4715
        4522          300
        4529         3086
        4535         4030
        4538           27
        4544          296
        4546         2176
        4556         1810
        4558         1192
        4560         5784
        4562         5524
        4565         4632
        4567           21
        4568         1175
        4573         5337
        4574          337
        4575           26
        4582         1187
        4583         2714
        4584         3631
        4585         6285
        4589         6481
        4590          470
        4591          637
        4593         1201
        4595         7599
        4599         8756
        4603         1948
        4605         2151
        4607         2221
        4614         5084
        4617         1104
        4626         4442
        4628         2398
        4629         5175
        4632          220
        4642            7
        4643         1843
        4644          180
        4648         4558
        4651         8002
        4653         1509
        4654         5501
        4660         5323
        4661         2477
        4662          896
        4663          599
        4666          942
        4667         5952
        4670         1048
        4672           90
        4674         1250
        4676         4411
        4677         1478
        4678          350
        4683          120
        4685          360
        4688          766
        4691         1092
        4692          561
        4694          972
        4696         1875
        4699           46
        4700          972
        4701          342
        4702          173
        4704         3988
        4705         1335
        4710         1648
        4712          255
        4713         7591
        4717           21
        4718          105
        4719         1916
        4723         2545
        4727         2028
        4729         4566
        4730          791
        4734         2124
        4741          884
        4744         7332
        4746         5041
        4747         1163
        4749         3309
        4754         8424
        4755         1613
        4758          326
        4759          215
        4761         1357
        4762          371
        4766         7299
        4777         2742
        4779           16
        4786         1210
        4788          503
        4793         3726
        4795         4689
        4798            5
        4801           54
        4802           16
        4803          158
        4804         4735
        4805         1306
        4807          232
        4808         3582
        4810          542
        4821          733
        4825         4656
        4827         6410
        4832          106
        4833         5380
        4834         1884
        4836         5083
        4837         8429
        4838         2627
        4839         2672
        4846            0
        4853            8
        4854         1672
        4859          107
        4860         2491
        4862         1779
        4863           68
        4864            0
        4865         2930
        4867          857
        4868         1152
        4871          857
        4876         2491
        4877           89
        4879         7321
        4886         1404
        4887          394
        4893          225
        4898          927
        4899          380
        4901         3190
        4902         3338
        4904           17
        4908          366
        4914          104
        4916         5133
        4918          322
        4919          617
        4920           66
        4922         1202
        4926          285
        4928          111
        4930         5524
        4931          599
        4932           37
        4933          128
        4936         1502
        4939          330
        4943         6343
        4945          116
        4947          863
        4950          137
        4955         4626
        4961         4394
        4969         5054
        4973         7893
        4976         3129
        4988         5624
        4992           24
        4995         4002
        4996         8658
        4997         7219
        5002         2702
        5004            5
        5008          596
        5012          174
        5013           90
        5014         5609
        5016          228
        5017         3546
        5021            0
        5024          783
        5025          138
        5029          901
        5037         1357
        5041          114
        5042          142
        5043           74
        5045         2368
        5048           30
        5050         2084
        5052           63
        5053           51
        5055         4103
        5057         5531
        5058          966
        5059          773
        5060         5005
        5064           16
        5065           54
        5069          731
        5071         7611
        5072           14
        5075         1146
        5077          327
        5078           42
        5082          120
        5084          309
        5087         7237
        5089          368
        5092            0
        5093         3276
        5094         4728
        5095           77
        5096         1531
        5097         5192
        5098         5073
        5099          419
        5100          675
        5107           51
        5109         4253
        5110         2531
        5112         7101
        5121         4503
        5128            6
        5135         4768
        5137         1150
        5153          594
        5157          622
        5167          360
        5170            0
        5179          351
        5180         1934
        5184         7725
        5188         5163
        5190         1679
        5199          466
        5206         3130
        5207          736
        5212         1458
        5214         5042
        5216            7
        5217           66
        5221          870
        5222          158
        5231         7013
        5233         2645
        5237          840
        5240         5274
        5245         1404
        5246         5067
        5247         6790
        5248          390
        5251         3536
        5253         2864
        5257         3307
        5260         1509
        5262         1738
        5265          704
        5268          211
        5274         2579
        5275          553
        5281         2175
        5283         8275
        5284         1361
        5285           52
        5287          135
        5288         4326
        5289            2
        5290         1711
        5291         4551
        5296         1051
        5297         4969
        5300         5258
        5304         5574
        5310          824
        5313         2489
        5315          504
        5317          258
        5323            0
        5328         1719
        5332         2507
        5336         7288
        5338         3515
        5339         5281
        5347         5090
        5348         1087
        5350           11
        5352         6232
        5353         2252
        5354          447
        5358         5512
        5365          647
        5366         6338
        5368         5277
        5370         7147
        5381         5247
        5384          581
        5386           25
        5394         2645
        5395         1390
        5397         8542
        5398         3432
        5401           25
        5402         4088
        5404         2611
        5405         1926
        5409          309
        5410          295
        5418          675
        5425          105
        5426         3945
        5427         2869
        5428          929
        5429         1034
        5433         4364
        5436         5743
        5438          536
        5441         4223
        5442           26
        5443           27
        5444          296
        5445         5516
        5455         8500
        5456          112
        5457          137
        5459         1206
        5460         3240
        5468           43
        5474          875
        5481           38
        5482         5960
        5487         1076
        5489            0
        5492           41
        5498         2756
        5513         1589
        5514           60
        5518         2899
        5523          132
        5529         1853
        5531         1202
        5537         6699
        5538           59
        5539            5
        5548         4892
        5550         2321
        5558          397
        5560          881
        5561           79
        5562           55
        5564          943
        5568         3812
        5569          233
        5579          759
        5580          127
        5581         5571
        5587          831
        5591         2278
        5593          331
        5595          212
        5596         5799
        5598          142
        5602          243
        5603            0
        5604          986
        5609          919
        5613         1227
        5614         3008
        5615         6777
        5618         3958
        5620         3720
        5621         1076
        5628         1551
        5631         8945
        5636         5257
        5641          668
        5643          679
        5647          229
        5648          368
        5656         7792
        5660         5680
        5662           12
        5667         6100
        5668         2416
        5673         1164
        5674          999
        5675          831
        5678          170
        5680         5375
        5681         5510
        5682         8369
        5694         4012
        5700         1242
        5701         7774
        5704           45
        5707          241
        5712         1778
        5719         7098
        5720         2309
        5724           25
        5726         7677
        5728          221
        5736         1107
        5742          279
        5751         2116
        5752          602
        5765         3170
        5766         8182
        5769         5825
        5771         1762
        5774          107
        5778          138
        5781         2902
        5783         4065
        5785           16
        5790         4176
        5792          136
        5794         1776
        5805          506
        5807         6904
        5808         1545
        5809           27
        5814           19
        5820          221
        5823         8062
        5832         4101
        5834           31
        5841         2654
        5850         2870
        5851          177
        5853         2057
        5859            2
        5860         7606
        5865          590
        5868         6550
        5874           80
        5875          123
        5877         2574
        5878          223
        5885          251
        5886         2930
        5889          658
        5890         2122
        5894           83
        5899         4077
        5901         6062
        5902         1644
        5905          173
        5907         5600
        5909          138
        5923            0
        5927          873
        5929          749
        5932         3177
        5936         2197
        5939         3530
        5943         3406
        5944         1202
        5949           12
        5950          565
        5952          263
        5953          254
        5970         3186
        5973         5923
        5976          404
        5978         6736
        5981           17
        5984          611
        5986         1258
        5994           31
        5997         4023
        5998         3218
        6003          963
        6004         1502
        6009          320
        6014         1832
        6020         1923
        6025         7088
        6032         1885
        6036          283
        6038           46
        6046         6812
        6047         5207
        6049          322
        6051         3749
        6053         1430
        6055         2898
        6057           37
        6058         6073
        6061         5318
        6065         6099
        6067          700
        6073         1926
        6075         2327
        6084            2
        6085           21
        6086         1469
        6093         5826
        6095         1207
        6099            0
        6104         1288
        6110         4349
        6115            0
        6116         1075
        6117           15
        6122           83
        6123          678
        6125         6067
        6142         4724
        6145         2728
        6149          591
        6152            1
        6153         2435
        6156         3475
        6161         6324
        6162          105
        6163         1993
        6165         1212
        6167          366
        6168           29
        6169          909
        6170          613
        6172         2097
        6173         3453
        6174           36
        6177         2361
        6181          158
        6188         1793
        6196         3171
        6201          704
        6202           48
        6204         1349
        6205         2713
        6206          108
        6207          444
        6210            3
        6217         4839
        6224         2148
        6230           42
        6232         7687
        6235          953
        6255         8496
        6261         1400
        6264          168
        6272         6114
        6278           82
        6287         8683
        6290         1801
        6292          337
        6293         2106
        6299          148
        6302         7792
        6305         3524
        6317           91
        6318         3129
        6319            0
        6321         3216
        6322         1814
        6325         6878
        6328          611
        6331         1853
        6332          221
        6334          853
        6336         7910
        6344         3162
        6346         2504
        6347         1292
        6352         4609
        6358          156
        6361         1310
        6362         6056
        6372         1730
        6377          120
        6381           58
        6387          251
        6388          824
        6389         8507
        6394            0
        6405           31
        6407          379
        6413          908
        6415           77
        6417         9061
        6419          979
        6421          623
        6427         1361
        6428         1228
        6433         7018
        6435         8099
        6437           35
        6440         6315
        6441         4775
        6449         7710
        6452         4095
        6454         6253
        6468           79
        6472         5288
        6475          932
        6476          304
        6480          339
        6481         1115
        6485         4817
        6487         1097
        6489           11
        6490         7222
        6500         6641
        6502         1387
        6509         1276
        6523         6504
        6528           73
        6530         1488
        6535         1972
        6548         2573
        6549           59
        6552         8379
        6556         4015
        6571         1242
        6575         8459
        6577         2009
        6586           10
        6589          214
        6596         1214
        6600           27
        6608          192
        6610         2416
        6611          403
        6622         4343
        6623          278
        6628         1712
        6631          673
        6635         2220
        6638           99
        6647         2260
        6648         2482
        6649          420
        6650         3102
        6653           49
        6665         1480
        6666         2891
        6667         8375
        6668         2446
        6669           93
        6679         1117
        6681          479
        6685           39
        6690          449
        6694         1655
        6699           25
        6705          321
        6708          375
        6712         6426
        6716         8173
        6717         5109
        6722          500
        6723          583
        6732          421
        6740          570
        6749         7303
        6759         4752
        6763         1149
        6764          445
        6766         1694
        6769          205
        6776         6802
        6780         4471
        6785           61
        6789          277
        6790           57
        6801          185
        6804         5777
        6811         6892
        6815          790
        6817          193
        6819            3
        6833         1951
        6834         5043
        6839          601
        6841         7929
        6842         1659
        6844            0
        6846          177
        6847         1727
        6848         4915
        6858            0
        6860         1296
        6869          898
        6879          918
        6890         7841
        6898         6406
        6913         5721
        6915         8921
        6918         5369
        6920          319
        6924          229
        6926          888
        6928           54
        6930         3314
        6940         3632
        6942          568
        6943          797
        6947          215
        6948         2856
        6949          990
        6950         4235
        6952         6227
        6955          538
        6959         8189
        6960           88
        6962         4955
        6964         1984
        6970           37
        6983          599
        6986           40
        6989         8341
        6992          915
        6993         2835
        6997         1607
        6998          234
        7004          932
        7007         1525
        7020         2940
        7036          805
        7046          739
        7048           14
        7063         3715
        7068         5005
        7078         1190
        7081           32
        7083           82
        7084         4045
        7087         8787
        7091          814
        7094          635
        7104         3170
        7108         3958
        7117          283
        7122          192
        7123           86
        7124            1
        7128         4626
        7133         3080
        7135         6378
        7145         5889
        7154         8208
        7156         2560
        7164         5066
        7166            0
        7178         1771
        7181         7217
        7201         4319
        7206          252
        7215         3414
        7216         3647
        7217         7118
        7221          120
        7229         5446
        7232         4558
        7234         3225
        7239           49
        7250            1
        7256           59
        7263         5827
        7281         5090
        7284           40
        7292           24
        7296          283
        7307         3663
        7314         3199
        7323         7346
        7324           91
        7325          311
        7326         5504
        7331         1749
        7333          437
        7339          326
        7342         2393
        7347         7313
        7349         1786
        7361         1991
        7366         5576
        7370         1546
        7373         5446
        7374         4943
        7376          557
        7381           29
        7387          506
        7388         2706
        7393         5245
        7397           10
        7418          162
        7428         1866
        7431           38
        7434          112
        7455         4456
        7459          111
        7460            0
        7472          193
        7477          272
        7493         1132
        7501         2583
        7503           74
        7508            0
        7515         6741
        7517         6668
        7520         2711
        7521          385
        7526         7666
        7532         2085
        7537         1405
        7540         1312
        7549         2252
        7552         1221
        7556          711
        7566           65
        7582         6843
        7584         3684
        7585           54
        7593         7908
        7595         1207
        7600         1992
        7604            3
        7605          164
        7623         6528
        7625         2935
        7632         7404
        7633          741
        7634           97
        7637         7341
        7638         1221
        7640          438
        7649         3923
        7650         2453
        7653         5932
        7662         1759
        7664          607
        7666         1604
        7667         1157
        7688         2482
        7692          503
        7701         3528
        7708          651
        7715            9
        7719          747
        7723         1672
        7730         4115
        7732         4466
        7734          154
        7735         4761
        7736           81
        7740         2573
        7742         1839
        7745          343
        7746         1052
        7747          529
        7754          929
        7775          136
        7779         2434
        7794         2670
        7800          972
        7804          468
        7816          264
        7817          626
        7820         5491
        7822         1011
        7827         2776
        7840           21
        7841         1549
        7843         1198
        7855           58
        7861          889
        7873         5104
        7879         6097
        7882         2804
        7884         7733
        7886           49
        7888          543
        7891         3365
        7895         5401
        7896         5779
        7927         1866
        7928            8
        7931           69
        7932         4515
        7935         6921
        7937          215
        7939          827
        7948           99
        7971          596
        7973          242
        7975         7722
        7976         4926
        7977         3050
        7988         6135
        7998         7024
        7999          513
        8006         2333
        8007         4688
        8012          271
        8013         2343
        8014          496
        8015         2986
        8019          277
        8020         6261
        8022          405
        8033          453
        8034         1541
        8036         8144
        8037         1184
        8040          942
        8043         3290
        8045         3118
        8060            9
        8081          316
        8082         1736
        8102          188
        8107            4
        8112            3
        8116          840
        8120          281
        8127         2950
        8131          542
        8135         1333
        8142         6937
        8143         3255
        8145          636
        8152          135
        8169          722
        8173         2643
        8177         2529
        8191         3430
        8192          231
        8193           75
        8196           31
        8199         4517
        8202         5805
        8208         3562
        8218         1072
        8219         1180
        8220          235
        8229          750
        8254         2429
        8255         1318
        8256          454
        8265          331
        8266         2003
        8267         6361
        8270         8206
        8275         2535
        8283            2
        8287           49
        8292         3516
        8303          543
        8306            7
        8307         2999
        8316         8854
        8321          744
        8340          614
        8343          721
        8345          801
        8357         2699
        8361          743
        8364           16
        8381         2554
        8382          665
        8397          252
        8404          645
        8416         4123
        8419         2940
        8421          158
        8428          283
        8440          344
        8442          662
        8443          173
        8458         7362
        8497         1128
        8500         1229
        8501         1526
        8502          297
        8507          284
        8511         2139
        8518         2997
        8522         1511
        8524         2014
        8525           25
        8540          587
        8541         1977
        8545         1541
        8548          852
        8558          354
        8559         3427
        8566         1968
        8569          301
        8573            4
        8577         1317
        8581         3937
        8585         4490
        8586         1857
        8587         3583
        8593          734
        8596           36
        8598           21
        8606          885
        8609          291
        8615         6415
        8620         1653
        8622         8556
        8623         3390
        8624           31
        8634         6757
        8648          338
        8653         3908
        8663          158
        8664          320
        8671         6674
        8680          278
        8687         2507
        8693          164
        8697         2427
        8716           58
        8720         7879
        8731         5178
        8734         1723
        8741         2922
        8762           11
        8770         7314
        8773         4834
        8775         1291
        8776         3099
        8787           25
        8796         3670
        8801          177
        8820          864
        8825          298
        8838         2430
        8849            1
        8851         4547
        8855         3005
        8856           24
        8860            0
        8864         2385
        8869         8074
        8877         4511
        8887         4127
        8889           21
        8891         4549
        8894         2950
        8923         2120
        8932           54
        8939          167
        8955           39
        8959           24
        8965         1860
        8966         5305
        8970         1309
        8977         6164
        8978          215
        9000           99
        9009         2688
        9026          755
        9028          628
        9047           72
        9049          434
        9053         4692
        9056          153
        9059          128
        9077         2234
        9080           18
        9086         3405
