# HaloID(1) HaloID(2)
           0            0
           1            1
           2            2
           3           95
           4            4
           5            3
           6           23
           7            7
           8           86
           9           17
          10            8
          11          257
          12            9
          13           15
          14           14
          15          265
          16           10
          17           56
          18           13
          19           36
          20          224
          21           12
          22           26
          23           18
          24           96
          25           49
          26           40
          27           34
          28           39
          29           33
          30           20
          31          311
          32           31
          33          797
          34           22
          35           16
          36           28
          37           44
          38           79
          39          216
          40           32
          41           42
          42           69
          43           46
          44           48
          45           24
          46           47
          47           29
          48           25
          49         1147
          50           52
          51          946
          52           45
          53           27
          54          716
          55         1514
          56         1095
          57           41
          58          264
          59           38
          60           55
          61         1572
          62          368
          63           37
          64          208
          65          436
          66          289
          67          136
          68          287
          69           84
          70           59
          71           57
          72           50
          73           43
          74           93
          75          441
          76         1034
          77           56
          78           76
          79          338
          80          279
          81           20
          82          112
          83           53
          84           60
          85           90
          86          404
          87           63
          88          183
          89         1587
          90           99
          91           82
          92           81
          93          129
          94          796
          95           51
          96          719
          97          171
          98           61
          99          211
         100          157
         101          368
         102           87
         103          217
         104         1266
         105           74
         106          119
         107         1540
         108          203
         109          262
         110          951
         111          156
         112          113
         113          120
         114          758
         115           65
         116           97
         117            1
         118          348
         120         1370
         121          827
         122          269
         123           88
         124           28
         125           92
         127          229
         128           15
         129           80
         130          123
         131          168
         132          151
         133          150
         134          148
         135           89
         136          128
         137          389
         138          100
         139           19
         141          134
         142          281
         143         1321
         144           98
         146          311
         148          114
         149          103
         150         1241
         151           14
         152           91
         153          381
         154          433
         155          237
         156          452
         157          309
         158          155
         159          158
         160          336
         162          538
         164          523
         165         1448
         166          379
         167           73
         169          303
         170           70
         171          108
         172          794
         173          424
         174           52
         175         1286
         176          246
         177          132
         178           14
         179          339
         180         1440
         181          100
         182          204
         183          154
         184         1622
         186          187
         187         1504
         188          121
         189          244
         190          195
         191          844
         193          156
         194          256
         195          145
         196          281
         197           35
         198          916
         199          118
         200          284
         201           56
         202           35
         203          289
         204          221
         205          238
         207           77
         208           71
         209          123
         211          665
         212           19
         213          124
         216         1605
         217         1037
         218         1198
         219           26
         220          649
         221           87
         222          142
         223          848
         224          130
         225          138
         227          152
         228         1602
         229          184
         230          197
         232            7
         233           56
         234         1346
         235         1480
         236          362
         237          189
         238          209
         239          159
         240          140
         242          525
         243         1421
         244          137
         245          190
         246         1084
         248          153
         249          147
         250          164
         251          110
         252          916
         253         1254
         254          386
         255         1297
         256          177
         257         1114
         258          459
         259          199
         260           56
         261          402
         263         1377
         264          196
         265          192
         266          390
         268           44
         269          346
         270          212
         271          143
         273          502
         274          156
         275            0
         276            2
         279           54
         280          178
         281          223
         282          213
         284         1023
         286         1341
         287           56
         288          176
         289           19
         290          123
         291          193
         292          181
         293          409
         294          740
         295         1146
         297          391
         298           17
         299          173
         300          117
         301          206
         302          219
         304          953
         305          294
         306          202
         307         1436
         308          234
         309          198
         311          954
         313         1271
         314          350
         315          316
         317          728
         319            3
         320           77
         321          897
         322          245
         323           23
         325           30
         327          667
         329          579
         330          373
         332         1079
         333          688
         334           32
         335          416
         336          605
         339          354
         342          141
         343          210
         344          102
         345          220
         346           34
         347           10
         350            0
         351          412
         353         1500
         354          255
         355          782
         357          263
         359          225
         360           36
         362          260
         363         1095
         364          375
         365          234
         367          272
         368          595
         369          264
         370          573
         371          793
         372          310
         373           13
         375          320
         376          109
         377           79
         379          301
         380          938
         382          252
         383         1140
         385         1308
         386           16
         387          137
         388          845
         389            8
         390          258
         392          250
         395          278
         396           69
         397           48
         398          293
         399           38
         400          267
         401         1597
         402          319
         404          158
         405           19
         406          181
         407          593
         409         1023
         410           47
         412            1
         413           15
         414          280
         416           56
         417           23
         418         1052
         419          922
         423          146
         424           71
         425          339
         429         1570
         430           30
         432          327
         434          654
         436           79
         437          332
         440          766
         441         1094
         442          484
         443          349
         444          622
         445          364
         446           56
         447          404
         448          115
         450          338
         451         1281
         452          671
         453          161
         454          826
         457          424
         458           56
         459          266
         460           25
         461          881
         462          328
         463          506
         464          446
         465         1645
         466           59
         467         1250
         468           87
         469          540
         470           28
         472          657
         473           52
         474          620
         475          274
         476          799
         478          306
         479          340
         480           14
         482          358
         484          135
         485          409
         486          907
         487          344
         488          665
         489          482
         490          707
         491         1149
         493         1340
         499          343
         500          857
         501           68
         502          302
         503          315
         505          877
         507           90
         508          658
         509          475
         510         1226
         511         1073
         513          596
         517          433
         520           42
         525           96
         527          707
         529          333
         530          359
         533          205
         535           61
         536          120
         537          283
         538          696
         540           56
         541          326
         542            0
         545         1298
         547          228
         549         1022
         551          458
         554          398
         555          683
         556           35
         557            4
         558            0
         561          141
         562           26
         563           93
         564          639
         566          203
         567         1330
         568          946
         569         1583
         574          168
         575          351
         576          827
         578           72
         579          491
         580          822
         581          408
         582          412
         583           23
         585           87
         587          723
         588          404
         591          385
         592          398
         593           25
         594            8
         595         1149
         596          554
         597          357
         599         1283
         600           84
         606          220
         607         1186
         610           71
         611          337
         612          723
         613          132
         614          777
         615          926
         617           20
         618          763
         619          998
         620           35
         621          422
         622          119
         623           48
         624           18
         625           69
         627           87
         629          936
         631          136
         635          453
         637         1225
         639          365
         640          802
         641          463
         642          924
         643          664
         645         1452
         646          855
         647          364
         649         1494
         651          456
         652         1205
         653         1593
         654          897
         656          444
         657          384
         659          201
         660          597
         661          897
         663          132
         665          704
         666            0
         667          362
         669          450
         671         1601
         673          470
         674           84
         676            2
         679          759
         680         1383
         681           73
         682         1264
         683          619
         686          330
         687          687
         688          448
         689          179
         690          385
         697          807
         699         1058
         701          561
         702          164
         703          661
         704          143
         705          454
         706          669
         707            5
         710          529
         712          380
         714          528
         716          469
         717          461
         718           65
         719          835
         722           23
         723         1399
         724          435
         725          106
         728          492
         729          338
         730           14
         731          174
         733           76
         734         1348
         735          466
         737          361
         738           91
         740          264
         741          404
         742           72
         744          165
         746         1089
         747          313
         749           23
         750           52
         752         1431
         753          437
         756         1599
         758          654
         761          303
         762           91
         767          579
         768         1184
         769         1223
         771         1613
         773         1184
         774          486
         775           19
         776           94
         779          410
         780           32
         782          570
         784          239
         785          120
         786          648
         787          366
         788          526
         789            1
         790          738
         791          533
         792         1562
         793           32
         795          734
         796           74
         798          454
         801          476
         802           32
         803          175
         805         1391
         806           56
         808          580
         810            7
         811         1168
         812          982
         815           24
         816          143
         818          544
         819           23
         824          110
         825         1146
         826          922
         828          159
         831         1547
         832          316
         834         1187
         838           44
         843            0
         846          285
         848          635
         850          265
         852          449
         853           83
         855          714
         858         1178
         859          296
         862          865
         866            2
         871          140
         876          580
         880         1213
         881          281
         882         1206
         883          919
         885         1615
         889          545
         894          746
         901           22
         902          695
         903           94
         905           22
         907          451
         908         1189
         912         1416
         914         1048
         916         1303
         917         1364
         924          550
         925         1433
         926         1296
         927           94
         928         1368
         930          216
         934           85
         936          436
         937          132
         938           60
         941           33
         944          677
         946           16
         948         1491
         951          626
         952          546
         953          374
         957          620
         961          781
         962         1083
         965         1288
         967          571
         968          321
         970          580
         974           96
         980          734
         983          113
         985           60
         987          894
         989          288
         990          586
         991            4
         992           52
         993         1444
         995          718
         999          607
        1003          489
        1004          652
        1005          120
        1006            5
        1007         1648
        1008          536
        1009           55
        1011           74
        1012         1226
        1013         1204
        1014         1480
        1016          307
        1017          216
        1018         1057
        1019           71
        1020          124
        1021           39
        1022         1065
        1024          612
        1025          629
        1026          175
        1027         1054
        1028           87
        1030          712
        1031         1023
        1034            0
        1039            6
        1043          828
        1044          316
        1046           50
        1050         1162
        1052         1459
        1053          668
        1055          386
        1056           57
        1057          800
        1059         1499
        1061          647
        1063          284
        1065          169
        1066          869
        1068           89
        1069         1185
        1071          179
        1073          583
        1076         1051
        1079          670
        1084           22
        1086          673
        1087          419
        1088         1029
        1089         1260
        1090          144
        1091           17
        1097          133
        1099         1288
        1102          315
        1103          698
        1107          608
        1108          146
        1110          541
        1112           52
        1116          147
        1121           68
        1123          837
        1127          976
        1130           94
        1131           93
        1132         1029
        1134          650
        1139          216
        1140           64
        1142         1495
        1143           32
        1147          645
        1148          775
        1149          214
        1150         1462
        1152          162
        1156          959
        1159         1628
        1162          551
        1164          349
        1165           82
        1169          851
        1173            0
        1174          628
        1181          719
        1183          166
        1186          122
        1188          731
        1191          130
        1193           67
        1199          644
        1200          889
        1201          889
        1204          393
        1207           16
        1213         1286
        1214            3
        1215          545
        1218         1450
        1219         1043
        1220          384
        1228           39
        1231         1174
        1232         1481
        1237          178
        1239          713
        1244          706
        1247          150
        1250          120
        1253           49
        1255          113
        1256         1378
        1257         1232
        1259            0
        1260           31
        1261          179
        1268         1508
        1271           34
        1275          181
        1276         1474
        1277          938
        1279          679
        1282           35
        1285           76
        1287          198
        1291          502
        1292          205
        1293          107
        1296          200
        1298           50
        1299          304
        1309          908
        1310          329
        1314         1102
        1316         1134
        1317          675
        1322         1530
        1323           28
        1326          128
        1327          869
        1330          789
        1331         1135
        1332            3
        1334          151
        1340          818
        1343           96
        1344            0
        1350          741
        1356          762
        1361          559
        1363            0
        1364           12
        1368           35
        1369          411
        1372          499
        1376          747
        1378          830
        1383          363
        1385            9
        1387           12
        1391          123
        1393           31
        1397         1159
        1399          630
        1400          178
        1405          840
        1408           39
        1413            1
        1414           43
        1415          673
        1418           52
        1423         1147
        1424          497
        1425         1016
        1430           58
        1432            1
        1433         1276
        1438          569
        1442           91
        1446         1297
        1450           33
        1451           60
        1455          222
        1465         1148
        1474          210
        1475            0
        1480          215
        1486           74
        1490           13
        1495          129
        1497         1036
        1499           34
        1500         1359
        1510          276
        1512           22
        1513           36
        1516          120
        1520          121
        1526          994
        1530          230
        1531           66
        1534           23
        1537          207
        1540          330
        1541          665
        1545           15
        1546            0
        1548          675
        1553         1012
        1554          284
        1561          518
        1565            0
        1570          661
        1571          924
        1573          524
        1575          690
        1577          160
        1582          212
        1584           17
        1587          532
        1589          179
        1590         1105
        1592           53
        1593          906
        1594          239
        1595         1050
        1596            3
        1597          183
        1607           61
        1610          887
        1611          313
        1612         1512
        1614          783
        1617          556
        1620          584
        1625           65
        1626          435
        1627          352
        1628         1173
        1630           77
        1636          320
        1637         1417
        1641         1416
        1648          890
        1650           28
        1654          485
        1656         1298
        1657          362
        1660         1370
        1662          310
        1663            7
        1665         1504
        1670           23
        1679            4
        1681           52
        1685          176
        1690          685
        1691          593
        1696          450
        1700           70
        1701          251
        1702          124
        1705          263
        1711           23
        1712           96
        1713          416
        1720           23
        1724          670
        1728           87
        1734            3
        1737          257
        1740           46
        1748          129
        1750          384
        1757          226
        1760          170
        1763          224
        1769          699
        1777          100
        1784           19
        1785          992
        1789            5
        1792            0
        1794         1348
        1795            0
        1802          945
        1803          497
        1806           46
        1807          131
        1812          479
        1814         1070
        1821           23
        1822          817
        1831          619
        1836           84
        1838          128
        1839          135
        1842          420
        1846           43
        1848          335
        1849         1527
        1851           40
        1852          991
        1853          103
        1858         1170
        1868          603
        1869         1152
        1872          172
        1873          528
        1877           34
        1879         1552
        1882         1007
        1884          260
        1891         1273
        1897         1149
        1898          296
        1900            0
        1901           21
        1905           39
        1907            4
        1909         1079
        1910           18
        1911            3
        1914         1607
        1916          308
        1921          687
        1926           12
        1929          125
        1930          500
        1933           25
        1934         1018
        1935           31
        1937          110
        1941         1409
        1948          214
        1949         1504
        1950          263
        1951           11
        1952          849
        1954          988
        1964          632
        1965          127
        1966          873
        1968          109
        1971         1383
        1972         1146
        1974           46
        1977          174
        1981          272
        1982          209
        1987         1506
        1992          192
        1998          310
        2001          522
        2004          204
        2009          467
        2010           15
        2011          272
        2013          828
        2015         1249
        2016          826
        2023          513
        2024          144
        2025         1213
        2027          176
        2030         1175
        2033           23
        2034          435
        2038            0
        2039          483
        2044          903
        2045         1356
        2046          678
        2047          310
        2050           65
        2052           43
        2053            3
        2056          913
        2057          204
        2062            6
        2063          111
        2066            0
        2067           10
        2068           49
        2069           22
        2074          141
        2075          541
        2076          410
        2083            6
        2084         1020
        2088         1287
        2094            0
        2096          536
        2097            8
        2098           95
        2102           93
        2103          497
        2105          137
        2107           34
        2120           62
        2125         1267
        2131           10
        2134           87
        2138           62
        2143         1263
        2145           40
        2152          448
        2153         1519
        2156          388
        2157          410
        2158           44
        2160         1236
        2161           77
        2163          227
        2164         1123
        2169           88
        2176           23
        2179         1556
        2182          681
        2184         1105
        2188           12
        2190           45
        2192          133
        2198           28
        2202          320
        2206         1274
        2208          215
        2216          115
        2217          240
        2220          157
        2226          789
        2229          257
        2230          127
        2232           51
        2236          494
        2238          232
        2246         1263
        2254            0
        2259          182
        2261         1227
        2266          796
        2269            8
        2273           81
        2275         1069
        2276         1096
        2280          221
        2281          196
        2282         1382
        2283          307
        2288          542
        2290          423
        2293         1591
        2299          567
        2302         1464
        2304          116
        2311          576
        2313          405
        2314          299
        2315          252
        2319          282
        2321         1545
        2323          135
        2324         1642
        2325          566
        2326          132
        2332         1400
        2344         1193
        2350          632
        2352          614
        2355         1573
        2362          498
        2364            6
        2366          173
        2369           14
        2372         1437
        2374          699
        2375         1126
        2376          118
        2386          358
        2387           12
        2399            1
        2403          979
        2411          237
        2420            9
        2423          191
        2430          151
        2432          259
        2434           35
        2438          436
        2446          524
        2450          113
        2456          746
        2463         1401
        2470            1
        2471           94
        2475           17
        2478          135
        2479           20
        2489          765
        2500            7
        2502          450
        2504         1636
        2512           42
        2514          235
        2521            4
        2522          681
        2523          126
        2524         1223
        2525           84
        2529           66
        2530           20
        2539          664
        2542          235
        2546           55
        2549          148
        2552          126
        2553         1126
        2554          175
        2558          870
        2560          509
        2563           15
        2564          167
        2573           30
        2575           19
        2582          388
        2583          814
        2584          366
        2585         1472
        2586          320
        2589          197
        2591           89
        2594          427
        2600          666
        2604           92
        2608          172
        2614            0
        2615          977
        2617            9
        2619            4
        2621           11
        2622           66
        2626          146
        2627          880
        2629          834
        2632          218
        2648           50
        2649          335
        2652          139
        2653          272
        2655          363
        2656           35
        2659            4
        2668          126
        2669          145
        2676           44
        2678          324
        2682          427
        2685           61
        2693          471
        2698          313
        2702          758
        2707          609
        2710           40
        2712          923
        2714           97
        2721            4
        2722           60
        2723           14
        2724         1422
        2726           72
        2730          329
        2732            3
        2734           24
        2742          384
        2746         1183
        2747         1351
        2752         1607
        2754            3
        2768         1347
        2769            2
        2772          101
        2775          966
        2787          322
        2789           46
        2795          872
        2799         1287
        2802          460
        2806          201
        2810          390
        2811           52
        2814          855
        2818          131
        2820          885
        2823            6
        2830          365
        2836          701
        2843          393
        2844            1
        2845          594
        2846           27
        2854            8
        2862         1346
        2873          325
        2875          394
        2878           88
        2882          176
        2886         1608
        2890          312
        2892           22
        2894          107
        2895         1083
        2913          767
        2920         1021
        2922          280
        2925          455
        2927           23
        2931           60
        2932         1182
        2933          264
        2937          257
        2940          912
        2944          320
        2947         1370
        2951            0
        2961           15
        2962          908
        2965          278
        2966          456
        2967           35
        3006           93
        3010          145
        3012          387
        3019          296
        3023           35
        3024          394
        3030           31
        3031            0
        3048           59
        3053            0
        3055            1
        3056          223
        3064          547
        3067           78
        3073          152
        3077          371
        3079           50
        3082            0
        3084          341
        3085           24
        3087            9
        3094           24
        3100            4
        3101          377
        3111          948
        3115           15
        3116         1151
        3123          713
        3136         1436
        3138          992
        3141         1543
        3143           78
        3146          382
        3149         1226
        3154          430
        3157          584
        3160          127
        3162          231
        3171            2
        3184            5
        3185          236
        3187          148
        3192          145
        3193         1398
        3194            6
        3197           23
        3198         1226
        3201           27
        3215          370
        3217          206
        3225         1022
        3227          187
        3228          332
        3229           84
        3237          675
        3238            0
        3253         1640
        3255         1591
        3258          855
        3267          198
        3268          115
        3272          881
        3275          467
        3277          243
        3290           12
        3293          177
        3302          252
        3303           82
        3307         1618
        3308          578
        3322          689
        3331           72
        3337           22
        3347            0
        3349          545
        3353            1
        3358          423
        3363           83
        3371            6
        3375          181
        3378           38
        3380          232
        3382            5
        3388          116
        3392           48
        3398            0
        3399           11
        3404         1642
        3412          745
        3415          632
        3420          199
        3427           43
        3430          491
        3436         1340
        3447          261
        3457          435
        3459          846
        3460          294
        3461          350
        3471           12
        3474          146
        3484          237
        3491          775
        3493          453
        3501          191
        3505          739
        3506          467
        3509          174
        3519         1114
        3528           40
        3532          101
        3538          252
        3539         1050
        3540          202
        3547          541
        3552          552
        3560           58
        3568           32
        3579         1494
        3589          121
        3599          846
        3604          141
        3605          121
        3606          146
        3614          586
        3616          470
        3617          100
        3618          114
        3633         1045
        3637          223
        3638          413
        3640           50
        3643           50
        3653          196
        3664          191
        3667          697
        3681          379
        3682           45
        3698          162
        3699           71
        3701           92
        3702           20
        3704          167
        3711           37
        3716          550
        3721            4
        3726         1651
        3728            5
        3729          980
        3730          118
        3731          207
        3732          106
        3738         1143
        3742            6
        3743          830
        3746            6
        3747           22
        3752           12
        3756         1152
        3762          446
        3766          192
        3768            6
        3778         1202
        3784            0
        3788         1474
        3789            1
        3795          236
        3798          907
        3803          215
        3806          560
        3808          393
        3815            0
        3818         1462
        3820            3
        3824           88
        3827          450
        3837           61
        3842            1
        3845          131
        3846           74
        3847            0
        3849          743
        3854            9
        3860          130
        3864           61
        3870         1368
        3874          120
        3878         1154
        3885          788
        3890          851
        3903           42
        3910          324
        3944          776
        3947            0
        3953          260
        3961          120
        3962          167
        3968          309
        3971          206
        3972          266
        3983          158
        3984            4
        3988          105
        3992         1252
        3995          243
        4001           14
        4003            7
        4013         1392
        4017          647
        4033          324
        4036          104
        4040         1103
        4051            0
        4052         1463
        4058            0
        4059         1190
        4064           24
        4067         1358
        4074          101
        4075          180
        4076          123
        4080          992
        4087            0
        4090           81
        4091          329
        4093           23
        4095          148
        4100          116
        4103          959
        4105          105
        4112          865
        4144            8
        4145           18
        4149           32
        4154            1
        4155          241
        4160            9
        4164          105
        4170            5
        4180          567
        4186           60
        4187          788
        4191          191
        4192          489
        4196          213
        4198         1473
        4203          154
        4212          800
        4216          984
        4218            8
        4230           28
        4232          269
        4236          385
        4238            3
        4248          728
        4254            0
        4258          419
        4264           15
        4268         1057
        4270         1348
        4272           12
        4276          846
        4282         1462
        4291           82
        4295          110
        4310           22
        4316         1566
        4322            0
        4324           27
        4330            9
        4334          341
        4340          267
        4342           40
        4344          372
        4345          290
        4347         1449
        4354         1651
        4357           62
        4359          434
        4361           62
        4380            4
        4384         1268
        4395           91
        4397            0
        4401          518
        4407          158
        4408         1464
        4410          534
        4411          144
        4430           96
        4439          869
        4447           33
        4448          401
        4455           27
        4461            4
        4462            0
        4472          394
        4476            0
        4477          494
        4484           17
        4487          928
        4495         1094
        4498          549
        4501            0
        4503           11
        4505         1627
        4508            4
        4511            5
        4523           12
        4536         1561
        4537            0
        4550           11
        4554           84
        4573          395
        4575            4
        4576          140
        4577            4
        4582          167
        4584          890
        4586          164
        4601          371
        4602          166
        4604          416
        4612          413
        4613           50
        4614          824
        4636          255
        4645          549
        4648          529
        4652          123
        4654          344
        4663            5
        4681         1567
        4687           63
        4689          151
        4691           31
        4692          270
        4727           43
        4744          117
        4747           61
        4749          147
        4754           85
        4760          116
        4764            0
        4767          681
        4773         1551
        4776           44
        4777          218
        4778         1118
        4783            9
        4784         1136
        4792          827
        4812            0
        4818            0
        4821           39
        4827          363
        4834          848
        4840           16
        4844           28
        4846          303
        4858           11
        4859          174
        4873           97
        4880          205
        4884           32
        4886          508
        4893            0
        4894          268
        4897           64
        4899         1026
        4902          116
        4914           75
        4918          151
        4919            5
        4931          412
        4936          222
        4941            0
        4944          191
        4954          479
        4959           61
        4970         1356
        4976         1527
        4980          115
        4983          107
        4990           12
        5002          493
        5003            0
        5010          931
        5011          131
        5021            0
        5023          647
        5028           45
        5031            0
        5038           55
        5044          396
        5047            5
        5054            0
        5064            9
        5066          399
        5068          771
        5074          272
        5080            0
        5081          986
        5083          491
        5084           77
        5088          275
        5106          114
        5114            4
        5122           97
        5127          264
        5130            4
        5131            0
        5145          576
        5152           22
        5170            0
        5171          639
        5176          170
        5183           20
        5185           11
        5190          241
        5194          147
        5199           16
        5206            6
        5208           30
        5212          272
        5216          111
        5239          971
        5249          402
        5253          282
        5262            7
        5269           12
        5273          100
        5282          540
        5284            1
        5295           17
        5312            1
        5314            0
        5316          185
        5317          899
        5324            4
        5330           29
        5342          255
        5349          123
        5359          869
        5366          731
        5372          330
        5374           14
        5375          340
        5379          697
        5390          102
        5394           53
        5397          263
        5400           13
        5401          173
        5405           63
        5407           22
        5414          250
        5419         1193
        5429         1017
        5434         1640
        5438            7
        5439          132
        5442          124
        5443          330
        5446         1168
        5452            0
        5461          542
        5468          305
        5474            0
        5496            9
        5497          608
        5498          361
        5505           61
        5513          324
        5523            0
        5529          146
        5530            4
        5534          436
        5536          215
        5545           30
        5553           40
        5557          132
        5567          641
        5568            0
        5584          192
        5587          422
        5591            4
        5592          124
        5594         1450
        5605          401
        5609          255
        5612           22
        5636          686
        5640          483
        5642           26
        5656          245
        5665           32
        5667          542
        5673          305
        5679         1503
        5684          960
        5691           28
        5693          325
        5701          763
        5705          175
        5717          164
        5722          116
        5741         1145
        5743           14
        5747         1393
        5762         1081
        5763            0
        5780          158
        5788           26
        5789           12
        5792          448
        5793          251
        5809          132
        5811            9
        5819            0
        5825          437
        5831          504
        5832           61
        5834            5
        5840          483
        5844            0
        5857            1
        5862           60
        5865            0
        5867          260
        5868          270
        5869           50
        5882          282
        5887          570
        5895           52
        5912          328
        5914          544
        5920         1070
        5937         1534
        5941          250
        5943          492
        5944           13
        5951            0
        5952          980
        5979          314
        5985            4
        5991          145
        5992          191
        5993           51
        5994           61
        5998           50
        6007          459
        6026           22
        6032          116
        6036          150
        6038            9
        6056           57
        6078          444
        6097          327
        6120          739
        6124          254
        6126          390
        6137          474
        6141            4
        6146           22
        6157          146
        6165         1462
        6172         1188
        6189           50
        6197            0
        6208          334
        6228          123
        6246          100
        6254         1452
        6257          241
        6259          785
        6264           12
        6269          736
        6272         1345
        6280         1201
        6281          167
        6282          727
        6284          235
        6289          589
        6294          104
        6299          115
        6300            7
        6301          396
        6303            0
        6310          142
        6323         1440
        6324          374
        6330            1
        6333          196
        6334          337
        6342         1196
        6346           31
        6347          586
        6355           85
        6361          891
        6362          357
        6363          320
        6380            2
        6395          284
        6398          431
        6400           58
        6411          251
        6413           37
        6414          164
        6415           33
        6419          341
        6424          205
        6425          161
        6446          344
        6447          789
        6451           17
        6472            0
        6482            0
        6483            0
        6486           30
        6492          222
        6493         1644
        6494          181
        6498           77
        6507          556
        6524          592
        6527           12
        6542            6
        6543          454
        6554            0
        6555         1197
        6557          347
        6570          722
        6591          765
        6614          267
        6619            1
        6636            0
        6642            4
        6653          299
        6656          194
        6658            0
        6660          785
        6669           91
        6671          259
        6680          847
        6693           22
        6702          520
        6706           26
        6713            3
        6725           45
        6730           13
        6731            0
        6739          645
        6753           11
        6794            5
        6801          631
        6809          159
        6819          826
        6824         1455
        6826            0
        6827            0
        6833           32
        6838           63
        6849          247
        6863          247
        6882            5
        6886          149
        6891          511
        6892          207
        6899          385
        6903           40
        6913          314
        6915          683
        6923          317
        6927          589
        6928           16
        6948            0
        6949          245
        6962            0
        6964          661
        6985         1499
        6995          508
        7002            9
        7007           85
        7014          899
        7041          246
        7058          518
        7059          110
        7077           51
        7091           24
        7094           37
        7099          423
        7107            0
        7118            0
        7135          159
        7143          266
        7155          201
        7164           12
        7168            0
        7173          867
        7175            0
        7179            0
        7185           24
        7190          532
        7202          304
        7204           33
        7218            0
        7228            0
        7234          214
        7235          661
        7237          163
        7241          410
        7258           95
        7263          966
        7266          467
        7287           13
        7303            3
        7315           30
        7316          761
        7320          713
        7323            5
        7329          481
        7335          524
        7336            3
        7348          145
        7358           52
        7363            0
        7385           40
        7386          960
        7390           26
        7396          105
        7406         1356
        7416            5
        7423          659
        7428           17
        7431            3
        7439          196
        7450            7
        7463           11
        7468          212
        7483          222
        7505          314
        7517          114
        7523          623
        7549            2
        7560           53
        7570            0
        7577            2
        7585           71
        7586          556
        7595          621
        7612          109
        7646          236
        7652            6
        7654            0
        7657           63
        7658          967
        7668          188
        7672          222
        7675            1
        7682            4
        7685            0
        7702          580
        7714           13
        7721            7
        7728          239
        7730           77
        7731          207
        7743            1
        7750           73
        7783           12
        7789            0
        7793           14
        7794          142
        7807            2
        7813            6
        7817           16
        7823           24
        7828            7
        7831          476
