# HaloID(1) HaloID(2)
           0            0
           1            1
           2            2
           3            3
           4            4
           5            5
           6            6
           7          194
           8           89
           9            1
          10            0
          11            9
          12         3316
          13          337
          14           13
          15         2760
          16            0
          17            5
          18         8475
          19         2330
          20         3061
          21           92
          22         1932
          23         1112
          24          358
          25          110
          26          116
          27         1164
          28           16
          29           18
          30            9
          31          457
          32          975
          33          107
          34         1021
          35           35
          36         1521
          37          118
          38         5088
          39         4219
          40         4324
          41          753
          42           98
          43         1150
          44           43
          45         3479
          46          550
          47          862
          48           47
          49          155
          50          182
          51         1197
          52         2368
          53            2
          54         3698
          55          176
          56          869
          57           96
          58         1210
          59           60
          60          219
          61           59
          62          169
          63          170
          64         3494
          65           64
          66            0
          67         3651
          68           21
          69         6432
          70          108
          71          458
          72          707
          73          524
          74           73
          75          708
          76         2373
          77          582
          78           34
          79         2361
          80          776
          81         1622
          82            0
          83           74
          84         1413
          86          324
          87         4484
          88         7230
          89          918
          90         3004
          91          841
          92         5365
          93            3
          94            2
          95          495
          96         2953
          97          522
          98          573
          99         3519
         100         8957
         101         4751
         102         6667
         103          103
         104          390
         105         4158
         106         5426
         107          108
         108         4057
         109          455
         110         4543
         111            3
         113          363
         114          608
         115         4037
         116         2479
         117         2093
         118         9224
         119         5311
         120         4738
         121          842
         122         3292
         123         5898
         124            9
         125         3813
         126         4680
         127          202
         128         8988
         129         6191
         130         5966
         131         3300
         132         1557
         133         2980
         134          529
         135           52
         136          387
         137          231
         138          127
         140         5245
         141         2201
         142         2986
         143           44
         144         5218
         145         1059
         146          142
         147         1364
         148           13
         149         1652
         150         1993
         151          315
         153           75
         154          776
         155           92
         156           39
         157         1330
         158         4576
         159         4353
         160         8037
         161         4441
         162         1508
         163         4281
         164          117
         165         1196
         166           12
         167          167
         168         2078
         169         4816
         170         1517
         171         5494
         172         3619
         173         1991
         174         1953
         175          355
         176          216
         177         1603
         178         1901
         179         7791
         180          106
         181         2182
         182          149
         183         1556
         184          170
         186          490
         187         6390
         188         7317
         189           34
         190           77
         191            2
         192         5925
         193         6978
         194         3864
         195          798
         196          196
         197         8797
         199            6
         200         3514
         201          204
         202          260
         203         2594
         204          299
         205         6429
         206         2645
         207          122
         208          217
         209         5589
         210          261
         211          190
         212         3700
         213          290
         214          448
         215          111
         216          129
         217          144
         218          688
         219          867
         220          240
         221           43
         222          250
         223         2749
         224         1056
         225         8995
         226         3362
         228           37
         229         2461
         231         2312
         232           83
         233         3476
         234         5949
         235         2704
         236          740
         237         2663
         238         2076
         239           72
         240          387
         241         3214
         242         4795
         243            0
         244           45
         245          369
         246         3069
         247            2
         248          248
         249         3246
         250          170
         251          307
         252         5370
         253          300
         254         2012
         255         4428
         256          294
         257           68
         258         1342
         259           73
         260         1578
         261         5617
         262         5731
         263          108
         264         1711
         265         1713
         266         4411
         268          322
         270            1
         271           74
         273          249
         274         1934
         275         2775
         276         2182
         277         2346
         279          198
         280         3906
         281         1910
         282         1175
         284         3289
         285         1629
         286         4806
         287         1421
         288         3920
         289         2371
         290         6846
         291         2681
         292         6064
         293           31
         294          105
         295         1513
         296         7950
         297          585
         299         2305
         300         5266
         301         6031
         302          185
         303          216
         304         5811
         305         1827
         306          965
         307          434
         308          741
         310         3555
         311          307
         313          194
         314          790
         315         6310
         316           67
         317          526
         318          710
         319         4774
         321          513
         322            9
         323         5817
         324         2673
         325           49
         326         3718
         327           80
         328         2094
         329          118
         331          861
         333         6482
         334          138
         335          939
         336         8786
         338         1122
         339         4905
         340          432
         341         5580
         342           43
         343           16
         344         2268
         345         1234
         346          657
         351          194
         352         4082
         355          926
         356         1144
         357          394
         359         5207
         360          947
         362         1007
         363         3443
         364         4074
         365         1037
         366         6266
         367         4113
         368           22
         369         4022
         371         1164
         373         2121
         374          177
         375           29
         376          397
         377         8628
         378          324
         379          126
         380         7944
         382           73
         384         1150
         385           96
         386          105
         387         4277
         388          280
         389         1882
         392         3675
         393          189
         395         1875
         396            0
         397         2191
         398           31
         399         1903
         400          413
         402         2007
         403         2474
         404          410
         405         8720
         406         8093
         407          401
         408          396
         409         1485
         410          754
         411         2417
         412          211
         413           36
         414          351
         415         9179
         416         7883
         417            0
         421          982
         422         2647
         423         3357
         425          421
         426           92
         429           33
         430           58
         431          798
         432         1821
         433         1325
         434           75
         437          728
         438          105
         441           86
         443          430
         444         3325
         445           72
         446         1218
         447         3263
         449         6564
         450          469
         451          929
         452         6654
         453         1576
         454         7583
         456          124
         457         3169
         458           14
         460         3162
         461          288
         462          446
         463           18
         464         7462
         465           19
         466            0
         467          471
         468         1964
         471          773
         472          147
         473           98
         474          849
         475         6311
         476         5908
         477         2566
         478          436
         479         6465
         480         4751
         481         1726
         482         3161
         483         1140
         484           91
         485          384
         486         4700
         487         2646
         488          678
         489         3632
         490         2268
         492         7047
         493         8137
         494         3162
         495         2143
         496          189
         497          274
         498          130
         499         8791
         501         8777
         502          246
         503         1490
         504          947
         505          512
         507          281
         509         6573
         510          508
         512            0
         513          359
         516         1035
         517         6963
         518         5616
         519         5806
         520          606
         523          525
         524            0
         525         3284
         526           62
         527         5088
         528          225
         529         3894
         530          516
         531          595
         532          359
         533          541
         534         6074
         538         4427
         539         2443
         541         1818
         543          508
         544           52
         546         6241
         548         1513
         549         1042
         550         1818
         551         3911
         553          633
         554         3223
         555         2964
         556         1986
         557         2383
         558         6501
         559         6278
         560          342
         561         1177
         562         6508
         563          372
         564          281
         566          108
         567         6738
         568         1178
         569         3540
         570          497
         571           15
         572         3619
         573           23
         574         3691
         575         1485
         577         2312
         579            5
         580          212
         581          591
         582         5661
         584          487
         585         6908
         586         2804
         587         1127
         588          398
         589         5336
         590           13
         591         2740
         592          550
         593         1623
         594         3649
         595         1183
         597         3508
         600          745
         601          813
         603          104
         604          126
         605          614
         606         2588
         607           54
         608         7377
         609          681
         610         6956
         612          271
         613         2073
         615         1303
         617           44
         621         2648
         622          286
         623          614
         624         5287
         626          492
         627         8526
         628         3719
         629         1104
         631          940
         632          217
         633         6019
         634          931
         635          126
         636         1867
         637           91
         638         5150
         639          648
         640            2
         641         8548
         643         9426
         644          281
         645           33
         646         4533
         647          373
         648         3153
         649         2192
         650           27
         651          170
         652            0
         653          664
         655         1050
         656         2632
         657            3
         659         1921
         661         2838
         663         1292
         667         5892
         668          277
         669          883
         670           31
         671          628
         676         4722
         678         6432
         680         1341
         681          679
         682          511
         683          546
         685         1319
         686         1184
         687          387
         688         1345
         689         4324
         690          256
         691          614
         692          283
         694            9
         696           83
         697         5068
         698         3307
         700         8061
         701         3735
         702           51
         705         1162
         706         1280
         710         6248
         711         5107
         712           58
         713         5782
         717         4140
         719         1051
         722         3600
         723          287
         724         1670
         726         2432
         727          541
         729         5892
         730         3693
         731          962
         732          347
         733         1473
         735         8503
         738          734
         739         2617
         740          108
         741          494
         742         8087
         743         1780
         744         2557
         747          792
         748         7152
         750          500
         751         1365
         752         6946
         753         2002
         754           10
         755         1564
         758         8188
         760          132
         761         1244
         762            0
         763         2426
         765            0
         766         3811
         767         2609
         768            7
         769         8172
         770          237
         771         1152
         774         2260
         775         3106
         777         6940
         778         1310
         780         8221
         781         1683
         783         1590
         784         3466
         785          761
         786         3996
         787          278
         788          325
         791           45
         792          132
         793         1293
         794          318
         795         2002
         799         4392
         800          497
         802         6437
         803         3348
         804         1937
         805         1233
         806         2775
         808          400
         809         9258
         810         2241
         814         1114
         817         1219
         818          146
         819         1508
         820            2
         822         3079
         825           26
         826         8895
         827         1341
         829         3852
         830         1111
         831          438
         832          137
         833          128
         834         5197
         835         3684
         836         1517
         837          790
         838         3059
         841          520
         842           93
         845          631
         846          822
         847          181
         848          644
         850           44
         854         4340
         855         5028
         856         2934
         857         7874
         858          298
         859          822
         860           27
         861         5996
         862         2023
         863         1199
         864         3074
         865          879
         866         2169
         867            4
         869          874
         871           18
         872         1483
         873         1179
         874         3408
         875          308
         877          261
         880         2632
         881         1597
         887          227
         888         2574
         889         2167
         890          896
         892         2490
         894          824
         895          912
         897         1268
         898         1095
         899           13
         900         4408
         904         4599
         906         5255
         910          911
         911          805
         913         3320
         914         4816
         915          794
         916         7535
         917         1163
         918          105
         919          280
         922           75
         923          532
         924          889
         927         9066
         928         7521
         929          146
         930           44
         935         2849
         936         1935
         937           15
         938            0
         940         1035
         941          141
         942          472
         943          948
         946         1183
         947         1947
         948           39
         949           66
         951         7541
         953         1281
         954         3618
         955         5937
         958           96
         959          105
         960         2855
         963         1937
         966          473
         968         1537
         969          127
         971          502
         975         1718
         977         5008
         979         1963
         980          170
         985         1903
         986          170
         987         2861
         988         2962
         989         1837
         991           88
         992         3227
         994         7864
         995         1982
         996         8084
         998         2250
         999         1013
        1001         5925
        1002           42
        1004         4593
        1005          290
        1009          247
        1011         7142
        1016         5693
        1017          384
        1024         1996
        1027         1033
        1029         6323
        1031         3747
        1032         7686
        1033         7361
        1034         1017
        1037          853
        1039         9131
        1040         5591
        1041         2546
        1042           32
        1044         7563
        1045         2053
        1046         3232
        1047         5537
        1051         3091
        1053           18
        1054         4810
        1055         6422
        1056          706
        1057          292
        1058         4137
        1059         1159
        1060         5966
        1061         8556
        1062         4973
        1067          189
        1068          509
        1069         3626
        1070          375
        1071         2972
        1075         8139
        1076         4353
        1078         6351
        1079         2431
        1080         5215
        1082         8083
        1086         7637
        1087         1084
        1088         1771
        1089          996
        1090         6683
        1091         2428
        1092          119
        1093         1242
        1095         5218
        1096          388
        1102         3071
        1105          493
        1108         3058
        1109           19
        1111         8982
        1112         8403
        1114          735
        1115         1111
        1118         3306
        1119          105
        1122         1845
        1124         1993
        1125           47
        1126         8302
        1127         2429
        1128         3482
        1130         7196
        1131         5003
        1132          170
        1133          251
        1135         7075
        1136         6720
        1137          113
        1138          554
        1142          425
        1146         1160
        1147         2007
        1148         4845
        1150         2753
        1151         1425
        1152          502
        1153         6901
        1154          343
        1155         7218
        1156          446
        1157         3715
        1158         3618
        1159         1726
        1161          484
        1162         7776
        1163         1865
        1165           71
        1167          116
        1168         3786
        1169          154
        1170          314
        1171          284
        1172          108
        1177         3350
        1180           16
        1182         1293
        1184         1320
        1185          825
        1188           44
        1189         7439
        1190           59
        1191         1511
        1192          768
        1195         1158
        1197         4032
        1198          502
        1199          651
        1201         2384
        1202           51
        1203         6698
        1204          108
        1207         1266
        1209         1193
        1211         3321
        1212          181
        1213           32
        1214         5022
        1215           39
        1216         6425
        1217         7920
        1218         2330
        1221           19
        1222         1689
        1223          473
        1225         5106
        1226         1087
        1228          598
        1230         1713
        1232            4
        1235           62
        1238         8475
        1240         1904
        1242           18
        1244         4276
        1245          191
        1249         7398
        1250         2064
        1251           80
        1252         4327
        1253         5013
        1254         3384
        1255          307
        1258         2023
        1263         1559
        1264          531
        1266            6
        1268         2421
        1269            0
        1270         1780
        1271         1890
        1272         4689
        1273          798
        1277         1183
        1278         4121
        1279         1299
        1280         4961
        1281         1268
        1283         8103
        1284         4884
        1286          539
        1287         1565
        1289         1596
        1290          997
        1291         3866
        1292         2052
        1293         1908
        1295         7818
        1296         8023
        1297         1235
        1298           87
        1299         4359
        1302          521
        1304           21
        1306          253
        1308         1023
        1309         8522
        1310         7324
        1312         9259
        1313           20
        1318         6365
        1319         1940
        1324           23
        1327          558
        1332          649
        1333         2624
        1334         2296
        1335          719
        1336         1015
        1337         2066
        1339         8193
        1341          933
        1342          472
        1345         7664
        1346         1268
        1347          309
        1348         3126
        1352          615
        1354         2212
        1355          501
        1356          349
        1358         3100
        1359         2462
        1360         4933
        1362         1478
        1364          508
        1365         2820
        1367          570
        1368         3432
        1369          279
        1372          188
        1373         9112
        1375          392
        1377         4489
        1380         5276
        1384         1116
        1385         8380
        1388         6097
        1391           39
        1392         5614
        1393         1419
        1395          678
        1396         9317
        1397         1039
        1400         2864
        1402         2066
        1405         1512
        1407         9431
        1408          360
        1411         5472
        1412         7967
        1417         4159
        1419            1
        1420         8453
        1421         5750
        1422          602
        1424         1155
        1425         5249
        1427         1551
        1430         2445
        1434          631
        1435         3352
        1436         9265
        1437           84
        1438         4828
        1439         1960
        1440         2973
        1442          126
        1445          125
        1446         6365
        1447         4765
        1449          146
        1454         6049
        1456         4919
        1457         8107
        1459         1526
        1461          205
        1462          106
        1467         2921
        1468           23
        1470         7009
        1471         5247
        1472          589
        1473         1330
        1474         4925
        1476          317
        1480         7583
        1481         1319
        1483          883
        1485         1008
        1486         4679
        1487          130
        1489           79
        1491         5435
        1494         7812
        1496         1264
        1499          196
        1500         3837
        1502          564
        1503         5920
        1504         8105
        1505         1347
        1506          105
        1507          293
        1514         1530
        1516          401
        1518         1612
        1519            2
        1522         3672
        1523         3010
        1524         4200
        1526         2771
        1528           75
        1530         1982
        1531         6794
        1533         1527
        1535         5293
        1539         8871
        1541          154
        1542         2861
        1546         1518
        1548         1937
        1553           29
        1555         2601
        1556         1537
        1560         1161
        1561          259
        1565         2267
        1567         3441
        1568         8558
        1572         3919
        1573          404
        1574          681
        1575         7248
        1577         2437
        1580          445
        1581         1321
        1587         1597
        1589         4897
        1590         4481
        1593         1588
        1594          339
        1596          630
        1598          469
        1599         6208
        1600          114
        1601          774
        1602         4255
        1603          289
        1605         1955
        1607           19
        1608         3571
        1609          109
        1610           23
        1614         5596
        1616          106
        1618           50
        1620           88
        1624          486
        1625         1512
        1627         1315
        1630         6996
        1631         6914
        1633         2588
        1634         3129
        1635         1798
        1636          481
        1637         3179
        1639            0
        1640         7326
        1644         1642
        1645         1153
        1646         1049
        1658         5756
        1659          219
        1660         1718
        1664         4346
        1665           31
        1666           39
        1669           86
        1670         1789
        1671         4994
        1672          239
        1674          469
        1676          708
        1677          455
        1679          420
        1681         2933
        1682          663
        1686         8459
        1689           18
        1697          116
        1698         1179
        1700            5
        1701         3198
        1705         1366
        1706         7033
        1711         4140
        1712          491
        1715         6365
        1716         1937
        1718         2648
        1719         5756
        1722          180
        1725         5168
        1726          117
        1727          219
        1732         3115
        1734           40
        1735         8469
        1736            0
        1741         2493
        1742          404
        1743         6865
        1745           41
        1748          937
        1749         1369
        1750         1175
        1751         6559
        1753           45
        1755         4766
        1756          951
        1757         2600
        1765         2957
        1766          261
        1767          755
        1773         4122
        1775          341
        1777         5308
        1778         6794
        1779         3855
        1781          374
        1782         1175
        1783           48
        1785         6186
        1787           41
        1788         4030
        1792          340
        1795         5104
        1796           68
        1799         1152
        1800         4679
        1801           31
        1802         2164
        1803          190
        1804         7950
        1805            0
        1806         1081
        1809         1510
        1811          378
        1816         4963
        1817         1599
        1820           13
        1823           73
        1824          594
        1829         8833
        1831         6322
        1833         3041
        1835         3198
        1840         4576
        1841         2033
        1843         2192
        1844          147
        1845         1319
        1849         1881
        1852          372
        1853         9311
        1854         3526
        1855         6698
        1856          825
        1857          173
        1859         8424
        1863         7682
        1864         6436
        1865         3731
        1867         4276
        1870         2036
        1871          661
        1872         1021
        1874         3632
        1875          754
        1876         8438
        1877         4940
        1879         1208
        1880          444
        1881          363
        1884          516
        1887           26
        1888         1879
        1893         4878
        1894           17
        1895         5173
        1896         6506
        1897          880
        1898          119
        1899         1813
        1901           18
        1902          928
        1904         1730
        1906         4206
        1907          183
        1909          150
        1911         2309
        1914          725
        1915         6546
        1917         5715
        1919         3409
        1920           62
        1922           19
        1924          184
        1926           26
        1928          469
        1930          573
        1931          201
        1932          194
        1933         3169
        1934         9130
        1935         6616
        1936          343
        1937         6322
        1943            0
        1945          322
        1947         1249
        1952          597
        1955         6098
        1958         1175
        1959         7663
        1961         1657
        1964          593
        1967         4244
        1973          620
        1974         8610
        1975         2572
        1976          398
        1977         2115
        1980         1836
        1982         1121
        1984         2145
        1985          652
        1986         5092
        1990         1176
        1992         4452
        1993          252
        1994         3441
        1995          469
        1996         8036
        1997           14
        2000         2414
        2001          594
        2002           74
        2003         7718
        2007         5501
        2008         7136
        2009         4885
        2011          288
        2013          648
        2014         2042
        2016         2004
        2021          256
        2024         2883
        2025           39
        2026           72
        2030           79
        2034          188
        2036         2010
        2038           18
        2039         2632
        2041         1422
        2042         3265
        2048           23
        2049         6130
        2053         1976
        2054         3432
        2057         1130
        2059           28
        2060         1550
        2061         1619
        2062          680
        2063         7050
        2065         1821
        2068          511
        2071         1370
        2073         7292
        2076          846
        2080          294
        2081            0
        2082         2881
        2089         1890
        2093         2070
        2094          377
        2095           19
        2096         6777
        2100         8298
        2101         2545
        2102          419
        2103         3123
        2104          644
        2105         4265
        2106         7625
        2108          145
        2110          103
        2111          560
        2112          723
        2113         2144
        2114            7
        2117          126
        2118         8037
        2119           39
        2120         2989
        2122         6173
        2126          563
        2127         3519
        2128          949
        2130          708
        2134         1749
        2135          266
        2140         4647
        2141          895
        2143         2152
        2145         2104
        2148          706
        2149         6484
        2159           73
        2163          630
        2164            0
        2168         6517
        2169           27
        2170          349
        2171         1053
        2172         2867
        2177         7743
        2179          445
        2182         5572
        2184         5688
        2187         4638
        2189          708
        2190         1221
        2191         4337
        2193          649
        2195         2733
        2196         2590
        2198          794
        2199         5247
        2200           44
        2203         4350
        2205           67
        2207         3487
        2209          462
        2210          362
        2214         3862
        2220         4240
        2221          269
        2222         2333
        2226           68
        2228         1466
        2232         6268
        2235         1013
        2237         1017
        2238          834
        2239         3120
        2240         2321
        2242         1274
        2247         3119
        2249         2145
        2251          194
        2255         2736
        2257           60
        2258         3718
        2261         7442
        2265         5702
        2266          316
        2270         2115
        2274         2267
        2275          595
        2279          768
        2280          546
        2281         2661
        2282         5146
        2284          319
        2285         2490
        2286         2299
        2288         9136
        2293         2528
        2294         4651
        2296         1755
        2297            1
        2298         1257
        2300          882
        2303         6869
        2304         3429
        2306         5109
        2307         5817
        2311           11
        2315         2496
        2318         1656
        2319         3313
        2321         1059
        2322         4512
        2323         2331
        2324         7418
        2325         1185
        2326         1700
        2328           48
        2332         2341
        2338         5595
        2339            7
        2340         3400
        2345         1778
        2347          376
        2350           10
        2351          987
        2352         1075
        2355          394
        2363         1833
        2369          950
        2372         1208
        2375         8520
        2380         1384
        2383          377
        2384           51
        2386          291
        2388         3129
        2391         5100
        2392         6630
        2393          816
        2396         1228
        2402           35
        2404         7606
        2406           23
        2407          784
        2408         2316
        2409         1111
        2411         5035
        2413         2035
        2419          524
        2420          290
        2422          141
        2424          548
        2428           24
        2429          376
        2430            0
        2433         4411
        2439          708
        2440         1660
        2442         2590
        2444         1123
        2447         2649
        2452           39
        2453          737
        2454          225
        2456           83
        2467         1158
        2469         1006
        2471            7
        2473           17
        2476         2318
        2481         3514
        2483         2021
        2485         3264
        2486          882
        2489         2120
        2491         6175
        2492         3987
        2494          114
        2496          647
        2500         1170
        2502         5982
        2503         8781
        2505           25
        2506         1078
        2508          427
        2509          885
        2511         1428
        2512          690
        2514         1736
        2515          631
        2521          518
        2523         5150
        2525          743
        2526         1191
        2527         3771
        2530         2510
        2532           26
        2535          261
        2538            0
        2539         2691
        2540         6955
        2542          828
        2545           42
        2546          831
        2550         1379
        2552          722
        2553         3859
        2555         5086
        2557         4955
        2558           80
        2562          193
        2567         1496
        2568         8526
        2571          232
        2572          314
        2573          599
        2577          913
        2578         3100
        2579          466
        2584          142
        2587         5097
        2590          298
        2591          427
        2592           26
        2599            0
        2604         1523
        2607         9181
        2609          522
        2610         5733
        2611         1175
        2612           65
        2613         3918
        2616          548
        2618         6666
        2619         5352
        2621         1059
        2625         3976
        2628         3816
        2632         4939
        2634          103
        2635         2589
        2637           79
        2638            7
        2639          416
        2641          965
        2642          970
        2647         4563
        2649            2
        2652          271
        2653         1494
        2655         8720
        2657          455
        2663          165
        2666         5256
        2667         4531
        2670         3037
        2672          335
        2678         7719
        2679          646
        2682         5070
        2684         5661
        2685          868
        2689         2674
        2690         2104
        2691          375
        2692         4369
        2696         6423
        2698         2982
        2699         5356
        2702            0
        2704           24
        2709         6864
        2712            2
        2713          497
        2716         1787
        2717         1822
        2718         1299
        2720         2133
        2722         2734
        2724          126
        2725          478
        2728         3996
        2730         4157
        2731         2448
        2736          395
        2741          785
        2747         3027
        2748         8194
        2750          308
        2751           20
        2752          232
        2753         3654
        2758         3144
        2760         1750
        2761         3028
        2764         3324
        2769           27
        2772         1035
        2773         1224
        2774         2962
        2779         6167
        2782          843
        2783         1844
        2784          768
        2785         6956
        2787         3079
        2790         2775
        2795          471
        2806         2905
        2807         7043
        2808         7979
        2810         2755
        2821         1132
        2824         1341
        2826         2694
        2827         3096
        2828         3650
        2829          621
        2830         1181
        2831           26
        2833         1996
        2835           74
        2836         6827
        2839         7432
        2845         3916
        2851         1347
        2859          546
        2860         1567
        2863          414
        2869          876
        2870          334
        2872            0
        2874            4
        2876         2462
        2877         4578
        2880            4
        2882         2262
        2883         4303
        2884          450
        2885         2842
        2886         7848
        2892         8531
        2898           84
        2903          813
        2905         2414
        2910         3494
        2911         3919
        2913           16
        2914         4038
        2916         7718
        2918         1633
        2921            1
        2922          911
        2923          514
        2924         5702
        2926         7001
        2928          881
        2930         5910
        2931           55
        2934         1458
        2938          269
        2942         9068
        2945         2580
        2949         1864
        2953         2082
        2954         3278
        2955         1413
        2956         1799
        2958         4884
        2960         3722
        2962         8994
        2964           18
        2967           70
        2970         1657
        2972          219
        2973          432
        2976         5971
        2981            0
        2983         1659
        2985          768
        2986          413
        2990         3083
        2994         1071
        2996         1204
        2998         4462
        3002           83
        3003            0
        3008         1119
        3010          404
        3011         7334
        3015         5276
        3016          153
        3021          263
        3022          770
        3026         4452
        3027         2179
        3030         2823
        3032         2566
        3033          159
        3036          473
        3037           23
        3038           88
        3040           63
        3042          373
        3044          639
        3046          628
        3052         3386
        3057         4681
        3059          161
        3060          698
        3061         6418
        3065          154
        3066           58
        3067         6608
        3068         1020
        3078         1003
        3079          483
        3085         1911
        3086            1
        3088         1765
        3091         4223
        3096         7527
        3101         5507
        3103          457
        3104         6709
        3105          163
        3109         3129
        3110         2499
        3113            0
        3116         3693
        3117         3154
        3120         2239
        3121          181
        3122          594
        3123           82
        3124         3561
        3127           56
        3128          792
        3136         6097
        3138         2301
        3139          100
        3143         2065
        3145         9269
        3147         1722
        3153          420
        3154         1461
        3155          914
        3157         1351
        3158         3223
        3160         6271
        3163         8551
        3165          484
        3168         2682
        3170         1666
        3171          360
        3173          776
        3174         1749
        3179         6261
        3181           34
        3183         3432
        3184         2817
        3186          919
        3194           41
        3195          194
        3197         2600
        3198         1051
        3199            6
        3204           86
        3205         8538
        3209         9242
        3212           51
        3214           39
        3215          796
        3217         1107
        3218          522
        3219          250
        3222          117
        3226          969
        3227         6906
        3231           27
        3232          156
        3234          397
        3235           57
        3238          208
        3239         3238
        3241         1311
        3242         1908
        3246          388
        3247          163
        3248         4563
        3252            0
        3253          319
        3256          719
        3257         2389
        3258         2044
        3262         5439
        3266         2885
        3269         5666
        3270         2445
        3271          378
        3275           99
        3286         1152
        3287         1143
        3288         1562
        3289           68
        3292         3413
        3293         3614
        3295         9099
        3296         3320
        3300          127
        3301          606
        3303         4225
        3304         2471
        3305         1296
        3307            0
        3308         7798
        3309          291
        3313          260
        3317           13
        3319           80
        3320          550
        3322         8803
        3329          965
        3331         1029
        3339          370
        3346         5892
        3348          610
        3358          865
        3362         1562
        3363           89
        3365         3674
        3366           23
        3371           14
        3373          842
        3375          104
        3381         2627
        3382         2991
        3383          896
        3384         2392
        3385         1297
        3386         1265
        3389          358
        3394         2590
        3396          831
        3403         1513
        3406         7950
        3407         6621
        3409         1652
        3414         1498
        3416         2341
        3419          953
        3420          256
        3421          888
        3422         6446
        3423         3142
        3427          759
        3428         2787
        3430         1251
        3431          111
        3435         5954
        3436         1307
        3439          260
        3442         1177
        3444          225
        3448         1027
        3452          365
        3454         3800
        3455         1134
        3456          735
        3460         3602
        3462         1242
        3467            0
        3471         3365
        3473         1021
        3482            4
        3483         2695
        3484         1737
        3485         3601
        3487          242
        3489           29
        3491            2
        3495         6523
        3496          202
        3497            0
        3498         2064
        3503         5188
        3505           19
        3506         6572
        3510          314
        3511           15
        3514            2
        3515         2766
        3516          861
        3521          772
        3522          336
        3525         1163
        3529         2689
        3535          105
        3538          414
        3540          206
        3541           58
        3542         2382
        3543          216
        3547         3330
        3548         1338
        3549          206
        3551          103
        3554           63
        3555         2901
        3560         3002
        3562          120
        3565            0
        3567           37
        3568           53
        3571         2497
        3574           27
        3585           13
        3586         4620
        3587           27
        3589         1518
        3591           40
        3593         3575
        3596         1528
        3598         7296
        3599          247
        3600         2275
        3602           34
        3603          417
        3609          188
        3610         5157
        3612          835
        3613         5443
        3614         5806
        3618          124
        3623         6802
        3627         5112
        3628         2761
        3629         1006
        3633         2734
        3634         1397
        3640           41
        3662         3438
        3663           18
        3664         3123
        3670          601
        3677         1195
        3679         6352
        3680            1
        3681           51
        3682          859
        3683         1571
        3684           14
        3687         1666
        3688          475
        3689          161
        3697         1337
        3698           12
        3701         5591
        3702          522
        3707          280
        3708          388
        3719          554
        3721          898
        3723         4511
        3725           74
        3726            2
        3732          561
        3738           32
        3746          193
        3752          561
        3760          524
        3765           42
        3770         3095
        3771         6681
        3773           91
        3777          621
        3778         1143
        3780         1692
        3785         1803
        3786         4795
        3788           13
        3789           99
        3791            0
        3792         2782
        3794          647
        3803            0
        3807           12
        3808           12
        3814         3730
        3816          792
        3818         6895
        3819          164
        3821          419
        3823          178
        3824          600
        3825         7457
        3826         1809
        3827         4725
        3830            0
        3832         9068
        3833         1027
        3835         6605
        3841         1122
        3847          499
        3848         1196
        3851         3252
        3854          562
        3857         8465
        3858         1901
        3859          104
        3867         6899
        3868          259
        3871         1452
        3873         3800
        3874         2805
        3877          812
        3887          745
        3888           65
        3892          196
        3898         4931
        3899         1937
        3901         1598
        3904         1236
        3909         8437
        3911         4389
        3913         6311
        3916            7
        3919         1202
        3920          465
        3921         2702
        3922          364
        3926           40
        3929         3153
        3937          651
        3944         4362
        3949         4735
        3950         3738
        3951         7377
        3952          150
        3955          920
        3956           96
        3958         4845
        3962          495
        3963         3955
        3964         5506
        3966          509
        3970          659
        3973         2111
        3975         1199
        3977         5218
        3983         4793
        3992           65
        3998          175
        4001          318
        4009          113
        4010         1429
        4011          179
        4013         1409
        4014          512
        4021          520
        4022          678
        4025          583
        4027         8388
        4029           27
        4032           59
        4033         3082
        4034           45
        4035          458
        4036         2578
        4038         1949
        4044           69
        4048          464
        4049         2811
        4052         2115
        4053           55
        4058            8
        4064            2
        4070          250
        4071          121
        4072            0
        4073         8964
        4080            3
        4087           48
        4088         3378
        4091          253
        4097         1588
        4099         1804
        4101          892
        4102          242
        4103          104
        4104         6907
        4108         3049
        4116         2574
        4117          322
        4123         7455
        4128         1016
        4133         2195
        4138          156
        4148         1008
        4151         4243
        4155         4159
        4156          335
        4160          256
        4161           77
        4164         2873
        4169            5
        4171         6852
        4172         1003
        4174         3226
        4175          267
        4177         1952
        4178         5173
        4179          117
        4181          524
        4182          293
        4185          163
        4189          608
        4191         3045
        4192          375
        4193         4402
        4197         8536
        4206         1156
        4210          376
        4211         7723
        4212         6904
        4214         3176
        4217           37
        4219          117
        4223         1201
        4231         3441
        4233          190
        4234         5225
        4236          915
        4239         5370
        4241         1478
        4243          601
        4249         4125
        4258          105
        4260          113
        4264           26
        4266         1466
        4285         6488
        4289         2703
        4292         3676
        4294           32
        4296           27
        4297         1452
        4298          256
        4300          937
        4302           22
        4305          183
        4306          212
        4307         4418
        4316         3236
        4318           97
        4322          421
        4323         5129
        4324         1481
        4325           13
        4328          145
        4336          633
        4339         7238
        4342         5122
        4343           95
        4346         3585
        4348         5317
        4355          409
        4361          664
        4363          353
        4366         3993
        4370          108
        4377          769
        4379         1520
        4380          192
        4382         4509
        4386         3646
        4392         1773
        4397          239
        4398         6247
        4401         6790
        4402           12
        4407          606
        4409         2671
        4414         2102
        4421         1567
        4425          146
        4426         3871
        4433         1039
        4436            0
        4440         1147
        4443         2377
        4445         3418
        4447         2861
        4457          415
        4460         8812
        4461          479
        4466            0
        4472         1081
        4473          141
        4479           13
        4482         1907
        4483          106
        4485          190
        4486          738
        4487          119
        4488            4
        4495         3366
        4499         2585
        4505          370
        4508          868
        4509           45
        4515         2566
        4516          385
        4532          746
        4534         5996
        4535         7972
        4536         1189
        4537           26
        4539         8110
        4542           79
        4543          179
        4547         2374
        4551          321
        4552           47
        4553          790
        4560          271
        4562         1485
        4563         1420
        4564         2364
        4566           56
        4568         8538
        4577          377
        4579         6852
        4587          648
        4588         8139
        4589         1568
        4592         2371
        4593          246
        4597         1070
        4599         5615
        4600         8163
        4604          755
        4605            0
        4613         7432
        4621           91
        4623          948
        4629         7236
        4633         1803
        4636         7690
        4641           26
        4644          419
        4646         5447
        4647         2322
        4649         3231
        4651         5591
        4657         3115
        4660           11
        4663         1473
        4671          285
        4672         5276
        4679         3481
        4680         4145
        4681         3421
        4687          885
        4688         1886
        4691          127
        4699            1
        4700         2497
        4702          117
        4706           40
        4713           22
        4716         1811
        4717          860
        4725         2226
        4726         3881
        4731          145
        4732          766
        4733         7248
        4736         4166
        4738         4459
        4755          120
        4757         3324
        4759         5018
        4761           14
        4762           27
        4763         4176
        4764           93
        4766          219
        4777           82
        4778          264
        4782          246
        4785           56
        4791         5407
        4794         1406
        4795         4663
        4801          163
        4804          698
        4805          794
        4813            0
        4814         1299
        4821         3336
        4822          539
        4824         1477
        4833         4418
        4836           35
        4837          180
        4840         3456
        4842         7381
        4845            4
        4849         1767
        4859         6348
        4862            1
        4866         3838
        4869         3971
        4872         1623
        4874           18
        4881         1274
        4887         3931
        4890         1467
        4891          376
        4892         5624
        4893         3664
        4894          288
        4896          652
        4899         5182
        4901         4204
        4903         1537
        4904         1384
        4908          419
        4921         6019
        4924           45
        4926            5
        4933         5065
        4934         2790
        4938          466
        4939          155
        4941         1176
        4942         2424
        4943          571
        4944          447
        4947          123
        4952         5947
        4955            5
        4961          150
        4964         1622
        4967          330
        4970         1413
        4975          911
        4985            2
        4992          812
        4995         1286
        4999            0
        5001          651
        5003         3363
        5011         2328
        5013         4666
        5016         2000
        5023            7
        5024         5903
        5025         2994
        5026          101
        5028         1028
        5029           92
        5033          545
        5040         4100
        5043          510
        5047         3397
        5048          455
        5055           26
        5058         3456
        5059           13
        5061         4097
        5063         7398
        5070         1455
        5071         5982
        5072          238
        5073          362
        5074         6365
        5077         1982
        5078          238
        5080         3103
        5081          381
        5082           79
        5087           60
        5089         1713
        5098         6442
        5100          727
        5105          301
        5111            0
        5113         1732
        5116          757
        5118         7418
        5126         2363
        5127          567
        5129         7527
        5132          445
        5135         1073
        5137         1882
        5143         5344
        5147          690
        5149           50
        5150         1847
        5151          603
        5157          385
        5158         3795
        5161            0
        5168         2254
        5172         8011
        5174         1352
        5179         1629
        5182         4136
        5184          271
        5194          127
        5196           37
        5199         1486
        5204         2468
        5206          465
        5207         1042
        5214         1319
        5216         1054
        5219         6350
        5222          107
        5223          325
        5230         2588
        5233         7698
        5239         3162
        5240         1265
        5242         3542
        5243         4125
        5244         5601
        5245         1409
        5249         1176
        5252         4519
        5253         2208
        5255           63
        5262          119
        5264          594
        5265          718
        5267          524
        5272         2111
        5273         2337
        5276          120
        5279            6
        5282         4430
        5286          597
        5289         2564
        5300         1692
        5303          509
        5306           54
        5307           61
        5309          237
        5310         3582
        5314          320
        5315          640
        5320          414
        5325          240
        5326           40
        5328         2296
        5330          779
        5332         2547
        5334         6564
        5335           90
        5336         5337
        5338            2
        5343         4408
        5347         2506
        5350         7929
        5353           79
        5360         1003
        5361         1796
        5362          158
        5374         7094
        5376         1395
        5383           61
        5384          121
        5386           38
        5387         2055
        5391           45
        5393            0
        5394         3683
        5395         2757
        5396         5138
        5412           33
        5415         6311
        5422          392
        5424          388
        5428          117
        5433         1498
        5437         4620
        5441         1222
        5442          279
        5446         2551
        5448         5660
        5449          180
        5451         3251
        5459         7485
        5462         1305
        5463          510
        5465          197
        5466         4657
        5468           26
        5470            6
        5475          280
        5481          293
        5487         7595
        5489          342
        5496          163
        5497          450
        5501          200
        5502         2627
        5507          290
        5517          853
        5526         4939
        5528         9150
        5532          190
        5536         1533
        5538         4307
        5542         7067
        5543         2710
        5546          118
        5552         1557
        5554         3059
        5555          117
        5556           12
        5558          179
        5561           41
        5565            4
        5566         1266
        5570         3332
        5577           29
        5579         8995
        5580         1682
        5584          173
        5585          950
        5586            2
        5592         1548
        5593           77
        5600          753
        5607         1623
        5608            0
        5610         4282
        5612         2766
        5613          203
        5619          414
        5625         1291
        5631         1181
        5634         2506
        5635         3182
        5643         2952
        5645          646
        5647         5987
        5649         3338
        5651         6533
        5652         4383
        5660            0
        5664          713
        5668         1987
        5674          417
        5675         2656
        5677         6730
        5678         1896
        5685         5595
        5690         1790
        5697          259
        5706         1031
        5710         8083
        5711         2840
        5720         1375
        5722          987
        5723          201
        5724         3483
        5732            3
        5733         1201
        5735         7698
        5740         5688
        5741         7305
        5746         4539
        5748          119
        5761         1986
        5762          508
        5764           36
        5766         4638
        5767         1053
        5771          269
        5772         1003
        5775          188
        5778         5669
        5779          612
        5780          594
        5782         1982
        5792           68
        5799         4643
        5800          111
        5803         2248
        5809         1106
        5811         1030
        5812          518
        5818          109
        5819         4945
        5820         6773
        5823            2
        5827         1500
        5830          557
        5831           14
        5843          786
        5850         1981
        5855           13
        5859           28
        5860            0
        5866          743
        5869         7269
        5873          169
        5876         1343
        5878         6674
        5882          143
        5888          547
        5890          201
        5896          226
        5898         1304
        5904          357
        5914          576
        5918         1191
        5921          895
        5923         1976
        5929           55
        5939         1986
        5942         1587
        5943          569
        5946          407
        5950         4919
        5952          260
        5962            6
        5966           61
        5972          554
        5974           13
        5986          383
        5987            0
        5994          146
        5999         1156
        6003         3896
        6008          310
        6013          653
        6014         3611
        6021         5795
        6027           17
        6028          336
        6029         6215
        6030          513
        6032         5385
        6036         1251
        6040         5094
        6041         7399
        6042            7
        6047            0
        6052          442
        6053          843
        6055          432
        6063          100
        6066         6497
        6067         2874
        6071          626
        6072         1433
        6074          322
        6078          148
        6079           41
        6080         5191
        6082         2484
        6090         2048
        6101           43
        6105           40
        6107          201
        6108          563
        6109           21
        6112           56
        6120         5441
        6121         3549
        6134           79
        6135          269
        6141           25
        6147           18
        6152         3118
        6154          447
        6160          340
        6163         1291
        6168         5658
        6177         4718
        6179          121
        6180         5924
        6185          290
        6186          252
        6188          169
        6190         6246
        6191           18
        6207          569
        6211          448
        6218           48
        6220         3234
        6224         1112
        6226          130
        6230         2023
        6231         1180
        6233         1029
        6243         1452
        6251         8781
        6252         3454
        6259          612
        6264          159
        6272           11
        6276           36
        6278          413
        6289          854
        6290         5356
        6292         4282
        6293         2958
        6294          161
        6298         2926
        6306          540
        6309         4833
        6324           65
        6326         5247
        6328          283
        6336          359
        6341         7223
        6354           17
        6355         2816
        6360          842
        6368          751
        6371           13
        6378         1461
        6380            3
        6382          561
        6388            0
        6408           12
        6410          573
        6416         1477
        6418          510
        6420         6081
        6424         1447
        6426         5018
        6429         1750
        6431         5466
        6434         1977
        6438         3682
        6447         2002
        6454          404
        6460         1379
        6463            0
        6466         2393
        6472            1
        6473          237
        6477         1102
        6480         7361
        6495          126
        6498         4671
        6499         3751
        6516         2933
        6519         1744
        6523          395
        6524         2563
        6526           42
        6528            0
        6533          364
        6535         1978
        6537         7639
        6540          157
        6544         2066
        6546          886
        6548         1374
        6549           32
        6553         1785
        6557         1640
        6569          876
        6572          315
        6573          219
        6577         6471
        6578         4332
        6580         1333
        6588         3582
        6590            1
        6596           68
        6598         1537
        6613         6926
        6615          994
        6619         1044
        6620          339
        6621          124
        6632           77
        6637          343
        6640         6996
        6645          169
        6649         6262
        6650         8218
        6655          100
        6660            0
        6663         2545
        6667         1890
        6672          828
        6686            0
        6688         3286
        6694         2233
        6701           98
        6708           43
        6709         3081
        6715           98
        6717         1434
        6718         1528
        6720            0
        6724         1127
        6725           22
        6729          235
        6730         2065
        6736            8
        6739           45
        6745            1
        6746          886
        6748          406
        6751            2
        6753         2203
        6758           15
        6769         1656
        6777         1532
        6781         1048
        6785           64
        6788          633
        6790         2816
        6798         3879
        6799           54
        6809           22
        6811         2578
        6815         2970
        6817           89
        6818         2587
        6824            2
        6827         5594
        6828         4737
        6831          339
        6833           40
        6834         2377
        6848          188
        6856           54
        6860          123
        6861          390
        6862         8834
        6864         2664
        6869         8981
        6871         2293
        6876         1069
        6877         4750
        6884         2999
        6892         3707
        6899         4316
        6900           36
        6901         4921
        6916         1047
        6919            1
        6921          290
        6925           22
        6926          311
        6932          694
        6934         5837
        6944         1158
        6947           77
        6961          335
        6966         6137
        6970           92
        6972          870
        6978          717
        6980         5016
        6986         4140
        6990         6071
        6999           84
        7000           11
        7010          889
        7016            0
        7023         1837
        7031         3519
        7039         2414
        7043         1434
        7048         2215
        7053          248
        7054          377
        7058          509
        7060         2796
        7061         1023
        7066          858
        7071         2195
        7079           42
        7082         1133
        7084          615
        7085         9214
        7090         4057
        7092          571
        7100          334
        7101         4068
        7103           42
        7112         7767
        7113          970
        7118          563
        7124          220
        7125         6262
        7136           61
        7144           96
        7148         5979
        7149          127
        7155         1394
        7163            0
        7170          103
        7175         6459
        7177         4120
        7178         1870
        7183          159
        7184          312
        7188          773
        7196           61
        7204         7643
        7211         1033
        7213         3079
        7214         3307
        7220          271
        7221         4233
        7228          155
        7236         6540
        7239            0
        7243          373
        7246          427
        7248            2
        7250         1811
        7251          347
        7253         5526
        7254          113
        7260          126
        7266         2273
        7274          353
        7279         5008
        7283          177
        7286            0
        7287          417
        7290         6585
        7292           16
        7298         6377
        7299           29
        7300         2484
        7303          474
        7304            0
        7305          180
        7307          768
        7310            0
        7326          766
        7329          339
        7335          824
        7354          554
        7371         2415
        7376         7886
        7377           27
        7378         7095
        7380         6066
        7390          506
        7397          965
        7398         1978
        7405         1717
        7412         4990
        7414          148
        7415         7379
        7416         4448
        7421         4104
        7425           58
        7427         4015
        7430         1803
        7435            0
        7436           37
        7439          120
        7449          541
        7461            9
        7465         7288
        7469          294
        7473         4782
        7479          167
        7483            4
        7484         8011
        7488          508
        7489         2729
        7492          288
        7497          545
        7500           18
        7511         3661
        7513         1899
        7514         3040
        7521         1907
        7527          114
        7535         6441
        7536          232
        7537          803
        7539          326
        7541            0
        7542          718
        7543           30
        7549          334
        7551         1530
        7561          309
        7563           21
        7565          913
        7567           88
        7571         3008
        7583         1708
        7584          311
        7588           79
        7593           29
        7594         4926
        7597          141
        7599         5625
        7601           41
        7604         4104
        7608         3788
        7609         1067
        7614           22
        7619          139
        7621          247
        7624         4046
        7631           37
        7636          246
        7653          446
        7656          539
        7673           17
        7678         1486
        7682         1039
        7686          679
        7687          876
        7692         1000
        7698           42
        7709         1023
        7712         1771
        7720         5999
        7722         1837
        7728          384
        7733          653
        7734          511
        7741           70
        7742         2281
        7747         2296
        7754          180
        7759         3223
        7766           11
        7769            0
        7771         2488
        7772         2064
        7774          687
        7778          640
        7782          375
        7783           47
        7785         1433
        7787          358
        7791         6240
        7806            4
        7808          327
        7809         5033
        7814         2706
        7823            0
        7830         1147
        7841          620
        7848           46
        7854          141
        7859          373
        7863          259
        7867         1369
        7875          445
        7879          980
        7880          289
        7900         7779
        7911           26
        7924          951
        7926          169
        7927          250
        7946           71
        7947          161
        7954           92
        7964           65
        7968         2682
        7971          253
        7974           11
        7977          169
        7981         2734
        7995         5741
        8009          464
        8012           48
        8019         1672
        8020           20
        8024         2637
        8035          561
        8038            0
        8040         3996
        8048         2360
        8055         7120
        8058         6283
        8062         1936
        8079          418
        8081          167
        8094         3064
        8098          159
        8100           82
        8102         6921
        8104            2
        8110         3707
        8119         5232
        8123           41
        8124          271
        8126         1974
        8129         9243
        8143          113
        8148          244
        8152           12
        8157         3930
        8164            5
        8170           82
        8178           22
        8180          208
        8181         7923
        8187           97
        8192            2
        8196          461
        8198           68
        8205          553
        8207            2
        8208         2540
        8209           11
        8218          131
        8221         8451
        8234         1117
        8237         2741
        8256          130
        8263         5931
        8271         4142
        8296            2
        8299          239
        8308         1600
        8315         1982
        8324           33
        8328          395
        8341         1835
        8358          404
        8360         6511
        8372          774
        8380         4129
        8385         1268
        8394          212
        8396          873
        8404            2
        8409           39
        8413          220
        8421         7401
        8436           27
        8438          568
        8439            2
        8446          107
        8455           18
        8456          315
        8457           68
        8458         1308
        8469         3678
        8473         3047
        8474          372
        8489         3742
        8496         1425
        8506          237
        8507         3066
        8508         3402
        8512           41
        8516           20
        8523         2589
        8524         1030
        8530         3115
        8531          334
        8546          873
        8550           30
        8567           22
        8572            0
        8578            8
        8584           45
        8611          521
        8614          739
        8616          785
        8618           39
        8620         1544
        8624           29
        8626          358
        8631          288
        8632         2694
        8639         6146
        8655          780
        8657         2124
        8664         3459
        8666         1733
        8667          466
        8669           64
        8671          173
        8673         8010
        8682           61
        8684          270
        8699          681
        8706         2393
        8711           40
        8717         2025
        8723         5751
        8724          887
        8728            0
        8733         1488
        8742         4518
        8747          607
        8748         2729
        8753          699
        8770         2822
        8777         8762
        8783         8982
        8789         2970
        8791            6
        8796         1396
        8798            4
        8812         3155
        8813          220
        8816          122
        8837          122
        8843          284
        8846            0
        8863          571
        8893         4464
        8894         5775
        8908          570
        8914          100
        8916            0
        8920            0
        8926           20
        8959         4532
        8965           82
        8975         3040
        8981          114
        8987         5700
        8990            0
        8991           56
        9004           18
        9017          103
        9026         3629
        9032         2361
        9034          105
        9041           47
        9064         7574
        9065          648
        9068            0
        9077         6843
        9079         5971
        9088         4637
        9091          418
        9093         8096
        9094          112
        9106          349
        9111         1106
        9122         1543
        9127         1401
        9132         2433
        9150          459
        9157         1724
        9169          311
        9184          780
        9217          113
        9220           96
        9237          717
        9254         7189
        9272         1417
        9274         1276
        9286         2316
        9325         1374
        9329           84
        9331         5176
        9332         2445
        9335         1708
        9339         1296
        9350           16
        9367          787
        9405         1911
        9412            0
        9413          527
        9419          510
        9420           94
        9421         2502
        9423           42
        9428          188
        9433         6780
        9434         4674
        9437         1553
