# HaloID(1) HaloID(2)
           0           20
           1          169
           2           15
           3            6
           4         3013
           5          183
           6           48
           7            3
           8            7
           9         1136
          10          119
          11         2031
          12          738
          13         1396
          14          391
          15          978
          16          294
          17          171
          18          968
          19           19
          20         1940
          21          353
          22          130
          23          108
          24          107
          25          100
          26         1013
          27          482
          28          651
          29           20
          30         1276
          31         3453
          32          642
          33          638
          34          125
          35         1819
          36           66
          37         2838
          38         2513
          39         3545
          40          158
          41         1181
          42          740
          43          150
          44          192
          45          198
          46            3
          47           10
          48          209
          49         3053
          50           52
          51           52
          52           20
          53          655
          54          120
          55          222
          56          300
          57           23
          58           38
          59         1245
          60          901
          61         2243
          62         1842
          63         1573
          64          407
          65         3659
          66           77
          67         1658
          68         1132
          69          604
          70         1232
          71          330
          72           52
          73          359
          74         2569
          75         2531
          76         1588
          77          481
          78         2871
          80          662
          81           82
          82         3231
          83         2061
          84         1149
          85         1552
          86          729
          87         4626
          88          288
          89          101
          90          210
          91            0
          93          138
          94            3
          95          297
          96         2237
          97          167
          98         1273
         100          161
         101         1990
         102         2442
         103          219
         105          691
         107         5160
         108           20
         109          742
         110         2368
         111           26
         112         1213
         113          268
         114          696
         115           37
         116          628
         117            0
         118         1184
         119          360
         120          647
         121           96
         122            2
         123          149
         124          359
         125          395
         126          431
         127           14
         128          137
         129           68
         130           25
         131          525
         132           27
         133          143
         134          108
         135         2241
         136          252
         138         3104
         139         1590
         140          143
         141           33
         142          283
         143         1031
         144         1421
         146         1876
         147           65
         148         3756
         150         1207
         152          169
         153           21
         154           61
         155         3305
         156          700
         157          606
         158          149
         159         3442
         160         1345
         161         1116
         162           26
         163          110
         164         1220
         165           70
         166           26
         167          103
         168          223
         169          794
         170         4143
         171          366
         172            5
         173         1507
         175          154
         176           21
         177          614
         178           23
         179         2088
         180         4092
         181           90
         182         1136
         183           66
         184         1573
         185           47
         187         3948
         188         2658
         189          498
         190          878
         191          915
         192          812
         193         5546
         194          511
         195          123
         196          897
         197          214
         198         2147
         199         1038
         200           75
         201         1592
         202         4087
         203          738
         204          169
         205         1452
         206           14
         207         1615
         208         2330
         210          587
         211          558
         212         2227
         213         2513
         214          216
         215           63
         216          139
         217           75
         219          181
         220         4437
         221          437
         222           12
         223         3562
         224          576
         225          727
         226          500
         227         1803
         228         1779
         229           97
         230           52
         231         1870
         232          153
         233          819
         234         2548
         235          840
         236          657
         237         3026
         239         2343
         241          208
         242          993
         243          845
         244         1421
         245          331
         247         1562
         248            6
         249           48
         250           52
         252          294
         253         1458
         254         3017
         255          236
         256          342
         257          339
         258          219
         260          322
         261          972
         262          345
         263          812
         264         2726
         265          168
         266          488
         267           92
         268          201
         269           65
         270         4065
         271          870
         273         4349
         274          311
         275          258
         276          132
         277         2146
         279          333
         280         3479
         281         1808
         282          147
         283          442
         284          468
         285         1173
         286          625
         287          267
         288         4627
         289          177
         290          119
         291           91
         292          142
         293          237
         294         3166
         297         5641
         298         1507
         299         2495
         300           12
         301         1872
         302         4730
         303         4423
         304          319
         305         1104
         307         1430
         308          253
         311          356
         313         1963
         316         1292
         317         2569
         318          635
         319          375
         320           88
         322          576
         324         1430
         325           27
         326         4391
         327          248
         328           85
         330         1647
         331          221
         332           73
         333         1013
         334         4548
         335          363
         336          219
         338         2100
         340         5654
         341           14
         342          451
         343         3484
         344         2567
         347          183
         348           83
         349          192
         350         2387
         351         2415
         353          764
         354          505
         355          133
         356         1908
         358         1297
         359         2564
         360          336
         362         1059
         363         2155
         364          359
         365          870
         366         4757
         367          391
         368           35
         369         5673
         370           68
         371         1523
         372           68
         373          300
         374         1367
         376         1804
         377         1031
         378           73
         380          295
         381          804
         383         1136
         384          385
         385         1007
         386           26
         387          156
         388          618
         389         1309
         390         2851
         391          419
         392          462
         395           16
         397          252
         399         1151
         400         1697
         401         2549
         402         3094
         405          681
         407          387
         408         3222
         409          304
         410          576
         411         1718
         412          420
         413          189
         414         2369
         415          713
         416         1087
         419         4350
         420           86
         421         2319
         422          860
         425          913
         426         1350
         427           51
         428          978
         429            0
         430          456
         431         1180
         432          144
         433           65
         434           68
         435          132
         437          166
         438         1081
         439         2164
         440          181
         442          501
         443         3543
         444          305
         445          252
         446          261
         447           82
         451           25
         453         3952
         454          236
         455          687
         456          478
         457          872
         458          267
         459          218
         460         1748
         461          721
         462           42
         463           47
         464         2838
         467          735
         468         1522
         469         1286
         471           88
         473          132
         474          335
         475          769
         476         3692
         477          860
         480           86
         481          923
         482           75
         484          634
         485          339
         486         1823
         488         1819
         489           83
         490           65
         491           95
         492         3442
         493         1033
         494          333
         495          744
         497          120
         498          732
         499         3337
         500           75
         502          947
         504          171
         507          128
         510          445
         511           86
         512          738
         513          936
         514           58
         515          257
         516         1842
         517          513
         518           10
         520          102
         521          391
         523            3
         524          141
         526           35
         527          767
         530         1123
         533            5
         534          108
         535          373
         536          132
         538         3280
         539          321
         540          204
         544         1836
         545          721
         546         1430
         547         4201
         548          534
         549          654
         550         1489
         552          812
         554          651
         555         3172
         556           66
         557           17
         559           45
         560           52
         562          968
         563           48
         564         1186
         565          182
         566           67
         567         1887
         568           17
         569          359
         570           46
         571         1489
         572          120
         575         3849
         577          250
         578         1798
         579          291
         581          362
         582          654
         583          359
         584          373
         586         1297
         587            6
         589           29
         591          656
         592           23
         593            5
         594         3407
         595         2774
         600          153
         601          510
         602          227
         603          128
         604         2617
         605          416
         606          676
         607           26
         608         1076
         609          452
         610          253
         611            0
         612          465
         614          346
         615            5
         619         1200
         621          642
         622           68
         623          182
         624           16
         625          330
         626           85
         629          915
         630         1098
         631         1351
         633          705
         634          278
         636         3843
         637           65
         640          260
         641         1063
         642           60
         643          505
         644         2129
         645           12
         648            5
         650         2351
         651         1563
         655         1942
         656          192
         657          100
         659         3053
         660         1273
         661           90
         663          258
         665         3080
         666          613
         667          322
         668         3269
         669          176
         670          147
         671         2251
         673         1636
         674         1864
         675          352
         676           74
         679          668
         680          360
         682         1310
         683          456
         684         2415
         685          391
         686          168
         687         2328
         688         2056
         692            2
         697          318
         700         2499
         702          967
         704         1888
         706         1192
         707           98
         708          188
         709          988
         710           12
         711         1241
         712         1842
         713         1150
         714          163
         716         2368
         717           23
         718          257
         721          251
         722          468
         725         1208
         727          305
         728         3756
         729          234
         730          375
         731          375
         733         1369
         734         2582
         735         1013
         736          503
         737          295
         738           96
         739           44
         741           73
         742          543
         743           26
         744          119
         747          587
         749         1848
         750           57
         755         1224
         756           17
         759         2106
         763            6
         764          791
         766           26
         767            3
         768          246
         769           15
         772          125
         773          167
         774          492
         775          739
         777          103
         779         1579
         780           17
         783           46
         787          307
         788         1522
         789          107
         790           73
         793          139
         795           96
         798         1214
         799         1294
         800           31
         801          934
         802           73
         803          119
         805           93
         807            3
         809          691
         810            5
         812          202
         813         1201
         815          191
         816          445
         818           33
         821         1345
         823          306
         824         2952
         825          312
         826         2013
         827         1087
         829          193
         830         1121
         831          651
         832         1209
         833         1236
         835          291
         836          643
         837          576
         838         2438
         840         2547
         841          414
         846          202
         848           77
         850         2841
         851           14
         852          642
         853         2660
         854          759
         855         2343
         856         3392
         857          353
         860         3158
         861          312
         863          860
         864          163
         867          505
         870           69
         871            6
         872          904
         873          119
         874          543
         876         1681
         878          201
         879         1297
         881          219
         885          107
         886           31
         888         2729
         890           47
         891         1036
         894          359
         895         2164
         898          119
         899          901
         900           66
         902          411
         904           15
         907          461
         912          171
         914           66
         915         1626
         916         1170
         918          333
         919         2213
         920         2169
         921          498
         922          438
         923         1206
         924          655
         927           74
         928           76
         929            5
         931         3166
         932          984
         935         1303
         936         1454
         937          630
         938          150
         939         1315
         943         1580
         945          953
         946          161
         947           21
         948            5
         949            0
         951          451
         952          626
         953           96
         955            6
         956          236
         957            2
         958         1584
         959          606
         960          189
         961         2369
         964         1037
         965          224
         966          622
         967          209
         969         1836
         970         2109
         971         5568
         972          570
         974           60
         976          819
         977         1172
         978           17
         980          279
         982           67
         983          763
         984           77
         985         1548
         986          419
         987         4087
         988          809
         989            6
         990           52
         991           52
         992         1848
         999          510
        1000          522
        1001          330
        1003         2645
        1005         1894
        1006         2625
        1009          336
        1010            5
        1011          322
        1012          497
        1015           31
        1018         1040
        1019         1527
        1025         1889
        1026          744
        1027          311
        1029          169
        1030          118
        1031         2422
        1033           31
        1035           57
        1037          190
        1039         1093
        1042          504
        1043           48
        1044          347
        1046          137
        1048           21
        1051         2615
        1052         1081
        1055          306
        1058          741
        1060         1145
        1061         2055
        1064          262
        1066         1421
        1068          151
        1071         4134
        1076           85
        1078          805
        1079          611
        1080          642
        1084           94
        1086           73
        1091           69
        1093          250
        1095          173
        1097          335
        1098          377
        1100          362
        1102         2317
        1103           85
        1105         5460
        1107          984
        1108           98
        1109          182
        1110          103
        1113         2274
        1115           70
        1116         2444
        1117           17
        1119          216
        1120            6
        1122           61
        1126           47
        1128         1452
        1129         4285
        1130          429
        1131          167
        1137          190
        1138          248
        1140          165
        1143          134
        1145          167
        1146          311
        1147          149
        1148           23
        1149          188
        1155            0
        1156            2
        1157         2626
        1158         2246
        1161         2626
        1163          418
        1165          253
        1166          169
        1167           25
        1173          631
        1174            7
        1175           68
        1176          107
        1177            9
        1178          253
        1181          729
        1184         2495
        1185          359
        1186         1307
        1190         1380
        1191         1207
        1192         2825
        1193          382
        1195         2111
        1197         1931
        1198         1396
        1200            3
        1202         1048
        1203           14
        1204         1150
        1207           98
        1208          186
        1210          680
        1211          345
        1212          702
        1213         3357
        1215          192
        1216           84
        1217         2109
        1218          173
        1222           96
        1223          625
        1228           52
        1229         2531
        1230           23
        1231          353
        1232          286
        1234         1016
        1235           12
        1236          119
        1237          321
        1238           10
        1239           34
        1240         1905
        1241         2250
        1242           77
        1243         1454
        1244         2061
        1246            9
        1251         3337
        1252         2872
        1254          364
        1257         1195
        1258          217
        1261           24
        1266          300
        1267          438
        1270         1461
        1273            0
        1275          307
        1276          326
        1279          704
        1280            2
        1284          216
        1286          104
        1289         4132
        1290           98
        1292           12
        1298          468
        1303          945
        1307          180
        1311          555
        1314          344
        1315          505
        1316          847
        1317          138
        1318          149
        1320           28
        1323         2283
        1325           31
        1328          203
        1330          192
        1332         1521
        1333         1040
        1334          796
        1337         2406
        1338           68
        1340         1552
        1341         1802
        1342          168
        1343         1808
        1344         2871
        1345           53
        1348           12
        1349           75
        1351          371
        1352         1343
        1353          676
        1361         2271
        1364         2908
        1365          213
        1367          732
        1370          107
        1372         3030
        1374          333
        1377           47
        1379          965
        1381         2077
        1389          752
        1390           17
        1391            3
        1392          289
        1394          103
        1397           19
        1398         3816
        1399         2070
        1401          300
        1403         3373
        1404          789
        1407          109
        1413            2
        1416         2180
        1417           23
        1418          101
        1422          416
        1424         1073
        1425          727
        1426           40
        1429         2615
        1436          277
        1439           24
        1442          123
        1443            3
        1444          331
        1445         1418
        1446         2450
        1447          783
        1448          254
        1450         1971
        1451          108
        1452         3013
        1454          222
        1456          136
        1458           17
        1460         2117
        1462         2606
        1464         1181
        1472            0
        1474          138
        1475         3937
        1480           32
        1485          644
        1486         1260
        1489         1412
        1494            2
        1498          101
        1499            2
        1500         2992
        1503           14
        1505           26
        1506         2182
        1507           72
        1508         2267
        1513          271
        1516           73
        1518           33
        1519            5
        1521            2
        1525           23
        1529          116
        1534            5
        1535         3950
        1537          142
        1538         1929
        1541          504
        1542         1181
        1544          141
        1548          156
        1549          373
        1551          343
        1557          183
        1559         2810
        1560            0
        1562          126
        1569         1870
        1570         1045
        1571          494
        1574         1294
        1575           15
        1576         2974
        1578           52
        1579           77
        1580          638
        1581            0
        1588          128
        1589         1835
        1590          214
        1591         2860
        1592           42
        1594         3211
        1595          113
        1596           21
        1597          739
        1598         1552
        1602          522
        1607          222
        1613         1373
        1615         2421
        1616           15
        1619           53
        1622          571
        1625          647
        1626          662
        1627          537
        1628         2056
        1629           16
        1632           81
        1633          191
        1636         1580
        1639         1458
        1643          120
        1648           21
        1650           90
        1651          134
        1654          886
        1655          119
        1657         1588
        1658          313
        1664         2025
        1666          340
        1667          198
        1668         3635
        1669         1556
        1671          498
        1672         3909
        1676          246
        1677         1236
        1679           54
        1684            0
        1687          108
        1691           90
        1695          294
        1696          964
        1697          385
        1702           35
        1703          138
        1704          660
        1705         1651
        1706            6
        1709         1042
        1710           38
        1711           49
        1712          210
        1720          497
        1721          935
        1725          774
        1726         1858
        1727           15
        1733          171
        1734          101
        1737          171
        1739          186
        1742          277
        1743            6
        1746         4731
        1747         1547
        1749         1048
        1750          198
        1752         1343
        1753          147
        1754          511
        1756         1234
        1758          108
        1759          847
        1760           96
        1761          312
        1768          179
        1769           12
        1770         3269
        1773          573
        1777          988
        1778           38
        1779          592
        1783            5
        1785          461
        1787            0
        1792         1688
        1794            6
        1796           20
        1797         1612
        1800          384
        1802         1805
        1803         1302
        1804          164
        1805          189
        1806           14
        1807         1590
        1811         2531
        1812          133
        1814            5
        1815         1973
        1816          522
        1818         3231
        1819            0
        1820            2
        1822          448
        1823           78
        1824           31
        1827           84
        1836          547
        1837          498
        1839          935
        1840          782
        1843         1899
        1845         1452
        1848          163
        1854           53
        1855         1681
        1859          291
        1860          870
        1863          519
        1867         2871
        1870          192
        1873          146
        1875            3
        1876          218
        1877          161
        1881         2401
        1883          169
        1887            6
        1889          139
        1890          184
        1892         2417
        1894          116
        1895           58
        1897         2094
        1900          453
        1902          962
        1904          981
        1907            0
        1909          141
        1910          519
        1912          700
        1913         3414
        1916          216
        1917          254
        1918         1026
        1924          574
        1926         4201
        1929           26
        1930          418
        1932         2243
        1933         1217
        1935          883
        1940            6
        1941         1096
        1945          394
        1946          407
        1950           24
        1954           12
        1955          173
        1956           15
        1959          142
        1964           77
        1965           88
        1966           68
        1971           41
        1973          254
        1974           73
        1976          160
        1978          156
        1980           14
        1981           97
        1985          453
        1986          192
        1987          128
        1988          373
        1989           52
        1990          650
        1992            0
        1994          295
        2000          191
        2001            4
        2003           65
        2006           90
        2008          310
        2011          792
        2015          651
        2017         2182
        2020          972
        2021           14
        2023          467
        2024           15
        2026          134
        2028          375
        2030           14
        2039          346
        2041          525
        2044         3030
        2045          598
        2052         1842
        2053          869
        2055         2158
        2057            3
        2059         2415
        2060           44
        2061           17
        2066          767
        2068         3130
        2071         3314
        2075          971
        2078          209
        2081          173
        2082         3543
        2084           22
        2085           98
        2087         2654
        2088          131
        2091            0
        2095          389
        2099          659
        2101          379
        2103          732
        2105          592
        2108          835
        2113         2438
        2115          522
        2116           85
        2117          280
        2119           92
        2121          642
        2122         2549
        2123          271
        2124           12
        2127         1782
        2130          120
        2132          126
        2133           12
        2134            1
        2139           17
        2140           70
        2145          513
        2146         2300
        2147         1369
        2148          226
        2151           96
        2153          223
        2155          278
        2156         1162
        2157          185
        2161            0
        2163          545
        2166         3881
        2169          481
        2171          230
        2173          406
        2174            3
        2175          160
        2176           24
        2180          219
        2181          178
        2182          251
        2183           96
        2184          224
        2185           17
        2186         2450
        2187            2
        2195         3692
        2201          181
        2202          821
        2204            3
        2206           67
        2207           77
        2208         3442
        2212         2838
        2218         1164
        2221         1213
        2222         2031
        2223         2531
        2232          120
        2237          267
        2241           85
        2242         2754
        2246            9
        2248            0
        2260         2362
        2262          860
        2265          704
        2267          654
        2269          726
        2270         2333
        2273          988
        2274          325
        2275         2860
        2276          483
        2278           98
        2279          178
        2281            0
        2282         2592
        2283         2872
        2287         2369
        2288            0
        2292          192
        2294          422
        2295          939
        2298           65
        2301            6
        2302         2368
        2304          291
        2311            2
        2312           38
        2317          144
        2320           73
        2326          101
        2330          794
        2335         2296
        2336          379
        2339         1563
        2340           23
        2341           65
        2343           26
        2347          406
        2354           81
        2356          209
        2357           23
        2363          240
        2364          177
        2367           26
        2371          438
        2378         1159
        2379          451
        2380         2031
        2381          728
        2382           85
        2387           50
        2388          715
        2390          821
        2396          847
        2405         1184
        2410           31
        2413            3
        2417          468
        2419          167
        2423          705
        2424           47
        2425         1497
        2430          510
        2432           24
        2435          891
        2444          409
        2447         3248
        2452         4937
        2457           44
        2459          134
        2463          952
        2469         3779
        2480         2368
        2484          762
        2487         2531
        2489          681
        2491           58
        2498           20
        2502         2710
        2504            0
        2505          115
        2510           58
        2514          171
        2515            0
        2516         1421
        2518            8
        2520         2004
        2521          169
        2523           32
        2524         1779
        2526           31
        2531          505
        2536         2567
        2538         1452
        2541           14
        2544           17
        2546         2111
        2551           14
        2554          901
        2557          353
        2562          468
        2565          318
        2569          297
        2570           78
        2575           41
        2576          657
        2595          504
        2600         2871
        2601          860
        2602           98
        2605         2423
        2608          167
        2609            1
        2610           55
        2611            0
        2612          121
        2616           14
        2622            6
        2626          100
        2633         3933
        2639            0
        2641            5
        2642           77
        2650         1468
        2658          828
        2664            0
        2665          223
        2680          468
        2684          821
        2695          353
        2700         2495
        2707          614
        2709          335
        2715           15
        2721            4
        2723         1475
        2726          210
        2728           26
        2731         1463
        2735            2
        2736         1946
        2740            0
        2742           20
        2749          198
        2750           43
        2754          681
        2755          571
        2759         2518
        2763           47
        2765            0
        2773           86
        2782           91
        2786           42
        2792            0
        2794         1688
        2797          453
        2804         2182
        2806           61
        2818          379
        2820           17
        2824          560
        2826           77
        2827            0
        2828         2597
        2835         2450
        2843           48
        2844          167
        2846          716
        2860         1426
        2867         1357
        2870           46
        2872          169
        2874           31
        2886          147
        2888          294
        2891         1547
        2892          108
        2898            3
        2899          170
        2904          738
        2911          371
        2913          335
        2918          215
        2923            3
        2927          134
        2932          291
        2935          750
        2943          782
        2950            3
        2975         1266
        2978          366
        2979           89
        2983         2545
        2987         1559
        3001          742
        3004         3193
        3005           26
        3022         2061
        3031           29
        3034          448
        3035          880
        3041         1588
        3045           46
        3051         2729
        3061          134
        3065          130
        3073          101
        3079          154
        3080          451
        3102         3053
        3106           69
        3107           23
        3128          112
        3134           70
        3135          171
        3143            0
        3147         1295
        3165           19
        3171          477
        3175          513
        3179           13
        3181          614
        3203         4235
        3211            0
        3217          198
        3223          638
        3243         2379
        3260            4
        3281            2
        3290          147
        3303          296
        3314         3353
        3337           31
        3345           12
        3367         1657
        3385           26
        3386          467
        3396            4
        3399          353
        3400         1489
        3407           14
        3413            0
        3439         1515
        3444         2347
        3449         1358
        3464           10
        3471          618
        3479         5402
        3482          144
        3497          120
        3505          407
        3514         1170
        3525          225
        3560         2055
        3564          183
        3578         3154
        3579            0
        3592          892
        3597            4
        3600            2
        3619           17
        3626           91
        3630            0
        3664            0
        3672          414
        3682          593
        3706         2347
        3715          680
        3724           48
        3730           49
        3751          370
        3755         1933
        3764          116
        3789           57
        3795            0
        3844         1924
        3852            0
        3863          536
        3869          275
        3915          790
        3934            8
        3941          105
        3960            6
        3971          378
        3985         3868
        3989           87
        3996          213
        4000         2169
        4052          146
        4058            2
        4064           80
        4071          917
        4094          210
        4098           42
        4141          418
        4210           40
        4265            1
        4270          886
        4304           45
        4335         1511
        4353           17
        4366         2090
        4430         2593
        4435           17
        4441          992
        4465         3535
        4472           87
        4523          212
        4532          157
        4539          791
        4544          705
        4591            8
        4592           17
        4614          238
        4658          455
        4660            0
        4666         3113
        4684         1522
        4686          659
        4714          238
        4757          303
        4779           11
        4794            8
        4822           14
        4827          645
        4844           11
        4883         1557
        4948         1745
        5113            0
