# HaloID(1) HaloID(2)
           0            0
           1           94
           2            2
           3            3
           4            0
           5            5
           6          294
           7            0
           8         5705
           9         5105
          10          533
          11           10
          12           50
          13           13
          14         2116
          15         1683
          16          115
          17         1185
          18         1227
          19          182
          20           21
          21         2084
          22          894
          23           24
          24            7
          25           38
          26           26
          27          230
          28         1700
          29           29
          30          145
          31          117
          32         3718
          33           33
          34         5542
          35         1801
          36           37
          37           36
          38          398
          39         1586
          40         1303
          41           24
          42           43
          43           52
          44         3741
          45          366
          46          367
          47         5116
          48         1902
          49         4291
          50           38
          51          661
          52         1467
          53         2140
          54           12
          55         2119
          56           56
          57           57
          58          221
          59         1510
          60            0
          61            0
          62         3873
          63          149
          64         2643
          65          285
          66           67
          67          353
          68         5650
          69         7962
          70          281
          71           70
          72            1
          73          181
          74         4336
          75         1425
          76           73
          77          180
          78          372
          79          453
          80           79
          81          212
          82         1946
          83          401
          84           83
          85          590
          86            3
          87          412
          88          432
          89          430
          90          156
          91           87
          92           93
          93         2014
          94           35
          95          642
          96         3144
          97           97
          98         5127
          99         7059
         100         3047
         101         3956
         102         1335
         103          436
         104         4891
         105          987
         106         8568
         107          549
         108          152
         109         6121
         110         2116
         111         1230
         112           22
         113          119
         114         5105
         115         1409
         116          279
         117          126
         118         2580
         119          944
         120         1157
         121            0
         122         5107
         123         2014
         124          123
         125         5782
         126         2650
         127          676
         128         5372
         129          128
         130          221
         131           34
         132            5
         133         1058
         134         1231
         135          317
         136          134
         137          158
         138           86
         139          118
         141         1505
         142          418
         144          157
         145         2376
         146           28
         147         1798
         148         3788
         151           13
         152          422
         153          157
         154           71
         155          308
         156           50
         158           45
         159         5890
         160          138
         162          162
         163          169
         164         6091
         165         2028
         166         2517
         167           40
         168         5867
         170          179
         171         6706
         172          303
         173         2519
         174          392
         175         8199
         177         6730
         178           37
         179         1525
         180         1264
         181         1045
         182         7493
         183         1371
         184         2911
         185         6306
         186          536
         187         7647
         188          189
         189         1505
         193           94
         194          405
         195            1
         196         1625
         198          460
         199         4368
         200          814
         202          207
         204          211
         205          523
         206          208
         207           48
         208          206
         209         1603
         210         1551
         211         1293
         212          212
         213         4390
         214          336
         215          221
         216         5220
         217          214
         218         5568
         219         3061
         220         1292
         221         4223
         222          676
         223         1636
         224          637
         225          257
         226          228
         227           59
         229         8678
         230          372
         231         1217
         232           18
         233         1294
         234         6177
         235         4475
         236         4701
         237         6279
         238         1044
         240          833
         241          223
         244           58
         245          425
         247         1430
         248         5107
         249           92
         250         4385
         251          259
         252          206
         254           49
         255           85
         256           45
         257          594
         258         6556
         259         2123
         262         2423
         263          217
         264          499
         265            1
         270         1703
         271          456
         272          295
         273         1653
         274           16
         275         1470
         276          987
         277           65
         279          271
         280          143
         281         5002
         282         1218
         284         2402
         285           69
         287         4794
         288         6174
         289          105
         292         2277
         293         1690
         294          820
         295           24
         296         1160
         297          301
         298          299
         299           44
         300          819
         301            7
         302         4993
         304          286
         305         1994
         306          633
         307           34
         309         4671
         310           52
         311         3050
         312         3343
         313         2096
         314          322
         315         7572
         316          468
         317          215
         319         4348
         320         5372
         322         1257
         324          158
         325         1250
         326          105
         328          203
         329          277
         330         7912
         333          290
         336           48
         337          301
         338         1642
         339         3447
         341         7297
         344         8204
         348          679
         350         2893
         351         3075
         352          217
         353          477
         354          357
         355          255
         356          285
         357         8379
         358           92
         359          182
         360           25
         361          401
         362         3192
         363          965
         364          366
         367         7682
         368          369
         369          374
         371           45
         372           25
         375          442
         376         3324
         377         5427
         378          397
         381         3596
         384          451
         385         6833
         386          594
         387          482
         389          191
         390         3211
         391         1225
         393           59
         394          421
         395          412
         396           15
         397           81
         399            1
         400         1700
         401         6147
         403          125
         405         1362
         406          422
         407         1084
         408          128
         411          428
         412           64
         417          215
         419         3490
         420            8
         421         2216
         422           24
         423         2512
         424         5136
         426          488
         427         1350
         428         1617
         429         6631
         430           37
         431         3357
         432         2673
         433          353
         434         6625
         436         1807
         438         5263
         439         1468
         440          776
         441          396
         442           14
         443         5023
         444           34
         445          688
         447         1365
         448          951
         450          139
         454          467
         455         1662
         456          454
         457         3233
         459          375
         460          757
         461          458
         463          754
         464         6147
         466         6370
         468          749
         469          420
         471         2326
         472         2548
         474          880
         475          152
         477         5819
         480          567
         481          458
         482         1351
         484          394
         486          193
         487          499
         488          577
         489          140
         492           70
         494         1904
         496         5089
         497           24
         499          688
         500         8685
         501          971
         502         1016
         504         7444
         505         2648
         506         6236
         507          132
         508         2759
         509          252
         510           53
         511         4607
         513          527
         515         3486
         516          612
         517          529
         519          530
         520           22
         521          620
         522         1961
         523           38
         525          426
         526          298
         527          172
         528          397
         529            3
         530          545
         533          301
         536          389
         537          744
         538         5748
         539           49
         540         6603
         541          217
         542         2261
         543         7963
         544          623
         545            3
         546         3645
         547            0
         548         7103
         549         3151
         550         2583
         551           24
         553          281
         554         7488
         555          502
         556          168
         557          488
         559         4237
         560         1207
         561         6503
         562         1097
         563         7585
         564          523
         565         2107
         567         7568
         568         2913
         569         2232
         570         5222
         571          437
         574          420
         575         1402
         577         6654
         579          185
         580         1670
         581           38
         582         1857
         585          780
         586         1898
         587          531
         589         1360
         590         4796
         591          295
         593           17
         594         1376
         595          138
         597         2296
         599           24
         600         1918
         601           20
         602           23
         603         5646
         604           25
         605           71
         606         3729
         609          207
         610          103
         611         1300
         614         1199
         615         8538
         616          620
         617         4924
         619          608
         620         5290
         622           91
         624         4335
         625          206
         626         4364
         627          187
         628         2990
         629          207
         630         2295
         631          642
         633         1943
         634          359
         636           17
         637         3628
         639           69
         640         3853
         641          596
         642         8089
         643          613
         648          691
         650         1866
         652          661
         653           57
         654          383
         655         2525
         657         4179
         658          663
         659           69
         661          754
         662         7974
         663          418
         664         7160
         667           11
         669          217
         670          777
         671          798
         672         1139
         673          162
         675          125
         676          670
         678         3268
         679         1908
         680         5251
         682         5198
         687         3129
         688          836
         690          678
         691          689
         692          700
         693           82
         694         3261
         695         1917
         696          971
         698         3977
         699          340
         705          745
         706          647
         709          115
         710         3330
         711          174
         714         4610
         715         7459
         716         8434
         717          165
         719          174
         722         1017
         723         2027
         724          677
         726         1690
         728          128
         730         7077
         731          987
         732         4179
         734          464
         736           83
         737          620
         738          365
         740         2545
         741          744
         742          265
         744          170
         745           24
         746          836
         748           13
         749           97
         751         1071
         754         1547
         756         1101
         757           93
         758           42
         759          259
         761          130
         762         7927
         763          775
         766           54
         767         3309
         768          292
         771          264
         774          134
         775           67
         778         5991
         779         2935
         780         8078
         781         4880
         782          559
         783          820
         784         1801
         786          853
         787         6225
         788          498
         791          634
         794          164
         795          742
         796          808
         797           13
         798         5568
         800          650
         801          366
         802         3476
         803          156
         804         2366
         805          818
         806          312
         807         2133
         809          805
         811         1090
         817         2212
         818         1014
         819          861
         822          664
         824         1234
         825         4780
         827         2577
         828           13
         829         5361
         831         2757
         836         2580
         837          632
         839         7585
         841          578
         842         1274
         843          357
         844           15
         845         2983
         846         6637
         847         1137
         848         1206
         850          319
         853         1651
         854         2767
         858          290
         859          562
         860         2083
         861         5354
         862          867
         863         1833
         864         5673
         865           38
         866          211
         867         1478
         868          803
         869           65
         870           30
         871         3690
         873         4076
         876          118
         877         2131
         878         4883
         880         3443
         881         6761
         882          852
         884         3227
         886         1056
         888           61
         889           38
         891         7892
         892         8667
         894          255
         895          160
         896         3193
         897         4910
         898          264
         899         2104
         900          833
         901         7641
         902            0
         903         3436
         905            5
         906         1397
         907          699
         908          498
         909          158
         910         3080
         911           24
         913          915
         914           64
         917          958
         922          620
         924           18
         925         2396
         927          469
         928          329
         929         4873
         931            2
         934          797
         935         1910
         936          821
         940          313
         941         2562
         944         4923
         945           52
         946         3431
         948            0
         949         1282
         954          528
         956         1619
         957          132
         958         5793
         959          186
         960          511
         961         1980
         964         4482
         965         3336
         968            1
         969          658
         970          139
         971          502
         972         1652
         973         4975
         974         1018
         977          969
         979          239
         980         4390
         981         2271
         982         3424
         983          221
         984         4896
         985          185
         986          372
         987         3299
         988          959
         995          402
         997           14
         999           20
        1002          329
        1003         1796
        1006         5250
        1007         1012
        1008         8196
        1010           95
        1012         4807
        1015           69
        1016          817
        1020         5892
        1022         2013
        1023         2016
        1026          778
        1028         1024
        1029         4151
        1031          577
        1032         1031
        1035         2962
        1039         7275
        1040         5025
        1042          981
        1043         2709
        1049          431
        1050         1035
        1051         2590
        1053          152
        1058         6970
        1059         8831
        1060          825
        1062         1284
        1063          178
        1065          296
        1067          119
        1068          857
        1070          430
        1071         6326
        1074          449
        1076         2338
        1077         2548
        1078          785
        1079         1039
        1080         7665
        1083         1045
        1085         2613
        1086         1801
        1089         5107
        1090          111
        1092          207
        1094          166
        1096           16
        1098         1042
        1100          740
        1101          104
        1103          454
        1104           59
        1106          191
        1109          633
        1110           24
        1113          185
        1115         4522
        1117         2478
        1118         8839
        1119          402
        1120         7236
        1122          324
        1123           39
        1125         4409
        1127         1403
        1129          749
        1130         2130
        1131          829
        1132          115
        1134         5970
        1135          998
        1136         1330
        1137           98
        1139          865
        1143         1095
        1144          658
        1145         3447
        1146          934
        1147         5009
        1148          204
        1153          147
        1154         1500
        1157         1910
        1158           54
        1160         2622
        1161         2448
        1163          949
        1165         1395
        1166           15
        1170         7728
        1171         4019
        1173          865
        1174          188
        1175          336
        1176         4320
        1177          112
        1178          539
        1181         2348
        1182         1458
        1185          220
        1186          787
        1189          214
        1192          760
        1193         6715
        1194         2981
        1195         5694
        1197          314
        1198         2140
        1202          573
        1203         1084
        1204          578
        1205         1940
        1206         1205
        1207           96
        1208         3522
        1211         1063
        1213         2340
        1214         3176
        1216         1249
        1219         8331
        1222         5206
        1223           18
        1224          473
        1225          172
        1227          163
        1229         7514
        1234         6177
        1235            5
        1237          932
        1238         4695
        1241          425
        1242          985
        1244         1070
        1245            1
        1246          906
        1248          725
        1250          849
        1255         2267
        1256         2446
        1257           37
        1258         2630
        1259         1265
        1263          881
        1266          714
        1267          324
        1268         1360
        1270         4024
        1273          531
        1279         1870
        1282           29
        1285         3011
        1286         6699
        1289         1883
        1290         1482
        1294          553
        1296         3367
        1297         2028
        1300          152
        1303          329
        1304          244
        1305         2425
        1306           30
        1308           38
        1311            5
        1312         1943
        1315          622
        1316         4383
        1320         3135
        1321         1799
        1323          119
        1325           98
        1326          417
        1327         4252
        1328          439
        1338          497
        1341         1668
        1345         3302
        1348         2569
        1350         4795
        1352         1342
        1354         2613
        1356         1797
        1357         3162
        1360         1380
        1361         5642
        1362         1785
        1363           38
        1364          806
        1366           73
        1369         5877
        1373          218
        1374         6143
        1378         2530
        1380         6707
        1382          215
        1386          223
        1389          158
        1390         1354
        1398           73
        1400            9
        1401         4412
        1402          375
        1403         3406
        1406          352
        1408         1754
        1409         8202
        1412         2061
        1413         3135
        1414         2489
        1415         8254
        1417          182
        1420          578
        1422         8678
        1423          836
        1424         1432
        1426          247
        1430          449
        1432          597
        1434          427
        1435         6701
        1436          733
        1437         7307
        1439         1064
        1440         1149
        1443         1018
        1444          327
        1449           58
        1456         7143
        1460         3434
        1463         4489
        1466           70
        1467           22
        1470            0
        1473         4870
        1474           34
        1475         4635
        1476           44
        1477         5301
        1478          425
        1481         7176
        1483         8170
        1484          796
        1489         4910
        1491         2015
        1492           92
        1495           75
        1496         5024
        1498         7827
        1499          580
        1500         1379
        1501            1
        1502          426
        1505          111
        1507         1024
        1510         4523
        1511         2624
        1514          650
        1516           34
        1519         7962
        1521          222
        1525         3408
        1529           45
        1530         3500
        1534         2752
        1537           16
        1539           77
        1541         3979
        1542         6206
        1543         2399
        1546           14
        1547         6277
        1549          317
        1550         1501
        1555         1493
        1557         4080
        1559         5108
        1560           20
        1563         4462
        1566         3537
        1568         2713
        1570         3089
        1577         4162
        1582          828
        1583         8564
        1586          321
        1587            7
        1589         1579
        1591           94
        1593         1977
        1595          223
        1598         1699
        1599           48
        1601         1517
        1604          949
        1606          489
        1607         1073
        1608         2517
        1611           24
        1612         5162
        1616         1284
        1618         2517
        1622           93
        1624         1229
        1626         5469
        1628         1638
        1631         1024
        1632         7442
        1634         1775
        1635         5262
        1636          271
        1637         3539
        1638           55
        1640          236
        1642           69
        1643            6
        1645          257
        1647         4671
        1648         5197
        1651           35
        1653         4979
        1654          738
        1655          287
        1658           16
        1660           34
        1661          511
        1663          209
        1665          158
        1668          219
        1670           39
        1671          633
        1673          324
        1675          314
        1676         3365
        1677          238
        1682         8467
        1684          240
        1688            7
        1689         7177
        1690         8134
        1691          741
        1692         8837
        1695         1635
        1696           11
        1698          507
        1699         2599
        1700         2678
        1701         2706
        1703         1500
        1706         7672
        1708          117
        1709          283
        1710         5723
        1716          207
        1723           15
        1724          329
        1727         1645
        1730           38
        1731           38
        1735         5107
        1736          220
        1739          292
        1741            3
        1742         7078
        1746          243
        1750          383
        1753         1792
        1754           91
        1755          220
        1757         6740
        1758         5311
        1759         1250
        1762           15
        1766         5063
        1768           34
        1770         2631
        1772           39
        1773          751
        1775         2602
        1777         3750
        1778          132
        1779          775
        1783         2284
        1785         1510
        1786         2028
        1788         6292
        1789          881
        1790          706
        1791           13
        1793          360
        1797          191
        1801           83
        1802          747
        1809          327
        1810         6998
        1814         2284
        1818         2991
        1819           12
        1820         1617
        1821           67
        1825         1834
        1828         4828
        1829          163
        1831         3171
        1843         1562
        1845         1634
        1846           15
        1850          187
        1851         3178
        1852         2534
        1853         7751
        1855         1470
        1858         5053
        1859         7323
        1860         1783
        1864            8
        1865         1472
        1866         3978
        1867         5040
        1869         2737
        1871           39
        1872         1510
        1874            3
        1875         1883
        1876          776
        1880            0
        1883         2207
        1884         1485
        1885          294
        1887          499
        1888           39
        1889           69
        1890         3202
        1894          329
        1897          590
        1901          380
        1906          418
        1907         4731
        1909          147
        1915         1647
        1917         1586
        1919           48
        1920         1437
        1921         2276
        1922         4166
        1926          623
        1927          875
        1931         3762
        1935         7926
        1940          244
        1942         1333
        1947          824
        1949         1910
        1950         2474
        1954         1473
        1957          553
        1958         2539
        1959          214
        1961         1060
        1962          111
        1963           69
        1964         5706
        1965         4599
        1967           35
        1972         1046
        1974         5332
        1976         4936
        1978         2913
        1979           77
        1980           49
        1982         1012
        1986           82
        1987         1389
        1999          944
        2002         3956
        2003           69
        2004          708
        2005         3997
        2007          185
        2010          301
        2013          313
        2014         3450
        2015           85
        2016          815
        2019         1632
        2024          760
        2026         1244
        2027         1784
        2032          300
        2034         6485
        2037          172
        2042          830
        2045         6903
        2046           23
        2053          590
        2054         1727
        2061         1882
        2063          240
        2065          251
        2066           73
        2067          676
        2068         4179
        2070         2024
        2076          164
        2077         3000
        2079         2276
        2083          113
        2084          579
        2085         5646
        2086          175
        2089         2038
        2091          140
        2094          964
        2095         4713
        2101         3780
        2103           73
        2105           21
        2106          431
        2109           16
        2110           27
        2113           20
        2114          226
        2115          350
        2117          254
        2118         3729
        2119         7730
        2122          623
        2123         4650
        2124           32
        2126           83
        2127          590
        2129         6231
        2130          172
        2131         6748
        2132         2264
        2135         1120
        2138          224
        2140         1768
        2142         1089
        2143          247
        2149         2911
        2153         4469
        2154         2264
        2155          119
        2156         2166
        2162         2147
        2170          106
        2171         3718
        2172            4
        2177         1247
        2186         3559
        2187         5590
        2190         4425
        2193           23
        2194          131
        2195          142
        2198         1801
        2200         4612
        2207         3696
        2210           71
        2211           77
        2213         1078
        2214          458
        2216         2731
        2220         2224
        2221         1656
        2223          251
        2227           34
        2228           35
        2229          451
        2230         1272
        2231          917
        2233         1096
        2235          224
        2237         2123
        2240          219
        2242          858
        2244          775
        2246         2372
        2250           77
        2253          269
        2254           51
        2256         1371
        2259           49
        2261         1750
        2267          819
        2268         5846
        2269         7103
        2270           14
        2272         4403
        2274         5104
        2278          164
        2279         2599
        2280         3110
        2281          301
        2282          273
        2283         4916
        2285         7362
        2290          886
        2293          899
        2295           15
        2300         1518
        2302         1095
        2304          385
        2305         4467
        2306           76
        2311         6171
        2316          203
        2317         2706
        2319         1705
        2321           58
        2324         1363
        2326         1279
        2332          681
        2334          384
        2344         1938
        2346         1199
        2347          295
        2350          560
        2352           38
        2355         7717
        2356         2457
        2358          530
        2362           53
        2363         1471
        2366         7830
        2368         6240
        2371         3458
        2374         2378
        2380         7249
        2386          203
        2387         2190
        2394          593
        2395           38
        2396            0
        2397         6958
        2399         3419
        2400         1174
        2403          139
        2406           25
        2407          613
        2410          117
        2411         4534
        2412          124
        2413          417
        2424            0
        2427          928
        2428           67
        2433         4390
        2434           67
        2437          191
        2443          745
        2445          119
        2446          535
        2448          117
        2449          128
        2451         6389
        2453         2844
        2455          257
        2456         2480
        2457           83
        2458          829
        2459          761
        2466          136
        2467         4521
        2471         2115
        2473          347
        2475           24
        2479         2564
        2480           77
        2482         3798
        2485         1600
        2486         2572
        2487          141
        2491           39
        2492          146
        2494         2643
        2503         6751
        2505         2068
        2510         2518
        2511         2737
        2512          929
        2513         4695
        2515         1360
        2516         2706
        2521          287
        2522          375
        2523           50
        2524         1535
        2528          886
        2531         3101
        2532          124
        2534         6459
        2537         6467
        2547           21
        2550         4238
        2555          157
        2556          173
        2558         1585
        2562         2061
        2563         1000
        2568           13
        2571         1687
        2572         1715
        2575         4127
        2576         7762
        2577         2177
        2578          185
        2582         1914
        2583         3798
        2587          102
        2592         8502
        2593           86
        2595         1555
        2596          108
        2598            3
        2599          119
        2600         2668
        2605          229
        2606          193
        2609           49
        2613            1
        2614          197
        2618           93
        2620         2382
        2623         2891
        2628         1105
        2630         3447
        2634         1549
        2635            3
        2637         2639
        2638         1610
        2643         8704
        2644            0
        2646         1113
        2654          534
        2655         1374
        2657         4924
        2659           20
        2660         1024
        2661         5623
        2665          785
        2666          425
        2667          619
        2669           17
        2673          477
        2676           34
        2682         1218
        2683         3815
        2686          580
        2688         4504
        2690          191
        2691           52
        2695         7170
        2697         1175
        2698           12
        2702         3589
        2704          458
        2705         2369
        2707          295
        2710           68
        2711           93
        2712            1
        2715         5402
        2716         3468
        2720         7063
        2721          741
        2722         1023
        2725         3875
        2727         1269
        2729         1694
        2730          861
        2742         1276
        2746         2837
        2749          407
        2751          389
        2752         2562
        2753         1905
        2755          366
        2756         3214
        2757         1537
        2759         4482
        2761          426
        2764         4012
        2769         1898
        2770         4291
        2771          301
        2773         8202
        2774         2602
        2776          272
        2777         1834
        2781           71
        2795          708
        2796          244
        2797         1647
        2801           26
        2802          492
        2805          121
        2806         8695
        2807          647
        2810           46
        2811            4
        2812          951
        2820         2661
        2821         6707
        2825         6393
        2830           34
        2832         3745
        2833         2868
        2834         4353
        2835           16
        2836         8485
        2841         1665
        2842         1051
        2846          139
        2849          263
        2858         1246
        2861          222
        2864          697
        2866           94
        2867          499
        2868         1378
        2877         1635
        2878         8216
        2879         1634
        2881          949
        2889          437
        2893         1329
        2894            3
        2898          949
        2899           29
        2903          128
        2904           97
        2907         2922
        2911           69
        2914         1167
        2917           44
        2919            0
        2921         1651
        2922          556
        2923         2427
        2925         4556
        2932          324
        2933           71
        2935         2123
        2943         2713
        2944           43
        2947           88
        2950         1912
        2951          573
        2952         5767
        2953         4756
        2955          780
        2958           13
        2961         2871
        2971         1093
        2975          357
        2977          171
        2984          222
        2986          152
        2987          109
        2988         5078
        2990           22
        2996          501
        3000         3337
        3001          117
        3008           40
        3011         1335
        3012         1955
        3015         3170
        3018           25
        3023           57
        3026           99
        3028          290
        3029          697
        3031          874
        3038         3719
        3041           84
        3042         4273
        3043           79
        3047            0
        3048         5079
        3050          173
        3052         1169
        3060         1898
        3062           17
        3063         1069
        3065           20
        3066          458
        3067           68
        3068          317
        3071          100
        3072           77
        3075         4210
        3079          173
        3082         2178
        3086          365
        3087         4201
        3088          676
        3090          533
        3091         3639
        3093         5332
        3095           68
        3098          998
        3103         2068
        3108          223
        3109           21
        3110          116
        3120           14
        3126          765
        3128           24
        3129          321
        3131         7847
        3133         5485
        3134          373
        3137          104
        3139           49
        3143           24
        3147          266
        3148         3343
        3159         1482
        3162          238
        3163          502
        3165         4092
        3177          106
        3179         1791
        3182          215
        3183         3170
        3186         3912
        3187         3532
        3192         1525
        3194         3606
        3201          476
        3202          998
        3213         1319
        3216          115
        3218          156
        3221         4656
        3222         2807
        3225         2747
        3235           73
        3237         4988
        3238         1513
        3239          278
        3243          872
        3249           25
        3253          412
        3254         2629
        3256         2601
        3258         5424
        3259         8639
        3263          412
        3270         1012
        3274           27
        3277           14
        3279         2542
        3281         1049
        3282         1826
        3290           17
        3291         4202
        3296         1227
        3298         2522
        3303         1444
        3305          695
        3314           69
        3317           15
        3321          178
        3326           15
        3327           38
        3329           73
        3330          172
        3333          676
        3339         4266
        3340          253
        3342          590
        3344          678
        3345          724
        3347          573
        3349         6217
        3350          949
        3351          290
        3354         1035
        3356          377
        3365          317
        3366         4539
        3367         3838
        3368           62
        3369          579
        3370         3305
        3372         8134
        3375          127
        3377          711
        3381          711
        3382         1078
        3386         1982
        3391         3666
        3393          842
        3397         3221
        3401         1613
        3402          477
        3403            8
        3406          647
        3408         3610
        3409         2116
        3412          663
        3413         2501
        3415          326
        3420          833
        3421         2107
        3422         6362
        3426          185
        3429         5009
        3431            0
        3433         6902
        3436          966
        3438          214
        3443         1269
        3451         1342
        3452         3447
        3457         6063
        3463           79
        3465         1419
        3469         7841
        3471         2584
        3472         5646
        3473           39
        3476         3000
        3482         3407
        3486          353
        3488          380
        3493         4681
        3495           79
        3496           12
        3498         1189
        3505          594
        3508          645
        3511         1543
        3514         4480
        3516          389
        3518          320
        3520          861
        3525           73
        3527            2
        3529         2825
        3541           25
        3542          402
        3543          909
        3547         6890
        3551          788
        3552         3719
        3553          534
        3556         3300
        3560         1253
        3561         1564
        3562           20
        3563         1594
        3564          595
        3567         2160
        3568         5311
        3571         1069
        3576         4943
        3578         1935
        3579          520
        3584         3399
        3585          385
        3590         3856
        3591          371
        3596           98
        3599          906
        3600          808
        3602          215
        3608          210
        3609          110
        3610          734
        3612         1974
        3614         1229
        3615          688
        3623         1977
        3629         1444
        3633          763
        3634           50
        3642         4143
        3646         4128
        3653           17
        3654           22
        3656         8455
        3660         4275
        3665            5
        3671         1910
        3674         4223
        3676         5991
        3677          474
        3679         3662
        3686         1670
        3690         3978
        3692          121
        3694         5542
        3700         4299
        3704           77
        3710         2346
        3712          135
        3717         3075
        3719          115
        3726         2336
        3730          620
        3736           38
        3741         4553
        3748         2517
        3749         1347
        3754          113
        3756         4069
        3757         1378
        3763            1
        3769         5572
        3776          502
        3777           97
        3784          949
        3787         5019
        3790          659
        3791         1796
        3794            6
        3797         1961
        3798          124
        3803         1147
        3804           14
        3805         5392
        3812          892
        3813         2306
        3821         2668
        3825          329
        3830          102
        3834         1683
        3837          314
        3838         6082
        3841         2736
        3844          468
        3845          541
        3846         4807
        3853          207
        3856         1259
        3857          358
        3860          425
        3862          295
        3863          359
        3867         5402
        3868         5849
        3874          420
        3879          530
        3881          443
        3883         2643
        3887            6
        3888         6303
        3889          495
        3899           98
        3907         1024
        3909         1764
        3910            1
        3916           16
        3920         8375
        3922           27
        3924           27
        3925          663
        3928         2883
        3932         2197
        3933         3375
        3934         2767
        3940         3366
        3944           73
        3946           26
        3951         2699
        3955         2083
        3956           23
        3959         5586
        3960          132
        3961          714
        3968          527
        3973           42
        3985          147
        3996           33
        4001           16
        4002            0
        4003           22
        4005          594
        4014            0
        4015         8078
        4016         6389
        4020          157
        4021            1
        4022           92
        4024            2
        4034         5751
        4035         1157
        4039         2015
        4041          215
        4043            2
        4046          131
        4048         8273
        4050         1028
        4052          126
        4055           45
        4057         5834
        4062          173
        4067          903
        4074         1330
        4075           40
        4076         1137
        4081         1982
        4089         2593
        4092         1417
        4093         1009
        4095           16
        4096          910
        4105          329
        4106          303
        4112           14
        4114          124
        4117           17
        4118           23
        4121         1157
        4124         1951
        4125          533
        4126         1018
        4127         2278
        4129         1703
        4134          117
        4137         2151
        4142            0
        4144           80
        4146         4612
        4150           44
        4151         2895
        4152           12
        4153           39
        4157            2
        4162           94
        4165         1174
        4166           43
        4168         1167
        4170           53
        4179          387
        4180           35
        4182         8277
        4184         2021
        4191         1432
        4192         7922
        4199         3900
        4211          134
        4213         3953
        4218          431
        4219         5414
        4226         7786
        4227         1230
        4228          182
        4232           51
        4234         1015
        4243          193
        4244          504
        4246          314
        4257         1565
        4261           34
        4264         2326
        4266            1
        4268         3828
        4269           70
        4271          893
        4277         1199
        4280            0
        4282           88
        4286         8302
        4287         3838
        4289         3869
        4296         4070
        4300         1006
        4310          168
        4311            0
        4312         7032
        4314          619
        4317           75
        4319          876
        4328          122
        4329           40
        4332         1049
        4337          302
        4338         3171
        4339            1
        4340          954
        4353          527
        4354         1137
        4355          217
        4357          216
        4358          965
        4366          702
        4376         6476
        4379           34
        4380          173
        4382         1849
        4386         4756
        4389         4922
        4390         1955
        4392         1174
        4393         2318
        4394         4772
        4395         1475
        4397         3330
        4400          608
        4412         8277
        4415          553
        4422           88
        4423          714
        4434         7883
        4438           27
        4441          157
        4442         2539
        4443            0
        4444          527
        4446          924
        4449           57
        4450          495
        4452         2095
        4453         1107
        4455          606
        4458           53
        4464          300
        4465            0
        4468          866
        4476            0
        4479           42
        4480         2232
        4481         2699
        4486         4449
        4489         5931
        4495          109
        4496         4620
        4500          444
        4503         7665
        4513          193
        4515          557
        4521           17
        4522          617
        4525         1925
        4529           75
        4540         1444
        4541          206
        4543          620
        4554          262
        4559           55
        4561         5208
        4565         4297
        4566         1956
        4570          301
        4575           18
        4578           72
        4581            0
        4586          434
        4590           14
        4598         5479
        4610          663
        4625          220
        4628           47
        4631          173
        4635           14
        4637          211
        4643         2258
        4646          331
        4659           67
        4661         1140
        4663          695
        4666          401
        4672         2317
        4675          458
        4676            8
        4677         1028
        4682          142
        4688          592
        4691          473
        4694          329
        4704         1083
        4710         4714
        4711          803
        4712         1525
        4718         6571
        4730           11
        4736         2266
        4739          326
        4741          224
        4744          780
        4746          557
        4752           80
        4753            0
        4758           75
        4764         4245
        4766          122
        4767         1095
        4779          137
        4787           12
        4788          780
        4795         2791
        4804         1618
        4806            1
        4821         1006
        4823           79
        4826           37
        4827         1233
        4828         1000
        4831          146
        4833           16
        4834          102
        4836         2480
        4840         2369
        4843          792
        4844          137
        4852         2891
        4853           25
        4857         4179
        4865           34
        4872          553
        4882         2287
        4885         1119
        4887         5228
        4913         5826
        4914           40
        4917           16
        4923          236
        4928           13
        4937         1233
        4942         5152
        4943            6
        4945          531
        4950           35
        4952         7947
        4953         1897
        4955         4938
        4957         5311
        4960          110
        4961          298
        4963         4610
        4972         4556
        4978         2002
        4987         5365
        4988          697
        4989         2792
        4991          165
        4992          157
        4999          604
        5000           61
        5006          328
        5009         1283
        5013          229
        5017            9
        5019          254
        5020           72
        5034         4836
        5038         2580
        5039          754
        5042          567
        5049         2133
        5054         6579
        5056         2060
        5058         4935
        5059         1515
        5061         3767
        5062           14
        5065           21
        5069          195
        5083         1225
        5084            6
        5092          862
        5098          246
        5099         4018
        5102         1989
        5104         4701
        5111           34
        5113         1219
        5115         4694
        5120          211
        5124           32
        5127         1051
        5142         4297
        5160         6842
        5164          596
        5179          249
        5180           18
        5181         3912
        5188           40
        5200          172
        5210         1741
        5217           20
        5227          257
        5228         4179
        5235         2981
        5236           20
        5237         1716
        5239         1017
        5241         1929
        5242           92
        5243           35
        5245          521
        5254          380
        5259         2303
        5262          412
        5263          287
        5268          593
        5269         2985
        5273          175
        5277         1058
        5278            5
        5286         5963
        5307         3309
        5317         6943
        5324           20
        5329           31
        5333         1137
        5338         1705
        5345         1448
        5350         3022
        5353         4659
        5355         2398
        5356           74
        5357         1444
        5360           89
        5365         2812
        5371         1572
        5372         1676
        5379         1619
        5383         1464
        5384         5122
        5387          975
        5390          301
        5392         6673
        5393         6014
        5395          998
        5396          627
        5397          312
        5403          309
        5407         1015
        5411           53
        5412          473
        5429          458
        5430           23
        5433           66
        5440            5
        5442         6668
        5445           11
        5446         3476
        5450         4230
        5451           83
        5455            7
        5456         1215
        5464         2583
        5466           17
        5468            5
        5469          650
        5476          560
        5484         2825
        5487           89
        5488         1218
        5492         4849
        5493         2130
        5506          170
        5511         4650
        5514         2028
        5515         8333
        5516           53
        5517          591
        5518          645
        5519         2003
        5520         1097
        5523         4230
        5528           82
        5543         2437
        5545          254
        5562         5488
        5563           20
        5568          454
        5573          331
        5575          862
        5584         3309
        5588          363
        5590          314
        5594         2242
        5595          808
        5600           82
        5602         1781
        5604         1125
        5607         1969
        5613           53
        5617            0
        5620         1781
        5628         4092
        5630          691
        5631          589
        5632         7791
        5635          664
        5636           29
        5656         2123
        5664          425
        5665         1229
        5675           16
        5679         4291
        5688         3171
        5689         4534
        5691           30
        5693           71
        5703         1032
        5707          365
        5710         4068
        5711          102
        5714           16
        5716         4725
        5717          467
        5723         4637
        5735         1989
        5741         4988
        5747            0
        5753          129
        5763           34
        5766         2320
        5772         8368
        5777            1
        5778            3
        5785          713
        5788         1694
        5792          139
        5802          473
        5805          851
        5816         1890
        5817          259
        5821         2740
        5827         1833
        5830         1935
        5836           37
        5842         4164
        5851          632
        5856         5361
        5857         1132
        5862           18
        5863         1715
        5864           44
        5865          864
        5871           32
        5883         1318
        5890            8
        5894         7399
        5901          133
        5903            0
        5905          206
        5907          552
        5908           54
        5912           79
        5913         1569
        5916         4275
        5918            0
        5920           21
        5927          895
        5933          581
        5935         3186
        5941          354
        5943           80
        5946         1106
        5947         4323
        5948          188
        5951          185
        5955          345
        5959          520
        5970         7418
        5971           17
        5973         1923
        5974           14
        5982          851
        5991         2912
        5993          679
        6004          219
        6005          108
        6024         2365
        6027           58
        6029         3367
        6030          102
        6037            5
        6042         2871
        6043           17
        6053         1611
        6059         6296
        6061          760
        6064           12
        6065         5940
        6070         4650
        6078          353
        6083            0
        6085          219
        6089          848
        6111           35
        6114         2204
        6127         4250
        6131           71
        6144          113
        6147         6199
        6154            5
        6165           31
        6166            0
        6177         5246
        6179         6181
        6182          132
        6186          910
        6187            0
        6190         1804
        6191         6550
        6195          319
        6197           82
        6216          168
        6217           14
        6219         4166
        6221           58
        6224          511
        6225           27
        6229           66
        6235           26
        6237          431
        6242            4
        6256         5197
        6263          243
        6276         3952
        6292         1339
        6297         8103
        6299          321
        6300           30
        6306          512
        6319           47
        6324          164
        6327           55
        6333         3931
        6334         1149
        6338           79
        6341         2598
        6343         2063
        6345          191
        6347           82
        6348         1909
        6353          406
        6355         1189
        6359         1377
        6363          319
        6370          178
        6371          102
        6373           27
        6393           26
        6396         6330
        6401           13
        6416         1140
        6422         4326
        6425          502
        6427         7293
        6428         1370
        6430          552
        6431          867
        6443          862
        6455         6177
        6461         1048
        6466          226
        6471            0
        6476          982
        6483          511
        6486         2392
        6497         2352
        6498         4266
        6502          788
        6509         2277
        6510          632
        6515         1887
        6517         1792
        6518         1250
        6519          269
        6531         4316
        6533          559
        6538           17
        6542         6286
        6551            6
        6559          122
        6565         2430
        6566         1604
        6567          102
        6585          711
        6593            3
        6596           82
        6600         8626
        6601           19
        6605         1151
        6613         4080
        6615          100
        6621         1250
        6626          102
        6631          332
        6641           11
        6649          354
        6664          743
        6666           92
        6670         3336
        6683          381
        6688         1572
        6696         1346
        6707         1525
        6725          269
        6732          173
        6741         1348
        6747          412
        6762          118
        6763          193
        6765          316
        6787           77
        6796          348
        6798            0
        6801          458
        6811          170
        6825           37
        6826           83
        6827         4972
        6830          507
        6841           93
        6842          137
        6852           68
        6860         3588
        6874         2537
        6878           50
        6879           50
        6889         5080
        6901         5056
        6904            0
        6912           16
        6915          631
        6916         3695
        6920           92
        6922          301
        6923          750
        6932            0
        6947         8839
        6956            0
        6958         6330
        6959         6889
        6967          265
        7007            7
        7008         2177
        7010         1147
        7013           64
        7034         1140
        7035            0
        7054         5466
        7059          119
        7074         2738
        7080         1089
        7081          298
        7089           50
        7108          604
        7111         1589
        7117         3991
        7119          186
        7122         6396
        7123         2084
        7132           40
        7134           37
        7140         1250
        7143           83
        7150          964
        7159         3798
        7160          389
        7166           45
        7177         2852
        7178           34
        7188           34
        7192         1804
        7197          772
        7207           34
        7214         1617
        7215         7188
        7230         1120
        7235         2116
        7238         1518
        7239          224
        7240         6896
        7267         7244
        7268           97
        7276           68
        7280         1124
        7293         3029
        7296         1374
        7303         1908
        7311          589
        7322           64
        7324         1428
        7325         5324
        7335         6311
        7336          857
        7344          941
        7346         3357
        7364          403
        7372           27
        7377         2933
        7381           61
        7382         1448
        7387           45
        7399           98
        7405         2171
        7409           15
        7426         2737
        7434         4999
        7441            0
        7443          124
        7446           64
        7448         5545
        7456          126
        7465         5952
        7471           23
        7473          115
        7476            2
        7493         4542
        7505          681
        7514            1
        7517         3498
        7518          205
        7529         1666
        7532         7737
        7534          928
        7537         6124
        7542         5681
        7549         2396
        7553         1374
        7554         4852
        7556           66
        7561         2593
        7575          801
        7596          236
        7601           14
        7617          975
        7639         1986
        7654         4166
        7655         2236
        7662           11
        7665            4
        7668         1600
        7682         6581
        7700            2
        7705          132
        7711            0
        7712           20
        7713          676
        7721          191
        7725         4111
        7728          725
        7729          755
        7736            0
        7755         1468
        7756           26
        7795          919
        7810         4065
        7814           31
        7817          261
        7833         2257
        7863         4471
        7864          826
        7879          303
        7888         3258
        7893           23
        7894           20
        7895            7
        7909         2058
        7912         2130
        7916         7444
        7917          714
        7925           12
        7945            2
        7951         2477
        7964          459
        8009           13
        8010         3519
        8014          421
        8020          158
        8032          112
        8049         1910
        8053         3697
        8066           44
        8068         1099
        8092          492
        8097         2581
        8101          200
        8104           74
        8109          792
        8133         6046
        8137         2575
        8146         2384
        8162          115
        8174         1974
        8176          480
        8188         3601
        8209          268
        8210          925
        8260         4430
        8280           26
        8323          355
        8332         2790
        8346         7565
        8367            8
        8375         5276
        8381         4216
        8384          210
        8388         1346
        8423         8657
        8436           73
        8445         2767
        8472         1333
        8482           13
        8496           96
        8531          177
        8536          122
        8551          930
        8568          672
        8577         3271
        8616            0
        8629         3151
        8635         5343
        8647          686
        8650          264
        8653            1
        8666         1402
        8667         1035
        8676          711
        8691         1831
        8692          431
        8696            0
        8717          205
        8739            4
        8752           31
