# HaloID(1) HaloID(2)
           0            0
           1            1
           2            2
           3          556
           4          616
           5          375
           6            7
           7         2350
           8         4943
           9           11
          10            0
          11          735
          12         7303
          13          586
          14           17
          15         1161
          16         1488
          17           19
          18           98
          19         4565
          20          420
          21         3363
          22          926
          23          469
          24           28
          25          718
          26          443
          27           27
          28         3155
          29          570
          30          126
          31           35
          32           36
          33          418
          34          125
          35         6462
          36           30
          37           40
          38            0
          39         2346
          40           10
          41         1028
          42         1252
          43           44
          44         3770
          45          249
          46         1630
          47         2877
          48         1292
          49          302
          50         4215
          51            5
          52           28
          53         5135
          54         1819
          55         1654
          56          170
          57            2
          58          851
          59           60
          60          217
          61           86
          62          909
          63         1397
          64          216
          65          153
          66         7327
          67          106
          68           72
          69         4145
          70         3319
          71         3028
          72          440
          73         2099
          74           76
          75          537
          76            0
          77           50
          78         4335
          79          656
          80          326
          81           88
          82         7562
          83         2469
          84          997
          85           51
          86          970
          87          508
          88         8430
          89         1782
          91           91
          92           94
          93         1287
          94         7273
          95         2440
          96         3086
          97         1222
          98         1919
          99         4933
         100         6512
         101         3873
         102          237
         103           13
         104            9
         105          740
         106         7682
         107          718
         108          106
         109         2408
         110           59
         111          305
         112          682
         113          305
         114         2519
         115           21
         116         5266
         117          757
         118         4928
         119         5553
         120         3205
         121          313
         122          122
         123         1413
         124          120
         125           11
         126         6391
         127         8624
         128         2216
         130          799
         131         8282
         132         6075
         133          218
         134           28
         136         1008
         137         2083
         138          365
         139         6246
         140         5144
         141          585
         142          696
         144          768
         145          151
         146            3
         147         1676
         148         4693
         149          663
         150         3055
         151         2478
         153         1349
         154         1364
         155           24
         156          326
         157          164
         158         2238
         159           41
         160         5719
         161         1059
         162         1410
         163          169
         164          124
         165           25
         166         3978
         167         8006
         168         1573
         169         1801
         170           69
         172           28
         173         3582
         174          147
         175          727
         176           35
         177         1608
         178          812
         179          246
         180         5407
         181         4083
         183         1174
         184         2801
         185         1881
         186          703
         188          157
         189          774
         190         3225
         191         4013
         192         2843
         193            2
         194            9
         195           45
         196          199
         197         8754
         198         4173
         199         2219
         200          365
         201          118
         202           11
         203          200
         204           11
         205         1527
         206         3470
         207           63
         208          361
         210          909
         211         7300
         212           67
         213           17
         214            0
         216           15
         217          218
         218         9145
         219         7194
         220          227
         221         7041
         222          418
         223          766
         224           13
         225          492
         226         7771
         227          234
         228           28
         229         2670
         232          608
         233         4070
         234            2
         235         3435
         237         4152
         238         4407
         239          312
         240          821
         241         6480
         242           73
         243            4
         245          410
         246         3350
         247          890
         248          155
         249          172
         250         2268
         251         8326
         252         2768
         253           89
         254          268
         256         2548
         257           71
         258          534
         259         5081
         260         3039
         261         9452
         262           28
         263           95
         264           11
         265         7512
         266          718
         267           19
         269         1272
         270         7842
         271         1416
         272           88
         273         1170
         274          537
         275           69
         276          582
         277           66
         278          208
         279           64
         280           32
         281         1011
         282           72
         283         5561
         284         1244
         285            0
         286         8149
         287          328
         288         5092
         289         1543
         290          606
         291         2364
         292          303
         293         3296
         294          340
         295          338
         296           21
         297         3095
         298         1850
         299          139
         300         1168
         301         1889
         302          147
         303         2498
         304           21
         305         6592
         306          814
         307         4220
         308          105
         309          323
         310         2531
         311         1081
         312         7301
         313          469
         314         4145
         315         5292
         316          325
         317          208
         319          528
         320         5310
         321          320
         322           25
         324         8381
         325          384
         326          248
         327           66
         328           59
         329         7380
         330         8125
         332         2141
         333         3001
         334         7360
         335         3081
         336          293
         337           14
         338           23
         339          781
         340         2981
         342         6149
         343         1955
         344         1254
         345           39
         347         3675
         349         1930
         350          394
         351          139
         352         3925
         353         1388
         356            0
         357            0
         358         3269
         360         4019
         361          454
         362         1624
         363         2363
         364          458
         365          928
         368          143
         369          379
         370         5614
         371         2674
         372         4633
         373         6957
         374         6742
         376           80
         377         6034
         379         1485
         381          852
         382          388
         383           51
         384         5719
         385         3380
         386           33
         387          515
         388         1051
         389          834
         390           40
         391          353
         392         7744
         395         4720
         396         1388
         397          106
         398          991
         400         4601
         401         1322
         402           27
         403          882
         404         5220
         405         2333
         406         1927
         407         8019
         409          193
         410          407
         411           57
         412            0
         413         4293
         414         1747
         415          859
         416           48
         417         2132
         418         5804
         419         1607
         420          448
         421         8305
         423          110
         424          285
         425         3285
         426          702
         427         6685
         428         5960
         429           45
         430           39
         431          712
         432          342
         433          541
         434         1339
         436         3998
         437          367
         438          865
         439         2968
         440         8464
         441         1979
         442         7393
         444         1227
         445          862
         446           37
         448         1010
         449         1162
         450         3774
         452         2312
         454          455
         455         5844
         456         5789
         457          733
         458           74
         459          120
         460         2824
         461         5903
         464         7287
         465         9424
         466         2401
         467          302
         468           30
         469         2250
         470           72
         471         7130
         472         6199
         473          343
         474         4120
         475          954
         478          868
         479         5862
         480          169
         482          397
         483          489
         484         1932
         487         1457
         488          328
         489         4323
         490          157
         492           94
         494         6007
         495         1245
         497           12
         499         4749
         500          475
         501         1573
         502          238
         506         2886
         508           94
         509         7848
         510         3642
         511         6093
         512         2023
         513         2365
         514         3256
         516         5943
         518         1117
         520         7506
         521         6513
         522          126
         524         9271
         525          527
         527         2286
         528            0
         530         3255
         532          213
         534          447
         535         1683
         536         7727
         537            0
         538          327
         539         1237
         540         8881
         541          836
         545         4896
         546         8140
         547         5309
         550         1656
         552         1349
         553         6472
         554         7872
         555           80
         557         5084
         559          469
         560         2255
         561         5982
         563         1204
         564         6564
         566          595
         567         8560
         568          575
         569         6237
         570          580
         571         8073
         573          101
         575         1850
         576         1867
         577           82
         579          332
         580           10
         581           18
         583         6089
         584           65
         585          612
         588         7163
         589          732
         590         1015
         591         3887
         592           10
         593         1188
         594         2610
         595          682
         596           12
         597          266
         598          691
         599           89
         601         1052
         602         6763
         603          991
         604          249
         606          816
         607         1708
         608          694
         610          285
         611           21
         612          986
         613         2752
         614          455
         615          818
         616          511
         617         3711
         618         1170
         619           42
         620         2071
         621         2333
         622         2708
         628         7745
         630         2046
         631         1486
         632         2653
         633          595
         634          603
         636            2
         637          241
         639          765
         642         1705
         644         1658
         646         6187
         647         2506
         648           25
         649          970
         651         1760
         653         7004
         654           87
         655         4439
         659          508
         661         3545
         663         1745
         664           76
         667         7327
         668         2870
         669         1354
         672         8338
         673         1702
         677           76
         678         7493
         679         2519
         680           54
         682         1789
         684         1169
         685         3271
         686         8419
         687         5077
         690         2551
         692         2385
         693          111
         694         7103
         698          253
         700         1456
         701            5
         702          384
         703         8634
         704          695
         706         2021
         707         2650
         708           70
         709         1268
         713         5832
         714          207
         715         2610
         717           27
         719         5626
         721           21
         722         2609
         723         5311
         724            0
         725         1135
         726         2874
         727         1840
         729           79
         730         9080
         731           21
         733           90
         734          484
         735           78
         737         1356
         739         1121
         740         1759
         743         1087
         744            0
         745         3875
         746          407
         752         1421
         753           41
         754          755
         755         2979
         757          705
         761         2186
         762           71
         763         1859
         764         1136
         765          394
         766         7512
         767         1338
         770         2136
         772         3150
         773         3554
         774          141
         776         6605
         780         8553
         781          164
         782         2498
         783         1011
         785          775
         786         7191
         787         7003
         788          213
         789         3313
         790         4152
         791         2007
         792          115
         793          529
         795           12
         797         6151
         801          291
         802           69
         805          388
         806         5421
         808          810
         809         3405
         811          291
         812         1359
         813         4697
         815         2864
         816         6117
         817           85
         818         1089
         819         2224
         820          983
         821         1672
         822         3473
         825           43
         826          361
         828         7788
         829           59
         830           69
         831         3365
         834         1636
         835          248
         837           23
         838          137
         840         1288
         841           93
         842          285
         843         1255
         844         5563
         846            0
         847         4324
         850         3178
         851         4498
         852          542
         853         2108
         854          822
         855         9059
         856         1239
         857         3403
         858         1053
         859           64
         860         2854
         861         1486
         865         2549
         866          485
         867         1200
         868          478
         870           83
         873          531
         874         6077
         876           10
         879          905
         880         1911
         881         7369
         883          572
         884         2991
         885         1927
         886         5748
         888          170
         889         2511
         890         4825
         892          932
         893         1719
         895          145
         896         6021
         898          904
         900         3147
         901          508
         903         2387
         905          908
         907         5063
         909          495
         911         4119
         912          852
         913         2877
         914         3341
         915           90
         917         9391
         918          244
         921         1157
         922         4705
         923         9260
         924         2926
         926         2214
         927         4426
         928         1149
         929          678
         931         4859
         932          511
         933         6458
         934         7711
         936         3517
         937          184
         938         1331
         939          373
         940          343
         942         2937
         946           45
         947          416
         948          871
         950          609
         951         5405
         952         1627
         954         7636
         957           52
         958         3576
         959            0
         961         9000
         964         8228
         965          317
         968          575
         970         5853
         972         1660
         974         5879
         977          328
         978         1801
         979         5220
         980         5984
         982          424
         984         1258
         987         1305
         988          953
         992          534
         994         2507
         996         3850
         997           69
         998         8278
        1000         1477
        1001         1227
        1003          161
        1006          222
        1008           67
        1009          109
        1010         7886
        1011          839
        1012         1601
        1013          994
        1016          574
        1020         6376
        1021         3944
        1023         7669
        1024          814
        1026          247
        1027          380
        1029         3412
        1030          674
        1031          126
        1032         2503
        1033         6669
        1035          831
        1036           71
        1037          242
        1039          773
        1040          410
        1041          143
        1042         7246
        1043         4582
        1044         1043
        1047         2141
        1048         1030
        1049         1366
        1050          659
        1051         4136
        1053           90
        1054         1162
        1057           39
        1059          144
        1061           22
        1064          463
        1067         2994
        1069         2694
        1070          158
        1071         2960
        1072         5986
        1073         1671
        1075         2523
        1076          715
        1079         2906
        1081          576
        1082         1785
        1083           39
        1084          281
        1089         1248
        1091         1742
        1093         6372
        1094         2767
        1097          514
        1098           21
        1099         2976
        1100         2421
        1102            2
        1108          104
        1110          727
        1111         3398
        1112         4165
        1113         1113
        1115         3972
        1117          654
        1118         3894
        1119           51
        1122         5614
        1123         1656
        1124         3883
        1127          599
        1128          729
        1130          961
        1133         3708
        1135            0
        1138         6480
        1139         5618
        1140         1424
        1142          722
        1143         3478
        1146           15
        1147           57
        1148         1821
        1150           78
        1151         8091
        1152           47
        1156         6304
        1157         6735
        1158         2674
        1160          392
        1161         4095
        1162           24
        1163          928
        1164          302
        1165         2991
        1168         1032
        1169         6215
        1174          157
        1175          190
        1176         1725
        1177         9311
        1179         1782
        1180           32
        1183          337
        1184          976
        1185         4039
        1187         1415
        1189            0
        1190         4785
        1191         7199
        1193         1389
        1195           55
        1196         2250
        1197           47
        1199         2015
        1201          503
        1202         3921
        1203           98
        1204           37
        1207         3495
        1208         1264
        1209         1193
        1210         8956
        1213            5
        1217         2694
        1218          862
        1220         2613
        1221          526
        1222          976
        1223           60
        1224         1110
        1228         5618
        1230         3920
        1231         2483
        1233          210
        1234         2715
        1239         7562
        1241         8394
        1242          259
        1244           37
        1246         7053
        1249           74
        1250         3982
        1258         1495
        1259          440
        1260         6338
        1264          190
        1265         1270
        1266         1253
        1268           79
        1269         1369
        1270          586
        1274          195
        1276         4360
        1278         5372
        1279         2312
        1280         2625
        1284         1234
        1286         1095
        1288         3400
        1291           80
        1293          165
        1296           90
        1297          936
        1298         3892
        1299         7652
        1304           85
        1305         7249
        1306          448
        1307           68
        1308           89
        1309          118
        1310         6608
        1311         2234
        1312         6869
        1315         1861
        1319          812
        1320         1164
        1321         1909
        1324         9359
        1325         2198
        1327         2616
        1329          948
        1330          194
        1333          995
        1336            0
        1338          325
        1341           73
        1342         1629
        1344         1416
        1345          618
        1347         4427
        1349         6444
        1350         3935
        1351         1807
        1352           79
        1353          870
        1356         1268
        1357           40
        1362         1188
        1363           50
        1364         5954
        1365         3343
        1366          704
        1367           90
        1369         1532
        1370         2697
        1372         2286
        1373         1357
        1374         2739
        1375         3049
        1376         1183
        1377         3132
        1378         1370
        1379          485
        1381          766
        1382         4013
        1384         1185
        1385         1701
        1386          154
        1387         7036
        1388         5316
        1389          779
        1390         1505
        1391           21
        1393         7130
        1394         6902
        1395         2134
        1397         5176
        1399         1117
        1400         1459
        1401          529
        1405           21
        1406          949
        1409         7585
        1411         5021
        1412          338
        1413           83
        1415         2586
        1416          346
        1417         8327
        1418         4044
        1419         1373
        1420         3927
        1422           39
        1423         6438
        1425         3997
        1427           33
        1428         4324
        1429         4013
        1430          603
        1432         1200
        1433         5086
        1434           83
        1436           28
        1437         2797
        1439           19
        1440         2408
        1441         2454
        1444         3488
        1447         3141
        1452          131
        1455          250
        1457           15
        1458         2933
        1459         2012
        1460         1745
        1461          831
        1463         5366
        1466         1006
        1471         3916
        1473         1437
        1474          169
        1477         4703
        1480           17
        1483          374
        1484          651
        1485          161
        1486          250
        1487          375
        1488         1161
        1489         1814
        1490         4749
        1491          427
        1494           69
        1498          296
        1499         4933
        1500         3943
        1503         1517
        1505         1244
        1506         6130
        1507         2376
        1508          988
        1509         6736
        1510          199
        1511          559
        1512         1340
        1517          132
        1518         6276
        1519         2069
        1522         4564
        1524         6727
        1526          192
        1527         1271
        1528         2250
        1530         1505
        1532          783
        1535         5446
        1537         1049
        1541           23
        1544         2585
        1545          130
        1548         1923
        1549            0
        1550           12
        1552         1729
        1553         8469
        1554          328
        1555          133
        1556         1377
        1557         1742
        1558         1768
        1559         2246
        1562         7967
        1564           21
        1565          213
        1568          194
        1569         1138
        1571         2902
        1572          138
        1575         8768
        1576            3
        1578          268
        1579         3156
        1583         3216
        1584          359
        1585         1290
        1587          180
        1588         1576
        1589         5372
        1590         4019
        1592         3187
        1593           14
        1596         6289
        1597         1523
        1598          114
        1599          921
        1600         6474
        1601           39
        1603          928
        1605         7127
        1606          260
        1609          997
        1610          729
        1611           95
        1612         1174
        1614          328
        1616          293
        1618         1678
        1620            2
        1622         2342
        1623           18
        1628          368
        1629         8767
        1632         6154
        1633          767
        1635          511
        1637         1543
        1638         1191
        1639           90
        1640         5158
        1641         8917
        1642         1635
        1647         1617
        1650         5403
        1653          263
        1656          210
        1659         3485
        1660         2891
        1661          455
        1662          965
        1663         5789
        1664         1594
        1665         7573
        1666          569
        1667         6824
        1668          884
        1670           56
        1671         2388
        1673         3071
        1674         3211
        1679           95
        1682           41
        1686           69
        1687          302
        1692         8914
        1693          418
        1697         2132
        1699         2140
        1700         2891
        1701          541
        1703          630
        1704           21
        1707          841
        1708         2306
        1709           34
        1710         2504
        1711           14
        1713         9036
        1717         4460
        1718           27
        1721         8712
        1723          187
        1724          730
        1727          513
        1728          360
        1733         5995
        1736         7122
        1737         2567
        1738         1071
        1744          518
        1745         1074
        1749         1454
        1751         2354
        1752          155
        1754           39
        1755         6687
        1761           69
        1767          927
        1768         1581
        1769         4979
        1771         1166
        1772          574
        1773         3919
        1776         6679
        1778         8677
        1779           47
        1780         1330
        1781          161
        1783         1702
        1784         3271
        1787         2672
        1790         4638
        1791         9080
        1792         1498
        1795           95
        1799         4302
        1801         1166
        1804         4860
        1805         7410
        1808         1047
        1809          194
        1810         3850
        1811         4484
        1813         1559
        1814         3245
        1816         3860
        1818         6499
        1819          189
        1821         3458
        1822          383
        1823         1166
        1825          459
        1826           66
        1827          475
        1828         3218
        1830           21
        1835         7763
        1837          372
        1838         4312
        1843         9191
        1844         3904
        1847         6298
        1849            6
        1850          460
        1851          387
        1853           96
        1859         3150
        1860          180
        1863          713
        1866           30
        1867          359
        1868           64
        1870         3500
        1871          175
        1873         3211
        1874         3305
        1875         6010
        1876          194
        1877          852
        1878          556
        1879         1246
        1880           55
        1881         1852
        1882         5943
        1883         4310
        1884         4433
        1885         1069
        1887         4586
        1889         1636
        1890         1233
        1891         1750
        1892         7888
        1894         4925
        1895         4508
        1898           21
        1899           36
        1900         5140
        1901         7092
        1902          388
        1903         2196
        1904          672
        1906           19
        1908         2745
        1911          643
        1913         1658
        1914         1960
        1916          131
        1919            0
        1921          495
        1922         1389
        1923         1886
        1924         5628
        1930         4612
        1933          264
        1934           81
        1935          223
        1937          790
        1938          318
        1940         3269
        1941          596
        1949         5572
        1952         1601
        1954         3973
        1955         2348
        1957         8918
        1960         2250
        1962          795
        1963          981
        1964          469
        1966         5080
        1969          928
        1970          246
        1971          601
        1972         4432
        1973         3183
        1974         1260
        1976           22
        1977         4146
        1978         6522
        1981          458
        1982         2103
        1983         1352
        1984          910
        1986          961
        1987         7066
        1990          118
        1993          482
        1996         4016
        1998          516
        2001          166
        2002         7568
        2003         2682
        2004         1013
        2008           67
        2009          799
        2018          561
        2021         1073
        2022          211
        2025           15
        2027           39
        2028         2017
        2031         9116
        2033         7083
        2034          158
        2036         2195
        2039          295
        2041          439
        2044           72
        2045         2325
        2046           64
        2050           22
        2052         1634
        2053          257
        2056           95
        2057          464
        2058            0
        2059           98
        2061          577
        2063         2425
        2064         3455
        2065         6624
        2067           57
        2071         2563
        2074          687
        2075          600
        2076          552
        2078          160
        2080          574
        2082         2982
        2085         1111
        2090          476
        2093          389
        2094         4782
        2098           12
        2100         1019
        2101         1007
        2102          448
        2103          460
        2104          505
        2107         2933
        2108          212
        2110            0
        2111         1007
        2112           95
        2115         5695
        2116          745
        2119          440
        2121         2840
        2123         4453
        2124          406
        2125         5922
        2126         5714
        2128          901
        2131         4599
        2135            0
        2137         1496
        2139           79
        2141         2964
        2143         2351
        2145         1366
        2147          211
        2148          342
        2150          126
        2152         6615
        2156         3216
        2163         6410
        2169         9171
        2173         2196
        2176          888
        2182          274
        2183          254
        2185           63
        2186          149
        2188         2083
        2189          157
        2195           27
        2197          404
        2198         8310
        2202          106
        2204         5211
        2206         2934
        2208           72
        2211         2590
        2215         2210
        2216          466
        2220          994
        2223         3952
        2225         8412
        2227         1355
        2229         5323
        2232           94
        2238           95
        2239            3
        2245         2690
        2246         2610
        2247          500
        2251         1204
        2254         6754
        2255          211
        2258         4003
        2259          425
        2264         5114
        2265          620
        2267         2246
        2269          321
        2271          841
        2275         1342
        2283          141
        2284          318
        2285            1
        2286           54
        2288         1981
        2292         8646
        2293         3104
        2296          808
        2297         2001
        2299          137
        2301         1007
        2302          205
        2307         2373
        2308         2890
        2309          984
        2311          888
        2319          152
        2321         3802
        2322         1555
        2327         3182
        2328            3
        2330           22
        2331         2089
        2333          243
        2334         1006
        2337         3961
        2341         8397
        2342         7190
        2345           39
        2346         4747
        2347         6766
        2349         1473
        2350            5
        2354         1207
        2355         2467
        2359         1177
        2360          256
        2361          224
        2362         6814
        2363         7050
        2366           45
        2368         3199
        2371         3490
        2372          254
        2374         7960
        2381          120
        2383         1959
        2384           81
        2385           67
        2391         8854
        2392          836
        2394          318
        2397           90
        2405          332
        2409         1170
        2411          648
        2414         3120
        2415          796
        2417          448
        2419         1369
        2420         4386
        2421          535
        2422           86
        2423         5570
        2425         1065
        2427          705
        2429          243
        2431         1303
        2432          674
        2439         3459
        2444            0
        2445         1356
        2446         2332
        2448           35
        2449           15
        2452         5733
        2461          649
        2465           21
        2466         8195
        2470          209
        2471          440
        2472         1286
        2478         4236
        2479         8001
        2480          146
        2481         5281
        2484          117
        2486           16
        2488         3937
        2490           66
        2496         2016
        2497          622
        2500          372
        2503          194
        2504          188
        2505          546
        2506         1006
        2511           83
        2518          366
        2520         2668
        2521          700
        2522          813
        2528          323
        2530           40
        2536         3132
        2538         4824
        2541          347
        2542          766
        2543         5735
        2544         1701
        2546         5126
        2547         5879
        2552         3104
        2554         5176
        2556         2448
        2564          228
        2566         1429
        2567          295
        2569           66
        2572          647
        2578         7913
        2580          670
        2584         4458
        2586         3097
        2587         6756
        2588         5947
        2591         2583
        2593          983
        2594         5391
        2602          502
        2605          233
        2606         1166
        2608         5572
        2609         3276
        2611          152
        2612         7262
        2613         5405
        2622         1195
        2624         7383
        2627            2
        2628           21
        2629          793
        2630         1489
        2631           13
        2633          271
        2637         7128
        2638          449
        2639         4001
        2640          736
        2643         5474
        2646         1457
        2648         1620
        2650           68
        2652         1081
        2658         3569
        2661          182
        2662           68
        2664           63
        2666          102
        2668          392
        2669         4343
        2673          153
        2674         2693
        2677          306
        2678         3067
        2681          421
        2682         5068
        2687          541
        2691         1873
        2692         1828
        2694         2021
        2703          360
        2704            2
        2706         4466
        2708           81
        2710         7098
        2718           39
        2724          127
        2725          600
        2726          151
        2732          160
        2734         4672
        2735         4470
        2736         1187
        2739         1101
        2741         6649
        2742         1108
        2745         1342
        2746         2210
        2750         3021
        2751         5488
        2752         2523
        2753         2372
        2755         2684
        2757         1283
        2760         2510
        2761         2176
        2763           31
        2764          112
        2765         3866
        2766         7847
        2770          736
        2771         1859
        2774          206
        2775          875
        2778           40
        2788         1281
        2793         1685
        2794          511
        2799          256
        2804         2782
        2805          534
        2809         3239
        2811           69
        2812         6878
        2816         2846
        2817         3919
        2818         2732
        2820         3127
        2823         6632
        2824           48
        2826          323
        2830          126
        2831         1478
        2832         2794
        2838         3989
        2843         8308
        2845         4059
        2847           10
        2849          421
        2853          831
        2855          969
        2860         2224
        2864         2793
        2867          384
        2868          169
        2870         2809
        2872         1517
        2874           92
        2876         3195
        2877         6957
        2880           74
        2881         1859
        2882           62
        2883         5929
        2884          469
        2885           54
        2887         3633
        2895          645
        2896         3526
        2901         1342
        2902          132
        2903          601
        2905           54
        2909         2910
        2910          143
        2911          313
        2913           35
        2916           19
        2917         6794
        2921         1528
        2923         2428
        2927           22
        2933         3353
        2934         1423
        2937         2408
        2938          216
        2948           27
        2952         3073
        2957          997
        2959         1145
        2961          191
        2964          878
        2968          168
        2970         5169
        2972         1058
        2973         5007
        2976          926
        2980          780
        2981         1396
        2989          841
        2993         4403
        2994         1471
        2998         1237
        2999         5868
        3001          600
        3002           37
        3004         3824
        3009         7484
        3011          899
        3012         3004
        3018         1305
        3023            9
        3026         1729
        3027          944
        3028         2031
        3032           78
        3033         4050
        3034          910
        3039         1173
        3040          394
        3041          310
        3043         1850
        3045          610
        3047         2182
        3049         3901
        3050           47
        3051           37
        3053         3024
        3054         4175
        3055          472
        3056         5591
        3057            5
        3058         5870
        3059         1754
        3060         1737
        3063         3625
        3064          746
        3069         1853
        3070          210
        3071           51
        3072         1499
        3074         2960
        3075          577
        3076         8295
        3077         4518
        3080         3085
        3081          101
        3082          757
        3084         1788
        3087           27
        3090          460
        3092         4880
        3094         5577
        3095         6571
        3096         6709
        3098         3103
        3099          485
        3100         1427
        3103         4099
        3106          433
        3112         2653
        3115         3551
        3119          167
        3122            1
        3124          649
        3125           50
        3126           24
        3129          800
        3130         5614
        3140         5266
        3144          574
        3146         2551
        3150         2234
        3152         7466
        3157         2780
        3162          746
        3163           48
        3165            9
        3169         1032
        3174         1342
        3176         5448
        3177           37
        3182         3475
        3183           85
        3185            2
        3195          251
        3198          321
        3200         2672
        3201          534
        3205         1123
        3207          799
        3210         7456
        3211         1458
        3213            7
        3214          243
        3216          194
        3224         3070
        3225            5
        3226          815
        3227           41
        3228          221
        3231         7551
        3235           27
        3238         3232
        3239          191
        3243          458
        3244           11
        3245         1286
        3246         1101
        3251         3998
        3252         3073
        3254          577
        3257         3609
        3258         1227
        3259            5
        3260         3080
        3265         6763
        3266           63
        3268          130
        3269         5372
        3271          534
        3272          595
        3276          312
        3278         6188
        3279         6719
        3280           10
        3283         3295
        3288           62
        3289         4343
        3290          103
        3292         4121
        3294         3945
        3298         1678
        3300          135
        3303          313
        3306         4392
        3307          111
        3313          410
        3316           12
        3317         1287
        3319          648
        3320         3341
        3322         5448
        3324         6204
        3330         1303
        3332         1678
        3333            2
        3334          758
        3336         2897
        3338           21
        3341         1384
        3343          910
        3347         1900
        3348         5238
        3351         2714
        3352            0
        3357         5976
        3358         3148
        3361          465
        3362            0
        3364         3394
        3365          371
        3368          546
        3369         4848
        3371         2042
        3372         3351
        3373         7782
        3375         3169
        3376          720
        3378          723
        3379         3379
        3384          100
        3385         1187
        3388          579
        3393           86
        3396          101
        3397         7506
        3398          195
        3399           47
        3400         7453
        3404           97
        3407         1401
        3409         1665
        3412         7770
        3413          178
        3419           66
        3421         2403
        3422           35
        3429          170
        3430          873
        3432         2471
        3435         1937
        3436          132
        3439          103
        3440         2722
        3441         2528
        3443         4017
        3447           10
        3449            0
        3454         6649
        3456         5187
        3458         1127
        3461         1424
        3466          673
        3468          484
        3474         5086
        3475           64
        3476           13
        3477         2164
        3481         3507
        3482            2
        3483            2
        3486           77
        3487         5516
        3489         1178
        3492            8
        3495         2442
        3499         4458
        3500         1618
        3501         3127
        3505            1
        3508          876
        3510         1479
        3512          211
        3514         4091
        3515          996
        3519         5343
        3520           29
        3524         5981
        3527           10
        3528          394
        3530         3496
        3535          363
        3537          389
        3539          147
        3540         9134
        3541         4178
        3542          329
        3548          244
        3549         2192
        3550          372
        3552         7260
        3554           37
        3559           70
        3561           94
        3563          126
        3566         1145
        3569         3243
        3572            1
        3575         3520
        3576         1183
        3579          248
        3583         1410
        3585          225
        3588         2922
        3592          495
        3595          615
        3597         3689
        3600          959
        3602         2010
        3605         2502
        3606         8091
        3610          237
        3612         5960
        3613         1742
        3615         1074
        3618         1446
        3623          676
        3630         7709
        3631         7622
        3632         4180
        3635           36
        3639           31
        3641         2002
        3642         3420
        3650          579
        3651          741
        3658          328
        3659         2171
        3660         3665
        3662          865
        3663           22
        3664         1116
        3665            5
        3666          101
        3669         1787
        3671          851
        3672         6513
        3673            0
        3674         6967
        3675          130
        3676         4271
        3679         5845
        3681           32
        3682          862
        3683         2229
        3684           26
        3686          210
        3687         2946
        3689         4271
        3691         7666
        3694           12
        3696         5399
        3697          156
        3700         4334
        3701          104
        3702         1618
        3703           17
        3707            1
        3710          731
        3721          856
        3724         6934
        3727           63
        3731          643
        3732           63
        3736         3378
        3738         1738
        3748         5124
        3751         5518
        3753          742
        3762           21
        3765          302
        3766         3779
        3767         3676
        3768          106
        3769         5555
        3775          498
        3776          251
        3778         1833
        3797         4852
        3800         7967
        3801           55
        3805         4520
        3807           99
        3809          812
        3810         2506
        3811         5577
        3813          124
        3820         2221
        3822           20
        3824         3889
        3825         6903
        3830         9186
        3832         3159
        3835         4343
        3836          194
        3837         3141
        3840            2
        3844         6610
        3846         1053
        3847           56
        3852         5433
        3858          729
        3861          812
        3864         1798
        3866          795
        3874          165
        3880          551
        3886          665
        3887          468
        3888          758
        3893           39
        3894         8352
        3895         3271
        3906         3916
        3913          192
        3916          199
        3918         2575
        3919          225
        3920         9327
        3924           69
        3935          257
        3937            0
        3939         4198
        3942         4504
        3943            2
        3956          767
        3969          497
        3971         2026
        3972         1150
        3975         4086
        3976         1678
        3977         2164
        3979         2221
        3982          127
        3983          824
        3984          488
        3985         4033
        3988          402
        3990         3875
        3993          779
        3996          775
        4000         5737
        4001          109
        4008         8884
        4012           43
        4013         5537
        4015          132
        4016         1110
        4018         6756
        4019         1492
        4026         1858
        4029           76
        4030         1820
        4032           90
        4037          109
        4038         6363
        4042         1654
        4043         4065
        4044         3222
        4045         7340
        4049         2752
        4051          904
        4056          152
        4057            9
        4059         1576
        4064         1029
        4067          538
        4068         2012
        4072         5346
        4073         1962
        4080         3757
        4082          769
        4084         7575
        4092          216
        4100         1731
        4102          226
        4103         3794
        4112         2880
        4116           60
        4117           41
        4121          182
        4122           48
        4124         3451
        4127          950
        4133         6372
        4134            5
        4137         1850
        4141           12
        4144         6303
        4150          319
        4157           26
        4172         5784
        4173          156
        4176         4814
        4178         1172
        4184           19
        4185         2389
        4189          243
        4191         2196
        4192         1920
        4194         1007
        4197           95
        4200         5875
        4204         1116
        4205            9
        4208           47
        4213          134
        4214         1708
        4215           56
        4219           42
        4223         4268
        4225         1194
        4226         5285
        4227         1517
        4235         8276
        4238         1798
        4240         1524
        4247           19
        4251         1913
        4253          572
        4259          960
        4260            9
        4269          204
        4275          620
        4276         2521
        4277          191
        4279         4995
        4281         3831
        4283         1138
        4288         6142
        4289         4013
        4292         1273
        4299           39
        4303         4032
        4305         1220
        4308         2916
        4310         5698
        4311         2303
        4313           69
        4314         3150
        4315         6528
        4316          762
        4317         3655
        4319          752
        4320         1286
        4324         2289
        4328          237
        4331         6752
        4332         1007
        4333          123
        4339         1125
        4340         5647
        4342         9175
        4348           31
        4350         9281
        4352          125
        4353         1249
        4357         4958
        4362         5269
        4373           10
        4379         3616
        4383          484
        4385         1223
        4386           95
        4389           12
        4393          323
        4395         1235
        4396          757
        4401         1811
        4408         6364
        4410         7711
        4411          267
        4424          246
        4427         4147
        4430          449
        4441          154
        4447         4019
        4448         2570
        4449          192
        4450          155
        4451         5370
        4459          599
        4461         8660
        4464         1399
        4468           25
        4472         4436
        4475           69
        4486          723
        4488         2218
        4492         3073
        4493          180
        4494         7235
        4500         1544
        4503          687
        4504         1748
        4505          552
        4507          257
        4511          473
        4512          126
        4518         6345
        4519          961
        4525         9042
        4526          609
        4527         7229
        4530           16
        4532          259
        4533          576
        4534         7130
        4535          651
        4537           93
        4540         3247
        4542         2113
        4546          670
        4547          795
        4550         8352
        4555          635
        4558          113
        4561         1821
        4563           63
        4564         1820
        4566           37
        4571         3523
        4576         1574
        4577         1752
        4583         2669
        4587         3372
        4592         3496
        4594            6
        4596         1834
        4599         3471
        4608          202
        4612           80
        4615         4207
        4619         3904
        4620         4222
        4622          471
        4626          143
        4627           89
        4635         1375
        4636            0
        4640         9310
        4643         5961
        4647         6199
        4648         1261
        4653         1764
        4656         1121
        4657          135
        4666         5595
        4668         8531
        4669         1365
        4674         5714
        4678            1
        4679          147
        4684         7618
        4688         1721
        4694         2519
        4703         4991
        4717         2364
        4720         2536
        4722          324
        4723            0
        4727          776
        4733           19
        4735          726
        4737         7759
        4738          177
        4743          917
        4744         2298
        4747           49
        4751          488
        4756           57
        4757          157
        4760         3858
        4761         7039
        4762           27
        4768         1144
        4769         2758
        4771          243
        4774          306
        4787         2218
        4797           49
        4798            0
        4800         1372
        4803         3846
        4804         1764
        4806          293
        4807         4269
        4811            1
        4813         1531
        4814         2559
        4816         1256
        4833          220
        4835          259
        4837         3618
        4839         8056
        4842          101
        4847         6999
        4849          374
        4851         4896
        4853          335
        4854           97
        4858          169
        4861         6030
        4865          633
        4870         3192
        4876         3446
        4879         3788
        4882           78
        4883            5
        4885          169
        4889         5206
        4890         1622
        4891           23
        4897         3835
        4903          170
        4912         4638
        4922         5299
        4925         2267
        4926          160
        4927         1739
        4931           32
        4934         2752
        4935         1484
        4938         1327
        4939          186
        4942          579
        4947         1587
        4958         3227
        4961         1585
        4964            4
        4970          595
        4975         6341
        4980           42
        4982          821
        4986          846
        4988         8350
        4991         3898
        4995         2217
        4996         1305
        4999         2425
        5006         2235
        5008         7585
        5011         1658
        5013         4473
        5015         1435
        5016           19
        5022         5959
        5023         2734
        5026         2502
        5028           47
        5035         1116
        5037         2273
        5041          126
        5042         6138
        5045         6189
        5050          813
        5056          367
        5057          508
        5063         4324
        5064         3380
        5070           51
        5078         7611
        5080           63
        5082          352
        5086         2376
        5088         1295
        5092           55
        5094         5828
        5096          145
        5099          815
        5100          260
        5103          492
        5104           14
        5105          170
        5106          503
        5109          119
        5112         1143
        5118          959
        5119           73
        5121         1169
        5122         6135
        5127          757
        5130          352
        5135         5119
        5139         2170
        5146          323
        5147         5789
        5150         1794
        5152           44
        5157          120
        5162         1097
        5164         3182
        5167           68
        5171         4892
        5172          687
        5173         2099
        5174         1544
        5175          137
        5178         5993
        5181         1305
        5186          783
        5187         5887
        5188         9123
        5197         2700
        5198         1372
        5202           39
        5210          404
        5212         2695
        5217          569
        5218         1181
        5221         3723
        5226          733
        5227         2559
        5228          560
        5231         1191
        5233          339
        5234          901
        5236         7886
        5241         4310
        5243          522
        5246         1568
        5251          736
        5255          961
        5256         4970
        5262          984
        5266          304
        5268         6223
        5271          522
        5276         1140
        5281          574
        5282          815
        5283           42
        5286          103
        5289          157
        5290         6741
        5292            0
        5293         2405
        5295         5257
        5299          180
        5302          694
        5307         7828
        5311         4521
        5321            0
        5328          585
        5331           40
        5333         8305
        5336         1406
        5340         2131
        5348         4426
        5351           90
        5353         3199
        5356         5914
        5362         5730
        5365           91
        5372          621
        5374           14
        5375           73
        5379         2036
        5381         2039
        5384          511
        5387         5460
        5390         6947
        5391         3588
        5395         1735
        5400         4171
        5412          221
        5415          198
        5421         3778
        5425           48
        5426         7647
        5427          965
        5435          736
        5437          100
        5441         5253
        5450         1855
        5451         7193
        5454         5574
        5455         2748
        5459          102
        5460            2
        5462           32
        5465         5536
        5466           57
        5471          329
        5472          846
        5474         4054
        5477           63
        5480          422
        5482          623
        5484         6953
        5485         6635
        5488         1583
        5493         8720
        5494         1039
        5497         1809
        5500           13
        5501         6873
        5505          319
        5511         1962
        5521           54
        5522         2671
        5523         7196
        5526          449
        5535          198
        5539         5521
        5543            1
        5544         2516
        5547           43
        5548          225
        5549          805
        5557          940
        5558         4019
        5559         7447
        5567         2328
        5574          372
        5577         3295
        5578          462
        5581            0
        5582            0
        5584         6612
        5591         1253
        5596          757
        5598           18
        5600           50
        5601           37
        5605          745
        5608         7463
        5616           31
        5618         1685
        5619          254
        5622         1293
        5625          352
        5627          649
        5632         1539
        5633          639
        5636         3531
        5639           67
        5645            9
        5648          223
        5653          202
        5657         4064
        5660          225
        5670         8143
        5672          260
        5681            2
        5685          496
        5688         4503
        5691         7357
        5694         2572
        5696          361
        5700          170
        5702          182
        5703          327
        5705          191
        5709         9226
        5710         2549
        5715         1942
        5716          348
        5721           46
        5723         3733
        5726           36
        5727         4483
        5728         4925
        5730         2376
        5731           95
        5733          221
        5739          361
        5742         2818
        5744         1073
        5746          662
        5753            0
        5759            0
        5766          120
        5773         9247
        5775         2483
        5782          425
        5787            0
        5788         4654
        5793         5776
        5794         6493
        5795         7038
        5796          118
        5802         5342
        5805         5741
        5806          880
        5810         3275
        5812         1031
        5813         5381
        5823          502
        5827         2307
        5828         1157
        5837         3183
        5840            2
        5845          500
        5846         7875
        5851            6
        5858           21
        5861         1165
        5862         2376
        5866         2652
        5871            0
        5877         1478
        5878         2719
        5884         1260
        5891         5144
        5892         1840
        5906          157
        5908          473
        5910         3946
        5921           67
        5925          520
        5929         3593
        5931           54
        5934         1095
        5942         1970
        5946         1700
        5949           30
        5951         6912
        5952           39
        5955            1
        5960           98
        5964          154
        5971         6516
        5976          779
        5985         3046
        5986         1183
        5990           43
        5992          368
        5994          113
        5996         4190
        6000         3210
        6005          152
        6007          167
        6009           43
        6011          427
        6012         2387
        6013          673
        6019           93
        6021         2703
        6022          283
        6029         1429
        6033         4179
        6038          375
        6046         4927
        6055           22
        6056           26
        6057         1164
        6061            1
        6063          143
        6064           54
        6066           36
        6067         2431
        6069         7324
        6071          256
        6075         1517
        6076           44
        6088         1990
        6092         4087
        6094         2679
        6095         3183
        6097         6800
        6101          105
        6102           68
        6106         8217
        6107          628
        6109         3079
        6118          124
        6121         2345
        6125         1434
        6126          124
        6128         6095
        6129          642
        6131         1112
        6133         2329
        6138          349
        6140         1568
        6143         7301
        6144          182
        6148         5705
        6150         1622
        6153         4381
        6157          838
        6162           79
        6168         3088
        6171           12
        6175         1539
        6176            4
        6180         1189
        6186           95
        6190          635
        6207           12
        6218           50
        6221          379
        6233         7276
        6235          959
        6240           27
        6241          192
        6244         1528
        6246         1870
        6248         4342
        6250         3650
        6254           22
        6256         6300
        6257         1806
        6258            5
        6260          642
        6262         5116
        6266          360
        6269           41
        6276           30
        6277         3014
        6278         4309
        6283          118
        6284            0
        6290         2516
        6292          113
        6295         3226
        6298            2
        6304         1194
        6309         1735
        6318         1256
        6321          226
        6327          320
        6334          235
        6335         6685
        6342         5792
        6361            0
        6365          614
        6369          574
        6380          372
        6387         1700
        6403           47
        6413          851
        6418         1113
        6422          148
        6423         8822
        6425           83
        6430         2131
        6432          266
        6437            1
        6444         6902
        6446          569
        6457          484
        6465          169
        6470          260
        6477         3967
        6479           18
        6481          400
        6484            0
        6489         6485
        6492            0
        6493         2010
        6495         3028
        6497          134
        6499          993
        6503          395
        6506          148
        6508         4079
        6511         4885
        6513         3087
        6515          450
        6520         2387
        6522         7191
        6523         3785
        6539         6240
        6545         6612
        6546           52
        6549           81
        6554          134
        6555            0
        6563         2021
        6569          522
        6573          104
        6581          825
        6586         4072
        6588           19
        6589          398
        6594         1392
        6602         2559
        6603           19
        6605           46
        6608         4053
        6610         3210
        6620         2345
        6621          246
        6652         3331
        6653         8110
        6654          452
        6655         3110
        6656          815
        6661         2698
        6666         2533
        6671         6078
        6681          155
        6683         1877
        6689         2385
        6693         1964
        6695            0
        6701           67
        6702         2739
        6705         1421
        6706         1863
        6707          193
        6708          310
        6710          659
        6711          120
        6714          242
        6723          552
        6724         8307
        6726         3892
        6727          639
        6728         3147
        6730         5614
        6738          574
        6741          495
        6743         2076
        6747          310
        6753         2071
        6755          368
        6759         4375
        6760         5694
        6764          754
        6765           19
        6766           86
        6771         2644
        6772            0
        6776         4749
        6784          988
        6786         3952
        6794         1877
        6795           39
        6800          595
        6801          286
        6811         4321
        6815           44
        6822         1946
        6823         3016
        6828          512
        6833          328
        6837         4683
        6838         2519
        6839          500
        6842         7952
        6858         1372
        6860         2883
        6862         3734
        6869         2170
        6879          158
        6885          251
        6886         1487
        6895         5923
        6898          286
        6899          292
        6904         1704
        6906         7084
        6907          389
        6920          694
        6927         3654
        6929           40
        6930          252
        6936          310
        6942         3040
        6944           14
        6948         2753
        6955         6087
        6960          574
        6967          871
        6968         1204
        6969          609
        6970            0
        6971          585
        6973          183
        6978          115
        6979         1713
        6980         2530
        6986         1699
        6987         2071
        6995           93
        6997         1750
        7009         1851
        7017            1
        7022         3408
        7031          988
        7037         1043
        7039         2839
        7041         1360
        7043         7797
        7066           29
        7068           83
        7069            2
        7074         2012
        7078          335
        7082         5613
        7083         2915
        7089         1165
        7090            0
        7107          508
        7110         7925
        7113         5623
        7116         2551
        7118            0
        7127         3631
        7132          137
        7133         2118
        7135          336
        7136         3323
        7141           72
        7155           29
        7174         5456
        7180           93
        7185         1215
        7186         1946
        7191          693
        7199         6584
        7205           74
        7210         2674
        7212           30
        7217          906
        7218         1185
        7241           43
        7242         1397
        7245          244
        7255          548
        7262         1684
        7273         1539
        7277          168
        7288         7245
        7292            0
        7293           99
        7296         2367
        7302          378
        7305         2851
        7311         2941
        7318           93
        7320            0
        7324         1590
        7326         3670
        7333          953
        7334         4841
        7337          751
        7338          503
        7341          332
        7345          191
        7347         3036
        7357          265
        7359         2598
        7361         5147
        7362         3195
        7364           36
        7377          619
        7381         6370
        7390          615
        7402          202
        7404         1719
        7407         3921
        7415         1306
        7430           37
        7432         5333
        7434         3024
        7442         4238
        7454          143
        7456          570
        7459         9198
        7466          100
        7471         5697
        7475           54
        7508         2021
        7513         1384
        7515          260
        7519          687
        7520           46
        7525         6255
        7532         5982
        7535          670
        7536         3753
        7549         1821
        7551            9
        7556         2875
        7563         1043
        7565            6
        7576          335
        7581         5814
        7590           93
        7595          242
        7605          810
        7622         2195
        7625          168
        7627         7872
        7629          730
        7634         2610
        7635          263
        7637           73
        7644         1695
        7655         5995
        7663           25
        7673          109
        7684         1726
        7686          574
        7690            6
        7694          154
        7698           27
        7706         7580
        7708           80
        7711         1747
        7719         1156
        7720          124
        7735           15
        7736         2178
        7746           84
        7761         1074
        7764          572
        7775          260
        7776         1336
        7788            0
        7791         4446
        7803           43
        7820          347
        7829          806
        7830         4191
        7835         1156
        7844          673
        7848           26
        7851         1709
        7855         7445
        7858         3630
        7861         1233
        7862         1747
        7864         1984
        7866            6
        7872           15
        7877            0
        7888          927
        7896           17
        7897          904
        7904          670
        7913         1583
        7917         1165
        7918          623
        7922          268
        7930          436
        7931         4632
        7932         5469
        7937         2173
        7938         3618
        7946         1266
        7947         3021
        7950         2186
        7953          927
        7961         2025
        7964         4357
        7968           41
        7978           29
        7980           24
        7982         4582
        7986         2373
        7990         3182
        7991         5267
        7994            0
        7998           79
        8001         2998
        8009         3199
        8011          221
        8012         3779
        8014         1942
        8025         4915
        8026          374
        8034         1388
        8036           95
        8042          619
        8043          250
        8050          457
        8061          690
        8075         1755
        8080         2566
        8081           14
        8086          155
        8090          804
        8098          488
        8099         4525
        8101         3618
        8107         5844
        8114         3798
        8128            6
        8137          954
        8138         1618
        8140         6819
        8147          289
        8154         1153
        8164          346
        8175         3785
        8179         4492
        8182         1004
        8190         7117
        8194           61
        8195           32
        8218          633
        8219         4142
        8220         3022
        8221         3024
        8225         3208
        8228         3284
        8234           62
        8242          628
        8246         9203
        8256           72
        8266          994
        8267           87
        8275         1777
        8276          412
        8277          784
        8282            1
        8287          103
        8294         5084
        8295          246
        8298         1029
        8301         5389
        8302         3595
        8303           70
        8312         2753
        8316          728
        8331           37
        8340           12
        8341          260
        8344         1342
        8345          119
        8346         4085
        8355         5908
        8358          741
        8365         6760
        8380            0
        8387          286
        8399         1681
        8400          803
        8407         1084
        8417         1256
        8424           26
        8427         1029
        8440         1512
        8448          797
        8449         3394
        8453         1386
        8457            1
        8459          674
        8462         7220
        8466         6668
        8469          131
        8479           89
        8493          847
        8494           63
        8497         9455
        8508           67
        8515         1042
        8531         4020
        8536           63
        8538         1386
        8552          304
        8561            9
        8588           43
        8600          672
        8601         7976
        8602          317
        8605          155
        8608          309
        8633         6148
        8642          814
        8646          560
        8650          329
        8655          557
        8665          198
        8667           94
        8670           68
        8676            2
        8686           32
        8692         4455
        8705          776
        8710          525
        8724         2282
        8726           87
        8729         1873
        8733         2851
        8734          361
        8751         2135
        8756         4668
        8777          925
        8785         2879
        8787         2833
        8790         4535
        8796         1900
        8811         1325
        8812         3092
        8813         3261
        8819          171
        8821          771
        8830         3569
        8834         1009
        8835          101
        8837           15
        8841          406
        8844          278
        8845          550
        8852         1289
        8854         3577
        8863          484
        8868         2556
        8881         3723
        8889         1865
        8891           31
        8892           29
        8894         7472
        8900            5
        8931          373
        8940           29
        8949            0
        8972         4053
        8978           43
        8998         1046
        9001         1031
        9009         4165
        9014         2509
        9043          371
        9061          534
        9068         1772
        9083         3642
        9092            0
        9102         9425
        9111          238
        9113         2425
        9114         1384
        9115           42
        9122          991
        9124         1187
        9130          224
        9132          507
        9138          531
        9145         1059
        9151           10
        9158          331
        9159         2256
        9165         2137
        9179          540
        9185            6
        9193         4153
        9194           29
        9196          938
        9207         2485
        9219          868
        9229          145
        9240           66
        9243           51
        9263         3585
        9269         8074
        9272          131
        9276         1017
        9282          752
        9284         1889
        9286          332
        9291         4128
        9292         1552
        9297         5595
        9311           68
        9317         3047
        9326         6312
        9332         5981
        9335          102
        9337          286
        9338            2
        9343          687
        9345         6664
        9352          815
        9381          701
        9406         2727
        9431          674
        9435          729
        9437         3864
        9443          569
        9444          202
        9450         3319
