# HaloID(1) HaloID(2)
           0            0
           1            0
           2            1
           3            2
           4            4
           5           92
           6          162
           7            8
           8            9
           9           10
          10           10
          11          586
          12           13
          13            5
          14           14
          15           15
          16            5
          17           16
          18           18
          19          939
          20           80
          21          572
          22         5640
          23           25
          24           30
          25          126
          26          397
          27          473
          28          382
          29         3531
          30           70
          31         2016
          32          660
          33         4933
          34         2537
          35           37
          36          485
          37           41
          38         1426
          39           43
          40         2720
          41         6651
          42           17
          43         1141
          44         4858
          45          406
          46          540
          47           32
          48            2
          49          472
          50         3464
          51          911
          52         5305
          53           54
          54           55
          55         4069
          56         1861
          57           59
          58           60
          59           80
          60         1899
          61         9180
          62           63
          63            0
          64          293
          65         2081
          66            0
          67          191
          68         2011
          69          288
          70         1262
          71          153
          72         2391
          73          133
          74         4432
          75          459
          76         1962
          77         3037
          78         3259
          79           30
          80         6067
          81          511
          82         6955
          83          406
          84         1102
          85           10
          86         3621
          87         3066
          88            2
          89         6665
          90         1133
          91            0
          92         4596
          93          509
          94          890
          95          199
          96           91
          97           95
          98           96
          99           85
         100           98
         101          237
         102            0
         103          697
         104         5171
         105           14
         106           71
         107         1599
         108          105
         109         4817
         110          120
         111           10
         112          723
         113         1679
         114         1291
         115          111
         116         3891
         117           79
         118         3952
         119         5685
         120         6703
         121           80
         122         5473
         123          120
         124           73
         125         4396
         126         4085
         127           26
         128         2940
         129          833
         130          789
         131          545
         132          231
         133         4962
         134          483
         135           14
         136         6367
         137         5838
         138          125
         139          144
         141          144
         142          425
         143         1119
         144         5334
         145         1465
         146          900
         147          307
         148           26
         149         2142
         150         1830
         151         1377
         152          415
         153          149
         154          799
         155         5387
         156         2903
         157          154
         158          155
         159         1082
         160          156
         161           94
         162          465
         163          166
         164           67
         165           14
         166          105
         167         8206
         168         5633
         169          164
         170          368
         171         4055
         172          165
         173         4297
         174          263
         175          787
         176         5933
         177            0
         178          125
         179         4293
         180         1194
         181         1646
         182         7467
         183           78
         184          115
         185         4951
         187         4440
         188          938
         189          227
         190         7145
         191         2003
         192         3168
         193          856
         194          190
         195          189
         196         4104
         197         5830
         198           10
         199         4141
         200         2261
         201          618
         202          196
         203          933
         204           10
         205         5466
         206         6481
         207         1445
         208           15
         209           19
         211           18
         212         4330
         213         4980
         214          859
         215          568
         216          229
         217          327
         218         2416
         219         2806
         220         3911
         221         7294
         222           26
         223         5168
         224          198
         225         1993
         226         5619
         227         1307
         228         6785
         229          164
         230           67
         231         6777
         232         1160
         233          627
         234         5335
         235          192
         236         3847
         237         2068
         238         8859
         239         2157
         240         2330
         241         1041
         242          417
         243         8066
         244         7833
         245         4801
         246          251
         247         5414
         248          243
         249         2043
         250          300
         251         8748
         252         5560
         253          250
         255         1502
         256         3894
         257          631
         258         5180
         260         1520
         262         5854
         263            0
         264         5171
         265         4098
         266         2456
         267          703
         268          123
         269         4607
         270         1574
         271         3805
         272         1474
         273         2194
         274         3054
         275         1106
         276         4384
         277           67
         278         6955
         279         3733
         280         1984
         281          280
         282          288
         283           52
         284         5557
         285         3591
         286          979
         287          654
         288           35
         289         9211
         290           80
         291         7230
         292         2370
         293          296
         294          826
         296         1991
         297         1001
         298         7574
         299         4194
         300         8575
         301          271
         302          532
         303         8037
         304          301
         305         1796
         306         6168
         307          100
         308         4411
         309         1141
         310         5565
         311         2931
         313         1196
         314          274
         316         4469
         319          489
         320         2372
         321          675
         322         4908
         323          439
         324           44
         325         1229
         326         5474
         327         1578
         329           54
         330           53
         331         5860
         332          178
         333           99
         334          208
         335         1082
         337          139
         338            8
         339         1500
         340            9
         341         5013
         343           24
         344          176
         345          943
         348         1036
         349         3016
         350         5387
         351           67
         352         7865
         354         2076
         355         7726
         356         6202
         358         5902
         359         8458
         360          520
         361         4745
         362         1001
         363          433
         364           62
         365         4927
         366          722
         367          359
         369          812
         371          362
         372         5066
         373           76
         374         2144
         375           26
         376         1908
         377          306
         379         7352
         380         1516
         381         3588
         382          764
         383         8359
         385          382
         386         1714
         387          611
         388          879
         389         7787
         390         6988
         391         2378
         392         1214
         393          582
         394          393
         395          578
         396          286
         397         8093
         398          108
         399         3234
         401          423
         402         1330
         404          403
         407         1248
         408         5478
         409          600
         410           62
         411          283
         412         3385
         413         7192
         414           22
         415          106
         416         1656
         417         4123
         418          414
         419         3848
         420          419
         421            9
         422          758
         423         5334
         424         2398
         425          425
         426         3509
         427          422
         428          428
         430          431
         431         2561
         433          823
         435         1017
         436            1
         437          192
         440          299
         441          434
         442         8338
         443         3234
         446         2852
         448         1216
         449         1569
         452         1060
         453          123
         454         1692
         455         2971
         456           88
         457          133
         458          406
         459         5823
         460         7846
         461           95
         463           64
         464         5389
         465           70
         467          188
         468          357
         469         2660
         470          468
         471          758
         473         1020
         474         2648
         475         1873
         476         2117
         477         1165
         479           39
         480         5306
         482         2919
         483         3623
         484         5854
         485           93
         486          839
         487          616
         488          473
         490         3125
         492         8773
         493         5052
         494         1062
         495          605
         496         5686
         497         5923
         498           26
         499          519
         501         2150
         502         2487
         503         2035
         504          473
         505            2
         507         3690
         508         2510
         509          513
         510           69
         511          277
         512          673
         513         1361
         514         1711
         515         1929
         516         4936
         517           67
         518         5264
         519          972
         520         1682
         521          129
         522          998
         523         2643
         526            0
         527          510
         529            2
         531         1469
         532          363
         533         1001
         534          531
         535         1291
         536         7388
         537         4630
         538            2
         539          499
         540          861
         542         7045
         543         5804
         544         5248
         545           32
         546         1706
         547         1696
         549          248
         551          558
         552          478
         553            0
         554         6818
         555          128
         556         4512
         558         5491
         559         4532
         562            0
         563         1494
         564         1396
         565         5456
         566          587
         567           32
         568           22
         569         3796
         570         2147
         571         4903
         572           63
         573           16
         574         2072
         575         3017
         576         3956
         577         9063
         578          412
         580         8370
         581         1710
         582         6123
         583           66
         584         3874
         585          302
         586         1465
         587         4538
         588         1743
         589         3869
         590          281
         591         1712
         592         1688
         593          788
         594          229
         595          602
         597          707
         598          676
         599         3209
         600           26
         601           77
         602         5314
         603          458
         604          186
         605         4844
         606         2927
         607         3168
         608         1880
         609         2380
         610         3244
         611         7276
         613         9254
         614          608
         615         7098
         616         5069
         617         3793
         618          190
         619          684
         620         1111
         621         3124
         622         5466
         623          949
         624         3764
         625         5971
         626          559
         628          623
         629         5067
         631         8643
         632          403
         633         1631
         634         1156
         635          561
         636           10
         637          434
         638         2535
         639          466
         640         4698
         641           34
         643         1696
         644          637
         645           22
         646          229
         647           45
         650            8
         651          634
         652         3990
         653          997
         656          413
         657         8447
         658          808
         659          655
         660          327
         661         7602
         664           71
         665          281
         666         3896
         667          469
         668          326
         669          676
         670         1438
         671         1113
         672         4289
         673           65
         675          855
         676          549
         677           77
         678         4048
         679         6250
         680           66
         681         2440
         683         3417
         684          559
         686           48
         689         2081
         690         3037
         691         7820
         692         1592
         693          367
         694         3883
         695          160
         697         1552
         698         4870
         699         6735
         700          275
         701         3392
         702         4314
         703          105
         704          530
         705         7538
         706          441
         707         1425
         708         2590
         709         2539
         711          478
         712         1668
         715         4299
         718         2170
         719          714
         721         4298
         723          386
         724           89
         725         6999
         726         1192
         729         2801
         730          726
         731          773
         732         3658
         733         4989
         734         1679
         735         5403
         736         1297
         738          776
         739           56
         740         4795
         741          752
         742           70
         743         3902
         744          300
         745          645
         746         2178
         748         3482
         750         1156
         751           67
         753         8847
         754          315
         755         1868
         756          796
         757         7647
         758         2789
         759         1301
         760           79
         762         1454
         763         2957
         764          593
         765         1026
         767         4619
         768         2174
         769          772
         771         6188
         772         1720
         774         4976
         775         7672
         776         1392
         777         4414
         778         1399
         779          152
         780          169
         781         1077
         783           61
         784          803
         785         4111
         786         3352
         787           18
         789         3208
         790         1679
         791          707
         793         4137
         794         3896
         796          137
         798           34
         799          560
         800          735
         801         2147
         802          742
         804          753
         807         7952
         808         3570
         809         3768
         810         1731
         811          367
         812         1688
         813         2522
         814         1135
         815         2553
         817         2053
         818          172
         819         1294
         820         1057
         821         2923
         822         1908
         823         5860
         824         3134
         826         6980
         827         4410
         829         5353
         831          137
         833         8333
         834         3358
         835          817
         836          516
         837         1496
         839         6340
         840          775
         843          379
         845         1087
         847         7536
         848          854
         849            0
         850          174
         852         8492
         853          885
         854         3375
         855         1688
         856         1488
         859          486
         860         1282
         862         6344
         863         5638
         864          188
         865           19
         866           96
         867          967
         868         1220
         869          660
         870         6830
         871          945
         873          473
         874         2297
         876         7791
         878         7351
         881          870
         882         4580
         883          288
         884          689
         885          620
         886         3190
         888         6287
         889         6830
         890         8261
         891          330
         893           32
         895         6490
         897           39
         898         4595
         899          325
         903         8037
         904          252
         905          415
         906          906
         907         6946
         909         8250
         910         4287
         911         3578
         913          130
         914          391
         915         3294
         916         2112
         917         3342
         918         2589
         920         6483
         922         4046
         924         3134
         925         1858
         926         1447
         927         4173
         928         2753
         930         6665
         932         4067
         933          945
         936         2283
         937          407
         938         8323
         942         1283
         943          277
         945          590
         946         7828
         947          885
         948         4538
         949         2063
         950         2049
         951          325
         952          661
         955           70
         956         1762
         958           61
         962         6853
         965          916
         966         8917
         967         4173
         968         1020
         972          672
         973          538
         974         8004
         975           19
         977          155
         979         1726
         980          484
         981          707
         984         1906
         985         2814
         988         7797
         989           37
         990          172
         995         7208
         996         3043
         997            1
         998         3132
         999         2761
        1001         3003
        1002         3188
        1003          434
        1005           52
        1006          452
        1007         6339
        1008         1053
        1010         7141
        1011          271
        1012          144
        1014         2744
        1015          205
        1016         2855
        1017         2023
        1018         3391
        1020         3316
        1021         7279
        1022         1235
        1023         3480
        1025         5827
        1026         3661
        1027         1828
        1028         6802
        1030         6105
        1032          785
        1033          549
        1035         3422
        1036         3549
        1037         6457
        1039         1037
        1040          420
        1041          863
        1042           12
        1044         4047
        1045         1032
        1046         9194
        1047           33
        1051         2948
        1052         3677
        1053         2891
        1055         6752
        1057         8966
        1059         2537
        1060          677
        1061         1060
        1062         8932
        1063          176
        1064         3602
        1065          394
        1066         4145
        1069          422
        1071           32
        1072         2438
        1073         5895
        1074         2515
        1075         1075
        1076         8521
        1077         1184
        1078            6
        1083          657
        1084           59
        1085          200
        1086          106
        1088         4275
        1090         4288
        1091         4879
        1094         3152
        1098         1696
        1099            0
        1102          770
        1103         2666
        1104         5155
        1105         1080
        1106           70
        1108         1257
        1110         2639
        1113         1096
        1115         3546
        1116         8674
        1117         4503
        1119          422
        1120         8908
        1121          760
        1123         1174
        1124           89
        1125         1592
        1126         4032
        1129         6917
        1130          150
        1131          401
        1133          129
        1134         8900
        1136          986
        1137         5585
        1139           73
        1140         3504
        1143         1606
        1144           67
        1145         1277
        1146         1117
        1147         1288
        1150           85
        1151         5117
        1153         1397
        1154         2513
        1155         6383
        1158         6854
        1160          483
        1165         1186
        1166          854
        1167          314
        1168         7438
        1170         1138
        1171         2429
        1173           28
        1175         6142
        1176         2785
        1177         1210
        1178         1176
        1180           93
        1181         8359
        1185            2
        1186         4828
        1188         7583
        1190          452
        1193           91
        1194           19
        1196         2422
        1197         6616
        1199            6
        1200          528
        1201         4937
        1204         3417
        1206          561
        1207           62
        1211         3542
        1212         4158
        1213           67
        1215         7294
        1217           27
        1218         1882
        1219          597
        1220           67
        1221           71
        1222         2024
        1224          543
        1225         3332
        1226           45
        1229         3755
        1230           67
        1234           81
        1235            0
        1236            4
        1238         1216
        1240         1634
        1244         5637
        1245          271
        1246         8588
        1247         1792
        1249         1254
        1250            0
        1252         1635
        1255         6304
        1256         4945
        1258           24
        1260          315
        1262         2388
        1263         1661
        1264           26
        1265         4375
        1267          814
        1269          209
        1270           47
        1271         1217
        1272         1230
        1273          903
        1275         1929
        1278          153
        1281         3655
        1282         1253
        1284         5942
        1287         8436
        1288         5086
        1289         2343
        1290         1844
        1292          138
        1293          797
        1297         1013
        1298         3158
        1300         4674
        1301          727
        1302          236
        1303         6173
        1305          177
        1308         7138
        1309         1298
        1310         6028
        1312           22
        1313           82
        1316         2163
        1317          716
        1320         1028
        1322         4464
        1324         6050
        1326          480
        1327         2717
        1328           21
        1329          214
        1330          752
        1331         3497
        1332          705
        1333         1955
        1334         1953
        1335          747
        1337          371
        1338         1053
        1339         7880
        1341         2086
        1342          726
        1343            9
        1344          137
        1345         7433
        1347           38
        1348         7467
        1349           23
        1351         1322
        1355          283
        1356         8101
        1357         1199
        1358         1684
        1360          175
        1361         2194
        1363          216
        1364         2093
        1366          647
        1367         4876
        1368         7815
        1369           83
        1370         1659
        1371         2154
        1373         1375
        1374         4634
        1375          505
        1378          307
        1379         1377
        1381          154
        1382          565
        1384           48
        1385         1293
        1386         4617
        1388           84
        1389          196
        1390          483
        1391          217
        1393         4871
        1394           28
        1395         4025
        1397          339
        1401           22
        1402          211
        1404         5938
        1406           62
        1410         2872
        1411           40
        1413          124
        1415         3670
        1416         2075
        1419           98
        1420         2438
        1421         1646
        1423         7000
        1424          722
        1425         1513
        1427         4102
        1428         3136
        1429         1410
        1430         1350
        1431         2314
        1433         1192
        1434         1238
        1435          645
        1436         4239
        1437         1437
        1439           21
        1441         1454
        1442           20
        1443         7381
        1444         1463
        1451         1235
        1452         1097
        1454         4816
        1455         2931
        1456          207
        1462         6401
        1468         1305
        1473         5925
        1474          171
        1475         8296
        1476         7133
        1478          117
        1479         1188
        1482         1467
        1483          517
        1484            8
        1485         1766
        1486         1731
        1488          414
        1489         2919
        1491          310
        1492          393
        1494         3961
        1496         4141
        1498         8161
        1499         1508
        1500         6616
        1502         1161
        1503           23
        1506         1274
        1507         5805
        1508         3238
        1509         8870
        1510         4663
        1511          100
        1514          689
        1516         1746
        1519         4133
        1528           44
        1529          541
        1530          305
        1532         2028
        1533           28
        1535         5430
        1536         7026
        1537         1275
        1538         2846
        1539         1474
        1540         5172
        1541         1739
        1543          480
        1544          574
        1547          271
        1548          542
        1551         3289
        1552          248
        1555         2246
        1556         1529
        1557          278
        1561         1115
        1564         2438
        1566         3102
        1570         2093
        1571         2789
        1572         8702
        1573         2817
        1574           70
        1578         1815
        1579          380
        1580            3
        1582         1605
        1583         3745
        1584         2553
        1588         2047
        1590          482
        1592         8112
        1593            5
        1596         9077
        1597         8702
        1598           40
        1599         1609
        1600         3125
        1602         1141
        1604         1167
        1606         7394
        1607         1513
        1609         1644
        1611           70
        1613         6752
        1617           80
        1618         4277
        1619         4548
        1622         8178
        1623         6241
        1624           46
        1625         3118
        1626         6856
        1628         5890
        1630          245
        1631         1292
        1632          275
        1635          361
        1636         5226
        1637         1306
        1638         1599
        1640         4930
        1641         3495
        1643          148
        1644          905
        1646          321
        1649          512
        1651          432
        1652         2310
        1653          365
        1655         3785
        1657          839
        1658          857
        1659         3729
        1662            0
        1663          306
        1664         1679
        1668         5661
        1669         1803
        1670         2852
        1672         3868
        1674         1054
        1675         4799
        1676           15
        1677         3316
        1678          624
        1681         6082
        1685            5
        1686         1694
        1687          276
        1691          130
        1692         5093
        1694         6388
        1700          636
        1702           31
        1703          666
        1707          263
        1708          917
        1709           46
        1711         1594
        1712          213
        1713         1214
        1715         4684
        1716           85
        1718         2393
        1719          473
        1720         1323
        1722          650
        1724          324
        1725         2535
        1728          292
        1730         3188
        1733         1264
        1734          243
        1735         3891
        1739         1644
        1740         2032
        1741         8969
        1743         2783
        1744         1742
        1745           34
        1746          164
        1747         3658
        1753           80
        1754         1781
        1755         5474
        1756         4965
        1758          521
        1759         2624
        1760         3418
        1762         1206
        1763         6735
        1764          833
        1765           67
        1766         1464
        1767         6232
        1769         5411
        1771         1131
        1773         6343
        1774           15
        1775          251
        1779         1817
        1781          278
        1783         1039
        1786           98
        1791         1445
        1792         1678
        1793          810
        1794          686
        1795          317
        1797         1127
        1798         1234
        1800         1232
        1802         7813
        1806         2702
        1807          107
        1809         1434
        1810          252
        1811          133
        1812          153
        1814         2980
        1816           35
        1817          850
        1820         1838
        1822         1711
        1823         2246
        1824           75
        1827         3392
        1828          635
        1831          785
        1832          973
        1833         5226
        1834         1911
        1836         6981
        1839          243
        1840          155
        1842         1951
        1843         1093
        1844          135
        1846         6633
        1848         4173
        1850          217
        1853          543
        1854         2513
        1857         7502
        1858         5190
        1859          468
        1860          341
        1861          483
        1863         4331
        1864         2887
        1866          927
        1867         1192
        1870         4315
        1871         1095
        1873          137
        1877         2817
        1878          262
        1880          677
        1883         3288
        1885         5809
        1890         6453
        1891           92
        1892           61
        1893         9184
        1898         1244
        1899         1962
        1901         1668
        1906         4432
        1907           11
        1909           68
        1910          630
        1913           34
        1914           72
        1915          880
        1917           66
        1918          676
        1920         6560
        1921         1948
        1926         1824
        1927         1942
        1928         1569
        1929         2550
        1930          306
        1931         1746
        1932          418
        1933         3125
        1934         2397
        1935         4391
        1936          123
        1937          130
        1939         1920
        1941         2311
        1943          483
        1945          586
        1946         4579
        1948           23
        1950         3246
        1951          131
        1953          534
        1955         1353
        1957          240
        1960         2801
        1964          490
        1966         2396
        1967          483
        1968         4922
        1969         8350
        1970         4324
        1971         6881
        1974            0
        1975           37
        1976         2826
        1978            0
        1979         2539
        1980          251
        1982          833
        1984          111
        1987         1452
        1988         3464
        1989         1887
        1991            0
        1993         7763
        1997         1429
        2003          778
        2005         5933
        2006         1998
        2007         2057
        2009           67
        2011         9230
        2012         3043
        2013         5332
        2014         2046
        2015          301
        2017         4440
        2019         5811
        2020           30
        2021         3296
        2026         1454
        2027          393
        2030          336
        2031         1257
        2033         9160
        2036         4743
        2037           60
        2039         2342
        2040          205
        2041          133
        2042          259
        2044          785
        2050         4677
        2052         8109
        2055         1073
        2058         4143
        2059            6
        2060         3155
        2063         3382
        2064           41
        2066          617
        2069         1134
        2070         1022
        2072         1421
        2073         1073
        2075            0
        2076         1706
        2077         5285
        2078         6867
        2080         6459
        2082          563
        2090         5623
        2091          306
        2093           27
        2096         2587
        2097            0
        2100         4385
        2101           81
        2102         1165
        2103         2468
        2104         3386
        2105          226
        2107           77
        2110          110
        2111          854
        2112         8979
        2114         2026
        2116         9211
        2121          101
        2123         3562
        2124         7886
        2127          221
        2133           49
        2134         5575
        2135         1569
        2136          401
        2137          927
        2140          859
        2143          788
        2147          115
        2152         2241
        2155           66
        2158         4332
        2159         2156
        2161         2188
        2162         1190
        2163         3618
        2169         2163
        2170         2318
        2174         1781
        2177         4607
        2185          281
        2186         5153
        2188          352
        2190          470
        2192         1788
        2193         1492
        2194           17
        2197          378
        2198           46
        2199         7279
        2202         4778
        2206          892
        2207         8574
        2209          404
        2210         1350
        2211          694
        2212         1952
        2214         5418
        2215          483
        2217          581
        2219         4602
        2220         5758
        2221           80
        2225         1993
        2226          563
        2228         7347
        2237         4674
        2239          341
        2240         1688
        2241          155
        2242         3735
        2243         1782
        2244          434
        2245          607
        2246           32
        2247          258
        2252         1922
        2254         1434
        2255         1065
        2256         1858
        2257          474
        2262           96
        2263         1803
        2266         5186
        2267          252
        2268           84
        2272         5631
        2273         2144
        2274         4195
        2277           67
        2278          157
        2280          946
        2283          407
        2286         1490
        2287          236
        2288         5977
        2289         2586
        2292         8686
        2294         1971
        2295         3877
        2296          231
        2300         1365
        2301          323
        2303         4743
        2306          105
        2307           42
        2308         4295
        2309          277
        2310          582
        2313            1
        2317         2578
        2318          419
        2320          892
        2321         2310
        2323           51
        2326          163
        2327          518
        2328          555
        2329         1047
        2331         3677
        2333         4823
        2334          336
        2336         1298
        2339            0
        2341          138
        2342           23
        2344         2666
        2345          521
        2349         5500
        2350          406
        2351          369
        2354           22
        2356          478
        2357         8064
        2358           96
        2359          166
        2360         2889
        2361         1179
        2362         1857
        2366          330
        2370         1155
        2371          875
        2373         1080
        2375         5968
        2376         4418
        2379         1029
        2380          540
        2381           28
        2383          442
        2384          544
        2391           12
        2392         1365
        2393         1585
        2397          121
        2399          122
        2402          172
        2409         8123
        2410         4814
        2413         7464
        2415           95
        2416          419
        2417         1635
        2419         3395
        2422         1189
        2423         5674
        2426           32
        2427          109
        2428         3293
        2433         5057
        2436          227
        2438            4
        2439         1337
        2442           97
        2444            0
        2445         8092
        2450         2194
        2451         5151
        2453          480
        2459         2469
        2460         8599
        2461         2855
        2464         4674
        2468          367
        2472         2159
        2473          174
        2476         3718
        2479         3990
        2481         3102
        2485          113
        2486         2362
        2487         1670
        2488         3992
        2492          542
        2495         1193
        2496          905
        2498         6642
        2499         1213
        2507         1569
        2509          572
        2511            9
        2513         6906
        2514         1706
        2519         3407
        2522          499
        2524          805
        2530          566
        2531         2301
        2533          262
        2537         3008
        2538         2712
        2540         4289
        2541           81
        2543         4066
        2545         8634
        2546          310
        2547         3211
        2548         1230
        2550          471
        2553         1058
        2554           63
        2556          360
        2558         1561
        2561         3235
        2562         2840
        2567         2441
        2574         1213
        2576         1218
        2577          825
        2578         1608
        2579         3567
        2581         2352
        2582         2261
        2583         1281
        2586         3637
        2587         2500
        2589          318
        2590          777
        2591          258
        2592         1136
        2594          196
        2597          470
        2604         9347
        2605          790
        2606         8791
        2607         1679
        2609         2075
        2610         1912
        2611         7057
        2614         2516
        2618         6004
        2620          100
        2621         4058
        2622          301
        2623         7118
        2626         2230
        2627           14
        2631         3934
        2633           78
        2634            9
        2635           18
        2637         1467
        2639         1376
        2640          154
        2645          178
        2648         6215
        2652         5800
        2653          885
        2654            0
        2656          296
        2658         7950
        2659         4265
        2661            9
        2665         5743
        2666          318
        2667         4433
        2668         5343
        2669          662
        2672         1042
        2673         2638
        2675         3588
        2676         4589
        2678           80
        2681          462
        2683         1364
        2685         5703
        2688          390
        2690         2483
        2691         1746
        2692          142
        2695           67
        2696         1094
        2698         2800
        2699          524
        2700         4837
        2701         3275
        2705           35
        2707         1881
        2709         2442
        2710         1159
        2711         7865
        2712          483
        2716         6387
        2718         2398
        2719          129
        2720         7510
        2724          571
        2725          211
        2726         4553
        2729         4828
        2735         3778
        2738         1056
        2739           25
        2740         1392
        2744           99
        2745          281
        2747          908
        2749            2
        2751            2
        2752         6236
        2753         5452
        2754         1919
        2755          584
        2758           49
        2763          251
        2764          725
        2765           65
        2766         2153
        2767         5407
        2769         1352
        2770         4791
        2771         2522
        2775           42
        2777          621
        2779         3120
        2781          797
        2783         2802
        2785          361
        2787           49
        2788         5655
        2791         5192
        2795           44
        2796         2537
        2797            8
        2798           98
        2802         1048
        2804           94
        2808         5161
        2810         6290
        2812         3664
        2813         3758
        2814         3636
        2815          422
        2817            1
        2818           40
        2821         4674
        2830           40
        2831          189
        2833         1465
        2835          518
        2839           60
        2840         4180
        2841          281
        2842            0
        2844         2979
        2846         4617
        2850          275
        2854          404
        2857          255
        2859         1444
        2860         1451
        2863         1783
        2865         5737
        2867         6287
        2868          658
        2869         2918
        2872         1435
        2876         1464
        2877         8810
        2878          174
        2879          722
        2883           71
        2884            0
        2889          861
        2890          655
        2891         9068
        2892         6314
        2900         6297
        2903          114
        2904          301
        2908         1274
        2912         2934
        2918         2475
        2922         1286
        2925         1131
        2928          627
        2931           25
        2932         3421
        2933          885
        2934          281
        2935          491
        2936         1445
        2943         2975
        2945         1691
        2946         2375
        2947         5668
        2948         1937
        2952          289
        2954          949
        2957          152
        2960         2257
        2970            1
        2975         3648
        2980         8939
        2985           32
        2987         2482
        2990          684
        2992         8112
        2993          148
        3003          982
        3006          198
        3007         1514
        3011         3072
        3013         2352
        3014            8
        3017         1218
        3018         3028
        3019         2136
        3022          742
        3025         3562
        3026          742
        3028         1691
        3029           19
        3031          227
        3033         5286
        3034          211
        3036         6429
        3037         2019
        3039         2376
        3042          859
        3045          593
        3046         1643
        3050           10
        3052          224
        3054         4877
        3065          358
        3066          574
        3071          693
        3073         8839
        3080         3355
        3081           42
        3082         8928
        3086         1379
        3089          773
        3092         2453
        3093          257
        3094          262
        3095         2926
        3098         2765
        3103            0
        3104          108
        3106         2275
        3107         5060
        3108         7099
        3112         3467
        3114         1763
        3115         1434
        3117         2734
        3119         3577
        3120          378
        3121          418
        3122         2305
        3123         2853
        3129           98
        3138         1571
        3139         1614
        3140           68
        3141         3392
        3142          719
        3143          711
        3146           21
        3147         1354
        3148          119
        3149         2603
        3151         1103
        3158         2417
        3160         5640
        3161         1713
        3162         5870
        3166          432
        3167         1688
        3169          738
        3172         3214
        3173         8318
        3176         1338
        3177           20
        3180         2976
        3183           44
        3186          635
        3188         6094
        3189         2159
        3193           93
        3203         7013
        3206           85
        3212          418
        3215         2386
        3217         2139
        3220         3237
        3222         3664
        3225         3366
        3226         3342
        3227           10
        3230           47
        3235          140
        3240          200
        3241         2333
        3246         7433
        3251         2844
        3252           96
        3254          138
        3257          204
        3259          278
        3262         3255
        3264          250
        3265         1311
        3272          839
        3274         2806
        3277          610
        3282         6151
        3286         3242
        3292         1082
        3294          281
        3296         4659
        3297           18
        3304         3596
        3307         5090
        3309         5170
        3312         1712
        3315           33
        3316         5057
        3318         8230
        3320          416
        3322         5825
        3325         3912
        3328         1818
        3333         3609
        3334         2075
        3339          201
        3343         7669
        3345          452
        3346         4554
        3348         1754
        3352         4238
        3353         3276
        3355         7536
        3356          227
        3361          132
        3364         2854
        3366          752
        3367         1138
        3372         1876
        3375           45
        3376         2047
        3378          501
        3379           25
        3381         8010
        3385          309
        3389         1772
        3390           47
        3391           23
        3392           34
        3393          572
        3395           51
        3396          335
        3399          241
        3401          325
        3402          512
        3404          703
        3405         5667
        3410         1275
        3411         1800
        3412           37
        3414           31
        3416         4316
        3417          213
        3420          408
        3421         2875
        3422         4914
        3424          285
        3425         9280
        3428          385
        3430         3327
        3432         5414
        3443           55
        3449         8923
        3451         2647
        3452         3497
        3453           41
        3458          443
        3460         1035
        3468           50
        3469          160
        3472         1417
        3473         4668
        3474         1160
        3477            0
        3479          390
        3480          114
        3481         4173
        3483         2939
        3484         2696
        3490         1824
        3492          762
        3499         2333
        3500           50
        3513          134
        3516           10
        3518          487
        3523         7674
        3524          667
        3529         4877
        3531          176
        3536          165
        3541         2857
        3544          812
        3548         5042
        3549          760
        3550          750
        3556          592
        3557          408
        3559         1117
        3560          748
        3561           46
        3562         1679
        3566           65
        3579          983
        3580         2082
        3583         7191
        3592         5918
        3594          755
        3595         2648
        3596          385
        3599          399
        3600          283
        3601           45
        3602         2278
        3603          922
        3605         1742
        3606          923
        3607          821
        3608          690
        3610          418
        3613          269
        3615          715
        3618         6074
        3623          281
        3624          341
        3625         6645
        3629          702
        3636          466
        3637         5089
        3641         1117
        3642          655
        3643         2373
        3644            0
        3645         3632
        3646         1854
        3647          196
        3649           18
        3651         1826
        3652         3298
        3653           19
        3657           86
        3658         2270
        3664            8
        3665          224
        3668         4235
        3671         1038
        3672           17
        3675          269
        3677           28
        3678         1577
        3680         6339
        3684         1787
        3685         6329
        3686         6494
        3690         8727
        3694           45
        3695         1093
        3698         6897
        3699            0
        3701            0
        3703         4884
        3704           11
        3706         7199
        3707          596
        3708         1956
        3709         5541
        3714         1048
        3716         6303
        3718           46
        3721           78
        3724          105
        3726          932
        3728          875
        3731         7551
        3732         3732
        3734         4375
        3736          517
        3742           25
        3745         5760
        3746         4256
        3749          187
        3752           79
        3753          138
        3754         5158
        3755         2311
        3759         4234
        3760            0
        3761         2432
        3762          872
        3764          127
        3765         2612
        3774         2275
        3779          673
        3780         3390
        3781            9
        3789          204
        3791          266
        3794         1048
        3798         1705
        3803         1029
        3804         4952
        3805          466
        3807         1188
        3814         3802
        3817            0
        3820         3253
        3821         1626
        3823          393
        3824          351
        3825         4727
        3827         1330
        3831         5108
        3834          384
        3836         2709
        3837          470
        3838          572
        3851          369
        3855         1897
        3861         7565
        3862         6551
        3863          983
        3866         1323
        3868         5730
        3874         5726
        3875         7387
        3878          289
        3880         8296
        3882         7386
        3884         4780
        3888         5286
        3890           42
        3896          486
        3897          205
        3902         8584
        3903          529
        3905         3153
        3911         5912
        3913          988
        3914         6241
        3916         1188
        3921          138
        3922          432
        3924         7253
        3926         2131
        3927         1449
        3931           53
        3932         1012
        3936         3563
        3937          110
        3942         6785
        3947         4055
        3949         2661
        3950          206
        3952          180
        3953         4754
        3955         8528
        3961         2843
        3966          199
        3967         3112
        3968            0
        3970         2068
        3971          642
        3975          101
        3976           95
        3982         8445
        3984          198
        3985         3959
        3988           21
        3989           42
        3993         2096
        3994          404
        3997         1127
        4000          487
        4001          198
        4011           28
        4012         1651
        4013         2660
        4014         5901
        4015         3591
        4019         1008
        4024         3147
        4025          648
        4026         1262
        4028         2703
        4029         7833
        4030         3270
        4034         2089
        4039         5149
        4040            1
        4042          597
        4046         2550
        4048         4390
        4052         1489
        4053          930
        4055         4433
        4058         1961
        4059         4078
        4060         3177
        4066         3916
        4067         3862
        4068         2355
        4069         5903
        4074         6495
        4079           51
        4083            9
        4088         3562
        4092         1152
        4095          519
        4102         7644
        4109           60
        4115         6572
        4117         1495
        4118         1023
        4121          872
        4130         6314
        4133            0
        4134          898
        4135          302
        4137           78
        4138         3162
        4143         1073
        4148         1103
        4151          225
        4157          237
        4160         4456
        4163          522
        4165         2386
        4166         7108
        4167         1348
        4168           11
        4170         1972
        4174         1179
        4176          249
        4181         1544
        4183         4528
        4184         4507
        4186         2076
        4189          368
        4190         2903
        4191         5729
        4192         1523
        4196         3684
        4203          590
        4210         6278
        4211         2284
        4215         8339
        4219         3584
        4221         3983
        4225         4273
        4226          558
        4228         1639
        4229         7870
        4233            0
        4235         2369
        4236           73
        4239         8856
        4241         1457
        4242         2283
        4245          393
        4249          797
        4252         1860
        4253         3770
        4254         1487
        4255         2688
        4261         1186
        4262         1757
        4263           64
        4266         1971
        4268           47
        4270           72
        4271           53
        4272         4528
        4274         4798
        4279         4979
        4282            5
        4285         1623
        4289         1343
        4292          255
        4298          368
        4309         3296
        4311         1021
        4313          555
        4317         8866
        4321         3973
        4322           32
        4323         1192
        4326         1420
        4328         2481
        4332          114
        4334         1020
        4336          243
        4337         2338
        4341          910
        4344           16
        4348         8713
        4349          975
        4351         1078
        4352          125
        4358         1428
        4363         6239
        4368         6099
        4372          301
        4373         2824
        4375         2537
        4379         1923
        4382         4548
        4383         2668
        4386          367
        4388           65
        4392         6180
        4397         1244
        4400           73
        4402         1655
        4413         1434
        4418         1920
        4420         1805
        4421          118
        4422         3296
        4428         3026
        4431         1948
        4432         4112
        4436           66
        4442          253
        4447           87
        4449           85
        4464          529
        4471         3153
        4473         3937
        4475         2121
        4476           15
        4477         1502
        4481         4531
        4483         1525
        4486         3736
        4487          309
        4497         4432
        4501          382
        4502          367
        4504            9
        4505         3618
        4517         1144
        4521         4571
        4522          808
        4528           89
        4529          105
        4534         2429
        4536         1029
        4539         2325
        4540           13
        4541         5943
        4544         1649
        4545         2030
        4551           32
        4554         6560
        4555         4150
        4557          335
        4558         1363
        4560         2024
        4561         4512
        4572         1530
        4580          904
        4582           18
        4583         5793
        4584          191
        4585         1323
        4591            0
        4597          223
        4602           89
        4604          314
        4605          972
        4606         3968
        4616           84
        4622         4429
        4625         1117
        4626           98
        4629          372
        4631          603
        4632         1249
        4636           35
        4638          598
        4640         8810
        4646         4573
        4647          814
        4649         3457
        4652         6453
        4659         2691
        4663           45
        4664          339
        4665         2019
        4667         2446
        4668         1410
        4669         5708
        4671         2282
        4672            4
        4675         5698
        4679          854
        4681         3480
        4690          108
        4693          129
        4694           25
        4695         2685
        4701         4297
        4704         4689
        4706         3817
        4709           45
        4712         7797
        4719           96
        4723           18
        4724          617
        4727         4078
        4737         4516
        4739         2717
        4741          500
        4743         2530
        4746         1679
        4749         2365
        4751           30
        4754         4004
        4755          673
        4759         3320
        4761         6097
        4762         3990
        4764         1859
        4774           16
        4778          525
        4779         2589
        4780            6
        4782          133
        4783          302
        4786         2396
        4797          386
        4799           41
        4800          555
        4801         5332
        4804         2767
        4805         4741
        4807         1025
        4810         2832
        4811         3603
        4816          158
        4820           59
        4829            2
        4830            2
        4834         7342
        4835         1370
        4838         7563
        4842          826
        4843         1712
        4844          301
        4851            2
        4854            1
        4856           72
        4863         3080
        4865         1414
        4869           16
        4873         1852
        4874           62
        4877         2119
        4879         6500
        4888         1008
        4890         6737
        4891          109
        4892         4214
        4895          354
        4896          483
        4906         1397
        4908           18
        4911         2047
        4917          267
        4918         7742
        4921         2719
        4922          491
        4924         6215
        4926          176
        4931          109
        4933            2
        4934         2182
        4936          643
        4937         1077
        4941         2589
        4945         3296
        4946          166
        4948         4828
        4951         6718
        4952         2075
        4955         8756
        4961         4628
        4964           25
        4971           88
        4974          132
        4976           19
        4979         1751
        4983           84
        4986         1535
        4987          707
        4991         4692
        4993          277
        4994          259
        5001         1609
        5002         1811
        5003         3197
        5004         1931
        5009           66
        5017         3037
        5018          877
        5021         3220
        5027         5902
        5034         1039
        5035         7640
        5039         3476
        5046          161
        5048         2078
        5054         5733
        5056         1207
        5060          224
        5063         5040
        5068         3681
        5069         4817
        5074         4640
        5078           86
        5081         6209
        5083         4134
        5085         3341
        5090          168
        5095          781
        5097         2081
        5099         1226
        5103          132
        5106          721
        5107          137
        5111           32
        5112         1670
        5114           85
        5119          178
        5124         6151
        5127          478
        5129         3733
        5130         2145
        5133         2138
        5134          622
        5143         1161
        5146          544
        5147         4759
        5155         1521
        5157           28
        5158            0
        5162         5348
        5164           63
        5169         5086
        5171         3422
        5172         3017
        5174           65
        5175         3498
        5176          724
        5178         7599
        5180          597
        5185         3014
        5187          383
        5191           52
        5196           40
        5201            7
        5207         1161
        5208            5
        5213          365
        5215         5225
        5219          585
        5222          574
        5225          302
        5232         5357
        5237         3242
        5240          306
        5241           39
        5250         5564
        5251         1827
        5258         2393
        5263          161
        5266         9172
        5269         1427
        5273          280
        5274          301
        5276         9007
        5277         2027
        5278         2633
        5282         1871
        5284         4560
        5286         4684
        5287         1924
        5290         7886
        5291          239
        5292          579
        5295          108
        5297          764
        5300         1123
        5304          578
        5311          679
        5312          595
        5321          213
        5332         1339
        5342          327
        5343         5280
        5344         3697
        5345          281
        5349           72
        5353         1367
        5354         5322
        5355         1291
        5362         4332
        5363         3537
        5364          163
        5368           94
        5369          184
        5370          926
        5372          209
        5374         2669
        5376            0
        5377            4
        5378          247
        5383          602
        5388         1683
        5395         2619
        5396           30
        5399         1487
        5401          703
        5403         6231
        5404         6216
        5407          684
        5408         1726
        5413         1518
        5415          277
        5421          633
        5424           15
        5427          323
        5431         1502
        5432         1165
        5436         1285
        5437         4638
        5438         1700
        5442         2549
        5447         3551
        5450           17
        5453         2224
        5459         3017
        5462         6225
        5464         3014
        5468           10
        5469           11
        5472         3839
        5476         1504
        5486          859
        5487         4458
        5495         1099
        5497         1151
        5501         9102
        5503          376
        5508           12
        5509         2150
        5521         8865
        5523           34
        5528         2456
        5538         2623
        5541         7880
        5547           33
        5550         5897
        5565         3805
        5567           32
        5575          620
        5591           17
        5594           34
        5596          310
        5597           74
        5598          417
        5602         1853
        5609          136
        5611         2591
        5612          482
        5615          242
        5618         1737
        5621         2921
        5623         3490
        5633          137
        5637          197
        5640         4036
        5645          966
        5646            4
        5650         2224
        5658          123
        5661          632
        5662         7401
        5665          422
        5666         5389
        5672         2931
        5673          603
        5677         7380
        5680         1639
        5681         1104
        5685         3817
        5689          184
        5690          610
        5694         4467
        5698          622
        5701           89
        5702         4113
        5704         6333
        5709            5
        5714         3212
        5719         4828
        5722         7879
        5724         7010
        5735         1689
        5739          807
        5745          899
        5747          882
        5749          501
        5757         5285
        5764         1774
        5766         3140
        5767           42
        5773           32
        5774         1093
        5778         5821
        5779         2936
        5781         3028
        5801         6945
        5804           58
        5806         7135
        5807         2710
        5809         7082
        5811         3421
        5813           86
        5816         2522
        5823         2467
        5827         3782
        5828          589
        5835          517
        5839         2455
        5841         7353
        5843          341
        5851         2980
        5855         2501
        5860         2685
        5861         1021
        5869          862
        5875          212
        5878         5631
        5879            3
        5880         5097
        5881         6703
        5886         1032
        5893           21
        5894           60
        5895         3944
        5907         1754
        5908         3111
        5910            0
        5912         3959
        5915           11
        5916           27
        5924          387
        5928         4887
        5933         1754
        5947         4371
        5959         8089
        5961         4417
        5964         2465
        5965          945
        5967          859
        5971         2818
        5974         7372
        5976         6133
        5978          127
        5985         1623
        5991          610
        5992         5818
        5999          949
        6000         6401
        6001         4951
        6009            8
        6011          579
        6012         5988
        6014         1981
        6017          425
        6023          178
        6024         2919
        6028          108
        6030         6070
        6031          285
        6033           65
        6034          397
        6038         5389
        6045         2284
        6058          278
        6059          715
        6060         2315
        6063          977
        6064         5937
        6067         4789
        6069         2702
        6077          955
        6079          372
        6081         3099
        6083          462
        6085          611
        6086         7694
        6087         3393
        6088         2188
        6090         2634
        6098         8323
        6102          598
        6109         1320
        6113          421
        6115          177
        6119         8431
        6121         1485
        6122          722
        6123          107
        6126          980
        6127         1281
        6130         3288
        6136          298
        6141           40
        6142          160
        6148         1043
        6150          250
        6152         1998
        6153            0
        6157         7448
        6162          314
        6169          116
        6173           34
        6176         1407
        6179         5753
        6184          579
        6185          546
        6189           60
        6192           99
        6195          252
        6196         9177
        6198          642
        6206         6653
        6211          259
        6214         4567
        6215         1206
        6218         4560
        6220         1126
        6229          339
        6235            1
        6237          269
        6240         1881
        6241           10
        6245         1190
        6246         1593
        6253          498
        6255         3570
        6257          323
        6259           45
        6261          275
        6266            6
        6278         4431
        6280         2305
        6282         7962
        6283          232
        6289          129
        6291         1957
        6294         3799
        6295          931
        6302         7319
        6304         3173
        6307           66
        6308          483
        6314         1371
        6316          160
        6324         1750
        6331         1715
        6333          638
        6335         1096
        6339          241
        6347          123
        6351         2685
        6357          109
        6362         1152
        6366           15
        6367          871
        6372           54
        6373         8482
        6375         1138
        6384          127
        6390           59
        6394           50
        6397         2066
        6398          471
        6401           60
        6402         1020
        6404          380
        6407         2405
        6409          231
        6413         1649
        6414           29
        6416         1527
        6418           32
        6420         8417
        6423          966
        6426         3474
        6430         3050
        6436         5916
        6437          761
        6444         1349
        6446         4914
        6447         3177
        6449         1126
        6453         3417
        6455           63
        6457          115
        6458         1676
        6461         4552
        6464         2911
        6468         5739
        6471         2062
        6472         3648
        6473          144
        6474           28
        6476          550
        6477         2410
        6484           92
        6485            0
        6487          617
        6488           52
        6490         1213
        6497           97
        6499          239
        6502         7182
        6509         5452
        6520          684
        6532         2442
        6533          183
        6534         1919
        6537         1217
        6540           51
        6541         2578
        6544          391
        6546           80
        6547         5126
        6549         8993
        6558           54
        6564           75
        6565          705
        6569          578
        6572          133
        6575         4143
        6576         1679
        6578         2545
        6580           98
        6582         1841
        6587           38
        6596         1209
        6599         6588
        6600         4510
        6602           14
        6605         4797
        6606         2936
        6608          275
        6617         1717
        6619          378
        6621            0
        6627          778
        6628         3025
        6631         1184
        6632           56
        6635          237
        6640         6218
        6642         1106
        6646            0
        6647         1644
        6648         1317
        6651         2537
        6656         3065
        6658           68
        6663          203
        6688          113
        6689         2530
        6696         1106
        6699            0
        6701           12
        6703          135
        6706            4
        6710          407
        6716         4392
        6717         1829
        6723         1545
        6726          414
        6735         2684
        6742         6552
        6754           93
        6756         1386
        6759         1127
        6766            0
        6778          184
        6788         2927
        6790         1477
        6797         1039
        6798         1837
        6802         1312
        6804         7575
        6805          185
        6809         2966
        6814         7313
        6824           83
        6827          383
        6834           27
        6837          846
        6838         4661
        6841         1691
        6848          130
        6855           75
        6856          211
        6861         7440
        6862          294
        6863          505
        6873         7813
        6886          650
        6888          792
        6894           60
        6896          124
        6899         1047
        6902         1613
        6904         5745
        6909          350
        6913           25
        6917         2117
        6924           41
        6926         3021
        6932         9077
        6937            1
        6942           78
        6949          607
        6952         3959
        6953         4926
        6959         1568
        6962          252
        6965         1590
        6971           13
        6985            0
        6988         8256
        6989         2145
        6993         1638
        6995          100
        6997         9351
        7002         1906
        7005         6391
        7013         5795
        7025          939
        7026          148
        7027            0
        7028         3637
        7029           38
        7031          650
        7038           75
        7040         3368
        7041          470
        7042          177
        7049           75
        7050          589
        7052          587
        7055          228
        7066          109
        7070         7399
        7071         1071
        7072         2348
        7079         7568
        7082          512
        7084         3351
        7085          314
        7088          188
        7090         1623
        7093         2581
        7103          584
        7107            0
        7108          165
        7122          350
        7125         4071
        7129          509
        7134           16
        7136            0
        7139         1993
        7161         3075
        7164          129
        7167         6061
        7168           89
        7172          871
        7176         1043
        7179          559
        7195         4883
        7203         9329
        7204          194
        7208          448
        7211           12
        7212          754
        7216           65
        7223         1012
        7224         4337
        7225          137
        7228          474
        7231          275
        7243         1926
        7245         6458
        7263         4444
        7267         1635
        7270         6163
        7273          480
        7274         1351
        7278          231
        7279         6279
        7288          782
        7291          438
        7298          848
        7299         4734
        7301          923
        7308         5596
        7315         2428
        7317         1742
        7320         4478
        7335          687
        7338          175
        7341          774
        7344         1085
        7351         7291
        7359         2113
        7364         2398
        7371           29
        7374         1813
        7377          343
        7385         2660
        7386         5615
        7397          703
        7401          323
        7406         1608
        7409         6610
        7410         1858
        7411         1247
        7412            9
        7417         1788
        7419          590
        7421           79
        7427         2411
        7430          113
        7434         5077
        7438         2141
        7440         2051
        7447            0
        7452            9
        7455         1165
        7460         4113
        7461         8089
        7467         1571
        7478            2
        7479           46
        7493            0
        7500          133
        7513         2192
        7514            0
        7515          504
        7523         2348
        7524          703
        7526          809
        7533         1032
        7534         4941
        7547          447
        7548         1896
        7549          776
        7551           27
        7552         1642
        7560         2695
        7571          213
        7579           11
        7583           16
        7584         2685
        7587            0
        7594         3136
        7596           33
        7597          330
        7603         5244
        7614            4
        7619          115
        7621          442
        7624         7706
        7630           42
        7631         1891
        7633         3880
        7644          839
        7645         2554
        7646         2911
        7649         1015
        7651         2289
        7652          211
        7656         7609
        7664          123
        7666           32
        7684         7099
        7688            0
        7693         1846
        7699          286
        7704          137
        7708         2663
        7713         3093
        7714          218
        7717           89
        7727         5670
        7741          482
        7748          285
        7756         2449
        7758           79
        7765         1283
        7769         1427
        7770          440
        7777         1234
        7779           24
        7787          221
        7788         3860
        7793         2481
        7800            2
        7801         1029
        7804          367
        7818         1247
        7830          519
        7833         8051
        7840           81
        7852         3394
        7857         7262
        7859          574
        7862         3404
        7870         7687
        7871           14
        7879          754
        7883         1432
        7905         3870
        7921          402
        7926           35
        7933          177
        7934          390
        7936          434
        7937           94
        7938          206
        7941         6048
        7951         2602
        7953          545
        7962           68
        7963          946
        7966           32
        7970          183
        7975         9053
        7984          831
        7986          967
        8002         1146
        8004         1826
        8008         1914
        8011            4
        8019         2503
        8021         2707
        8024          510
        8026         1726
        8040          683
        8043         2549
        8044          313
        8047           24
        8052         8983
        8067         8496
        8075         8406
        8085          883
        8093          533
        8100          679
        8104         1378
        8109          768
        8115         4214
        8120          209
        8130           94
        8142         5849
        8146          103
        8147          844
        8150         6301
        8154          644
        8155         1831
        8162         2780
        8164         7412
        8168         1778
        8169         5258
        8172          914
        8176         4332
        8184            2
        8188         4285
        8191         2101
        8203           93
        8207         5576
        8215           36
        8216          200
        8218         4888
        8230         7880
        8242         2965
        8244           29
        8258         2887
        8259          375
        8262          221
        8277           39
        8283          110
        8295          214
        8301          770
        8320          246
        8325         2192
        8326         3281
        8344         2242
        8346          197
        8366          372
        8370         7777
        8371          839
        8384         1821
        8385          213
        8389          277
        8397          149
        8398           16
        8404          206
        8423          580
        8427          179
        8429          491
        8433           47
        8435          523
        8436         1544
        8444          655
        8446         6046
        8448          101
        8451          200
        8453          597
        8458           15
        8466          176
        8471         9119
        8476         1302
        8477          892
        8483           15
        8484         7738
        8491          269
        8492          194
        8497          741
        8498            0
        8508         6176
        8516         5274
        8521         1081
        8527          380
        8545            0
        8549         5288
        8550         2983
        8557           36
        8563         4805
        8567         2308
        8578          102
        8586         3839
        8605          279
        8607           17
        8620         1353
        8631         1871
        8658          681
        8660         6195
        8667          237
        8669           47
        8674         3123
        8676          294
        8679          246
        8682         3067
        8694         3327
        8709           66
        8711         1454
        8713          512
        8714         1434
        8719         1254
        8734          698
        8739         1057
        8754         3991
        8756         3067
        8757         4552
        8768          158
        8789          482
        8791          124
        8801         5207
        8803          376
        8804         3992
        8808           91
        8813          750
        8826          876
        8830         2983
        8831           59
        8841          112
        8852          917
        8904          376
        8909           41
        8912          131
        8915         1235
        8916         1432
        8922           44
        8923           86
        8925         4993
        8926         2447
        8948          924
        8953         4354
        8962          670
        8969         2041
        8974         1871
        8999         1950
        9005         4499
        9009          328
        9010         1514
        9031          369
        9035            2
        9052         2628
        9053         2503
        9061          394
        9078         1147
        9090          693
        9109         6440
        9120         7941
        9122         4395
        9132         5573
        9137           11
        9139          228
        9143           25
        9144           20
        9146         2399
        9154         8133
        9155         6650
        9157         4726
        9160          596
        9162            8
        9168         7291
        9185           17
        9194           63
        9211         1716
        9218          409
        9220          134
        9227            8
        9243         4437
        9249         1405
        9260          341
        9263         6204
        9272         9302
        9283         2925
        9284          222
        9305         1430
        9309         5124
        9313          539
        9322         7693
