# HaloID(1) HaloID(2)
           0            0
           1          376
           2            2
           3            3
           4            5
           5          209
           6          282
           7          185
           8           20
           9           10
          10           32
          11            0
          12          948
          13           14
          14           15
          15          397
          16          283
          17           19
          18           20
          19           22
          20           23
          21          379
          22           26
          23            0
          24           25
          25          843
          26           29
          27           28
          28          529
          29         2000
          30          174
          31           34
          32         5589
          33         1164
          34           38
          35           37
          36            0
          37         1013
          38         3342
          39         2949
          40           41
          41         6600
          42           45
          43          351
          44           51
          45         2617
          46           50
          47         1162
          48           53
          49         7928
          50           55
          51          683
          52          652
          53          513
          54         2173
          55          373
          56           71
          57         1943
          58           32
          59          212
          60           63
          61         1693
          62          465
          63          992
          64            0
          65           68
          66         1337
          67         7118
          68         4657
          69          145
          70           74
          71         4873
          72           76
          73          374
          74         8405
          75         2660
          76           80
          77          410
          78          287
          79         7437
          80         3139
          81          114
          82         3954
          83          590
          84           85
          85           87
          86           80
          87           89
          88         5451
          89          346
          90          315
          91         2240
          92         1723
          93         1485
          94         8340
          95         6838
          96         1716
          97         1521
          98         2887
          99         1454
         100          102
         101         5037
         102         3886
         103         7733
         104         1027
         105          238
         106         7862
         107          288
         108          463
         109         7287
         110          118
         111          391
         112         1187
         113         3680
         114         1624
         115          827
         116         1933
         117         1054
         118         1773
         119         3538
         120          120
         121         1439
         122         1937
         123          611
         124          454
         125            1
         126         2605
         127          332
         128          128
         129         5612
         130           76
         131          900
         132         2003
         133           80
         134          185
         135          135
         136         1480
         137         2577
         138         1206
         139         4059
         140         5278
         141          655
         142          138
         145         2708
         146          155
         147         2981
         148          153
         149          267
         150          260
         151         2243
         153          152
         155         5964
         156         1004
         157         4648
         158          157
         159           50
         160         6254
         161         2892
         162         1239
         163         3268
         165          751
         166          409
         167          171
         168         5777
         169            0
         170           62
         171         6206
         172          182
         173         4934
         174         4256
         175         1970
         176         2313
         177          898
         180         3728
         181          191
         182         2096
         183         6068
         184         7171
         185         6142
         186          193
         187         5093
         188          148
         189          820
         190          620
         192         1879
         193         2791
         195         1233
         196          264
         197         2680
         198          195
         200          199
         201         2109
         202         2487
         203         4131
         204         1041
         206          207
         207         1734
         208            0
         209          727
         210         1505
         212         1041
         213         5494
         215          224
         216         1022
         217           88
         218          218
         219         2675
         220         2407
         221         1758
         223          982
         224           28
         225         6641
         226          242
         227           48
         228          264
         229         7190
         230         4886
         231          104
         232         4981
         233           12
         234         6958
         235           65
         236         5782
         237         3632
         238         4683
         239         3777
         240           59
         241          539
         242         4370
         243         5630
         244           81
         246          551
         247           97
         248          604
         250           55
         251          272
         252           66
         253         1407
         254          289
         256          924
         257          258
         258         2085
         259          115
         261         2082
         262         5773
         263          190
         265          942
         266         2204
         267           85
         268         1265
         269          926
         270          568
         272          923
         274          266
         275         1799
         276         2091
         277         2987
         278         2184
         279          932
         280         5759
         281         1264
         282          357
         283         1346
         284         7113
         285          419
         287          329
         288         2106
         289          187
         290         4226
         293         4607
         294          218
         295         2526
         297           27
         298          310
         299         3722
         300          850
         301          145
         303          305
         304         8090
         305          143
         306          832
         307          306
         308         1713
         309         5625
         312          312
         314          496
         315         1923
         316         7757
         317          154
         318         5065
         319           22
         320         3738
         321         7928
         322          502
         323         2319
         324         4293
         325         2981
         326         3533
         327         1562
         329         4251
         330         6776
         331         3964
         332          423
         333          214
         334          556
         335         1404
         336           37
         337          346
         339         1136
         340          769
         341         1164
         342          324
         343            9
         344         4507
         345           95
         346         7215
         347            5
         348         4209
         349          600
         350          353
         351           65
         353          266
         354         1885
         355         6599
         356         1101
         357          218
         358         1499
         359          157
         361          409
         362          219
         364          245
         366           14
         367         5154
         368         6641
         369          670
         370         5981
         371           27
         372           45
         373          282
         375          254
         376          367
         378         1439
         379          731
         381          383
         382         4295
         383          447
         384         4941
         387         1212
         389         1864
         390         4103
         391         2394
         393           80
         396         3680
         397         1721
         399          174
         400         3091
         401          656
         402          120
         403          128
         404          152
         405          403
         407         7011
         410          441
         411         1497
         412           57
         413          399
         414          617
         416            9
         417          178
         419         2410
         420            0
         421         4886
         422         1013
         423          904
         424          433
         425          418
         426          406
         428         1854
         433         1066
         434           81
         436         7009
         438          265
         439         2621
         441          399
         443         1777
         445           20
         447         2578
         448         2865
         449          165
         450          442
         451         2789
         452         7288
         453          268
         456         1201
         459         1085
         461         1392
         462         6537
         463          961
         464           51
         467         3423
         469         5409
         470          262
         471         3991
         472         5463
         473           38
         474         2964
         476         6168
         477          400
         478           28
         479         3270
         480          214
         481          397
         482         1483
         483         3088
         487         1062
         488           74
         489          178
         491         3775
         492         1128
         493         5011
         494         5497
         495         2595
         496           74
         498          488
         499          513
         500           55
         501         4052
         503         1295
         504          870
         505         6685
         506         1034
         507         6024
         508            2
         509            0
         511          524
         512         5339
         513         1796
         514          228
         516         5894
         517          519
         518          288
         519          814
         520           70
         521         3734
         522           41
         524         7282
         526           76
         527         2289
         529          209
         532          517
         533          180
         534          455
         535          533
         536         4285
         537          245
         538          397
         540          268
         541         1951
         543         1814
         544          216
         545          186
         547         5575
         548          570
         549          276
         550         2916
         551         4473
         552         2981
         553          813
         554          586
         557         1378
         558          108
         559          228
         560         2545
         561          154
         563           83
         565          731
         567         1330
         568         1484
         569          247
         570         3228
         576          360
         578          175
         579         5599
         581         2936
         582          571
         584         1598
         590          274
         591          858
         592          241
         593         7282
         594         1724
         596         2318
         597         6105
         599         1999
         600          169
         602         8008
         604          728
         605           55
         606          199
         607          386
         609         1008
         610         6560
         612         1194
         613          335
         615          632
         616           29
         617            0
         618         5675
         619         3952
         622          941
         625         7066
         627         4864
         629         3542
         630          996
         631         6494
         632          101
         633         1536
         634         4899
         635          664
         639          257
         640          602
         641         1317
         642          685
         645         3337
         646          229
         647           26
         648         1944
         649         6013
         651          924
         652         1442
         654          622
         655         1229
         656         8520
         657          145
         659          267
         660          857
         661         1520
         662          902
         663         5218
         664         2903
         665          214
         666         7957
         667         2079
         668          199
         669           37
         670          953
         672          298
         673          135
         674         5820
         675          598
         676           14
         678          986
         681          665
         682          886
         683          532
         686          687
         688          137
         689          692
         692          350
         694           35
         695          429
         696           29
         697          332
         698         7652
         700           74
         701          240
         702         3480
         703         8033
         704          168
         705          590
         708         3080
         709          741
         711         6918
         712         4337
         713         1422
         714         4636
         718         6776
         719          585
         720          519
         721         3901
         724          276
         725          395
         730           62
         732           34
         733          360
         734          683
         735         1273
         737         1772
         740         2930
         741         1270
         742          448
         745         5190
         746          870
         747          899
         748         2598
         749         6597
         750          133
         751         1041
         753         2751
         755           30
         756         1375
         757           23
         758           86
         759         5126
         762         5208
         763          203
         764          655
         765           38
         766          806
         767          432
         768         2573
         770           54
         772         7345
         774           86
         778         1885
         779          700
         782         2777
         784         2803
         785         4581
         786          238
         787         8167
         789           33
         790         3991
         793          808
         794         5989
         795         2162
         796            2
         798           27
         800         6523
         802           64
         804         5014
         807          812
         809         2431
         810          292
         812          864
         813          163
         814         4388
         815            7
         816          233
         817         1499
         819          209
         821         1282
         822          728
         824         2173
         825         1748
         826          806
         827          806
         828         2821
         829         4077
         830           22
         831         2838
         832          301
         833         1274
         835           21
         836         3542
         837           90
         838          809
         839           27
         841         6422
         842           55
         843          765
         844           20
         846         2286
         847           22
         848         1026
         850           91
         853         1069
         855          868
         856          397
         857           32
         858         1885
         861          563
         863          489
         864         1442
         865         4659
         866           53
         869         3049
         871          340
         872         3564
         874         2853
         875         1734
         876         4597
         877          872
         878            1
         879         5644
         881         5295
         882          106
         884            1
         887         5176
         888         1330
         890         1177
         891           22
         892          252
         893         7027
         896         1212
         897         7675
         900         2708
         901          636
         904          143
         905           94
         907          487
         908          435
         909          129
         910          927
         911          495
         914         1931
         915          397
         916         3831
         917         8489
         918         7027
         919           19
         921            0
         922          972
         925         6452
         927          628
         929          920
         930           28
         931         7702
         933         1265
         934         5050
         935         2708
         936          247
         938         2934
         939         2836
         940         2545
         941          950
         943          471
         944          317
         945         1334
         946         2918
         949         2081
         952         4545
         954         1089
         957         4767
         959          246
         960         2521
         961          947
         963         3155
         968           50
         969          229
         973         2240
         974          629
         975         4380
         978          121
         980         2016
         981         2676
         982         5532
         984          519
         985          989
         987          521
         989         1543
         990          359
         991         2001
         992         1035
         993         3964
         994         1736
         997         1804
         999         2998
        1005          123
        1006          959
        1009          131
        1013         1062
        1015         2788
        1016         1575
        1017          328
        1019         1052
        1021         1160
        1024          836
        1028         6748
        1031         1982
        1033          618
        1035          551
        1036         2744
        1041         1091
        1042         1072
        1045         1095
        1046          262
        1050         1870
        1051          186
        1052          818
        1053          430
        1054         6326
        1055          163
        1061          957
        1062         6590
        1066         3577
        1067         4321
        1068         1990
        1070         6414
        1073         7076
        1074          267
        1076            7
        1082          549
        1085           26
        1088         2904
        1089          227
        1090          799
        1091         1604
        1092         3377
        1093         1085
        1094         4607
        1095          362
        1096          816
        1097          288
        1098         2692
        1099          120
        1101           19
        1102         2660
        1103         4380
        1108         2245
        1110         1129
        1111         5434
        1112         1095
        1113          528
        1114         4610
        1115         1388
        1116         1692
        1118         2069
        1122         4994
        1123           66
        1124         6483
        1125           10
        1128            0
        1129          632
        1130         1157
        1132          226
        1133          941
        1134         1390
        1135         3355
        1137         3718
        1138         1030
        1140         2391
        1141          226
        1142          165
        1144          418
        1146         1027
        1149         1931
        1157         2238
        1161          145
        1162          313
        1164          419
        1165         1318
        1166         2206
        1167           27
        1168         3139
        1169         4237
        1170         6632
        1171         1904
        1172         1217
        1173          437
        1178         3284
        1180          265
        1181         2767
        1183            1
        1184         1287
        1185          144
        1186         1182
        1187          668
        1190         2142
        1196         2526
        1197         1231
        1199           88
        1200           16
        1201           44
        1204         3139
        1209         3267
        1210         1907
        1211         1295
        1212          224
        1216         1209
        1217         7434
        1224         2741
        1226         1099
        1227          117
        1228            1
        1230         1782
        1231         1089
        1232          247
        1233         6831
        1234           74
        1235         6672
        1237         2284
        1239         1165
        1241         2553
        1242         7403
        1243         5631
        1244         1934
        1246         2998
        1251         2959
        1252          269
        1253         1416
        1255         6505
        1256         6848
        1257         3775
        1259          940
        1261         4483
        1262         4899
        1263         2987
        1264         2797
        1265          362
        1266         4314
        1267           64
        1268         3676
        1269           22
        1270         4886
        1273           62
        1276            0
        1277          158
        1278          742
        1280           97
        1281         1943
        1283            0
        1286         7484
        1289          924
        1291         4390
        1292         7424
        1293         1388
        1295           39
        1299         5137
        1306         2030
        1307          177
        1308         1651
        1309          743
        1310         1842
        1311         2964
        1314          543
        1317           68
        1319         2105
        1321         7466
        1323          171
        1329          242
        1330           91
        1331           86
        1333         4761
        1336         2409
        1337         4010
        1341         1761
        1345         1346
        1347         2206
        1349         6494
        1351         1611
        1356         1848
        1358         2887
        1360         3898
        1364          899
        1366          617
        1367         5182
        1370         5849
        1371          212
        1372           71
        1373          328
        1375           45
        1379         3952
        1384         3396
        1387         1381
        1388           76
        1390           55
        1392         1405
        1397            3
        1398          524
        1402          900
        1403         2277
        1404         4309
        1405         2794
        1406          429
        1407           77
        1409          367
        1410           93
        1411         2069
        1412         3577
        1413         1387
        1414         2445
        1415         2486
        1420          497
        1421            1
        1422          241
        1423         2890
        1427         1687
        1430           28
        1433          365
        1435          136
        1436         1991
        1438         4831
        1441          178
        1442         3944
        1445           41
        1448          252
        1449         3613
        1450         3368
        1451         1521
        1452         1449
        1458         3693
        1461           60
        1462         2204
        1463         1763
        1464         3956
        1468            9
        1469         4465
        1470           88
        1473         1196
        1476           42
        1478          863
        1481          257
        1482         5904
        1484          188
        1487          792
        1490         1008
        1492          155
        1493         1502
        1497         2711
        1498         4823
        1499         1998
        1500         2305
        1501         1487
        1504           76
        1505         3584
        1507         4362
        1512         1773
        1513         2998
        1517         3426
        1518          617
        1521         1496
        1522          155
        1525          566
        1528            7
        1529         7571
        1534         1505
        1537         2163
        1538          216
        1539         1817
        1540            0
        1541          422
        1542          137
        1544         3561
        1546         3766
        1548         5596
        1553         3319
        1556           50
        1557          898
        1563          550
        1565          318
        1566         2075
        1567         1788
        1568          799
        1570         3047
        1574         1603
        1579         1388
        1582         1610
        1583         1008
        1584           72
        1585           14
        1586           10
        1590         1487
        1591         4109
        1593            7
        1599         5170
        1601          543
        1605         1179
        1607         4845
        1610         2402
        1616          813
        1617           31
        1620         3010
        1621         1365
        1625          198
        1629         1889
        1634           15
        1636          242
        1639          691
        1646         3421
        1648          217
        1649         4261
        1651          458
        1652         1645
        1653            8
        1655         1967
        1659         3831
        1660         2486
        1661         1697
        1662         3572
        1668          112
        1670         1923
        1672           93
        1673          654
        1675         6804
        1677         2870
        1679         6459
        1680           76
        1681          537
        1683         3680
        1685         1080
        1690          328
        1694           80
        1695          226
        1697         3420
        1699         1407
        1700         1094
        1701          190
        1703         1141
        1704            0
        1706          532
        1707         3136
        1709          310
        1712          408
        1717         2838
        1718         1730
        1720         3643
        1721          297
        1723         6415
        1724         1666
        1726           97
        1729         3789
        1731         2278
        1732           28
        1734         5790
        1735         8469
        1736            0
        1738          897
        1739         2757
        1741          704
        1746         1332
        1747         5492
        1748           22
        1749         8568
        1751         4879
        1752         4657
        1753            5
        1756         3381
        1757          734
        1760          290
        1763           16
        1766         2917
        1768         5812
        1770         5108
        1772         1242
        1775         1415
        1777         1250
        1778         2540
        1780         1596
        1783          420
        1784           15
        1789          729
        1791          428
        1793         3696
        1794           84
        1796          143
        1797         5914
        1799          538
        1800          109
        1802         1666
        1806         2038
        1810         2735
        1811           74
        1812         1825
        1815           30
        1817          135
        1819          147
        1823         5761
        1828         1217
        1829           28
        1831         3554
        1832         1077
        1833         1022
        1835           19
        1838         1963
        1843         2173
        1845         4894
        1849         2777
        1851         1427
        1852         1083
        1856         1931
        1859          610
        1861          485
        1862         2705
        1864         1614
        1865          379
        1870          442
        1875         1838
        1876          191
        1878          731
        1879           72
        1881         1117
        1882          539
        1883         2678
        1885          552
        1890         3106
        1895          200
        1896          604
        1898          301
        1900           66
        1901          560
        1903         1844
        1905          229
        1906          620
        1907         7994
        1909           87
        1915         1926
        1916         4688
        1922          114
        1923          373
        1924         1952
        1931         4592
        1933          902
        1935           35
        1938         3964
        1939         4676
        1940          290
        1941         3342
        1944          245
        1949         1921
        1952          177
        1954          229
        1959         4132
        1961          665
        1962         1734
        1963         1235
        1965           13
        1968          803
        1969          725
        1972          758
        1974          459
        1975          239
        1981          311
        1983         8131
        1985          115
        1986           87
        1987           55
        1989            0
        1990         2526
        1991          100
        1998         2149
        1999          590
        2002         2890
        2015         6232
        2016          267
        2017          727
        2020          154
        2021           87
        2023          780
        2024         2082
        2025          257
        2027         1008
        2031         1996
        2033           38
        2034         2204
        2036         3551
        2039          553
        2040         2102
        2042          301
        2043         5322
        2045         6985
        2046          190
        2051          178
        2052           16
        2053          212
        2055         3530
        2056         6468
        2058         2035
        2061           58
        2062          283
        2063          404
        2067           28
        2070         4209
        2072          606
        2073         2711
        2077          695
        2080         4914
        2082         2083
        2084          744
        2085         1230
        2086         3345
        2095         3036
        2096           72
        2100         4989
        2102          272
        2104         3444
        2105         1793
        2107          354
        2111          809
        2114          488
        2115          233
        2116          178
        2117          265
        2120          563
        2125          185
        2126          763
        2128           29
        2129          113
        2131           78
        2132         2242
        2134         8244
        2136          528
        2137         5812
        2140         1880
        2141            8
        2142         5396
        2146         6261
        2147         2162
        2148          200
        2149         3138
        2159            0
        2162         6144
        2165         1623
        2167          367
        2169         2109
        2170         2109
        2171          214
        2172         4736
        2173          980
        2174          409
        2175         1066
        2177          528
        2179          412
        2180         2334
        2183         1211
        2187          412
        2188         1693
        2189          155
        2192         1218
        2195         3473
        2196         7190
        2197           18
        2198         5755
        2199         2729
        2200          285
        2201         7468
        2203          115
        2204         7297
        2206          615
        2209          117
        2211          169
        2213         1287
        2214         1961
        2216         5859
        2217          133
        2218         6158
        2221           59
        2224          663
        2230         1380
        2231          555
        2234         1191
        2240         1865
        2241          982
        2242         1951
        2248          410
        2249           19
        2252         6324
        2253           55
        2254         1217
        2255          302
        2256          274
        2261           66
        2267          163
        2268         2592
        2269         2278
        2270            9
        2272         1874
        2277         1944
        2282           74
        2283         6242
        2288         5493
        2291           97
        2294         4467
        2295          492
        2296           32
        2300         3704
        2304         6830
        2307          272
        2311         1337
        2313          200
        2315            0
        2316         1573
        2318          265
        2321         2266
        2322         4378
        2323         3345
        2324         1184
        2326           30
        2330         1773
        2331         8469
        2332         3619
        2336         1008
        2339            7
        2341          247
        2345         1501
        2347            2
        2348         2352
        2353          958
        2358          163
        2364           87
        2369          640
        2371         5318
        2374         7277
        2375            0
        2377          851
        2378         5656
        2383          541
        2384          395
        2386          556
        2388           30
        2390          234
        2392           28
        2394           14
        2396         4688
        2399         2012
        2401         1214
        2405          136
        2407          358
        2414         1765
        2415           82
        2424          777
        2427          178
        2433         4557
        2434          297
        2435           96
        2438         4225
        2440          117
        2445         2003
        2449          972
        2451          687
        2456          876
        2460           36
        2470          108
        2474         1652
        2475         1683
        2477         5322
        2480           17
        2481         5964
        2483          342
        2486           16
        2488           98
        2490          749
        2498         1863
        2501          228
        2502          146
        2503         4041
        2505         2030
        2508         1421
        2510         2519
        2512         2870
        2517          197
        2518           18
        2519         1564
        2522         6734
        2523          763
        2528          433
        2529          149
        2530         3754
        2532         2014
        2533         1729
        2535         2289
        2537         3704
        2539         2494
        2541         1998
        2543           25
        2546          489
        2547          573
        2550         1323
        2555         5046
        2561          500
        2562          313
        2564          246
        2570         1724
        2571           48
        2573         3925
        2574           30
        2575         8186
        2576          226
        2578           55
        2579          152
        2580          726
        2583         2607
        2584         2828
        2587         1856
        2588          172
        2589         2520
        2593         2797
        2594         2288
        2597          664
        2599         1362
        2603          487
        2605            0
        2608          818
        2609         3067
        2612           42
        2614         2833
        2615         3218
        2616         3592
        2617         6376
        2618          563
        2620         4285
        2623         1646
        2624         1485
        2630         7203
        2633          304
        2634           88
        2639          130
        2642         3446
        2644         7827
        2645         5700
        2647         1368
        2648          749
        2650         4647
        2654          872
        2655         1229
        2656         6141
        2657           23
        2659            8
        2668          728
        2677         2680
        2684          252
        2688           47
        2690          992
        2692          597
        2693          200
        2694          816
        2696         1165
        2701         2076
        2703         1437
        2704          946
        2707          228
        2708          137
        2710           91
        2711         2465
        2712          899
        2725         4670
        2727          126
        2728         1347
        2730         1239
        2733          328
        2738           33
        2739         5859
        2747         1328
        2748          285
        2751          940
        2754         2244
        2759          650
        2763         7234
        2767            0
        2776           78
        2777         1969
        2778          134
        2779         3754
        2782         6776
        2783         1099
        2787         8271
        2789         1679
        2790            2
        2792         7167
        2793         1275
        2794         2457
        2795           76
        2796           55
        2797         2246
        2798         1466
        2802         3572
        2804           78
        2806          115
        2807         7139
        2809          337
        2810         5462
        2815           31
        2821         3378
        2823          631
        2826          129
        2827         4204
        2834          236
        2843          111
        2845            5
        2846          560
        2847           12
        2851         2676
        2859          159
        2860         2605
        2861         7475
        2864         2757
        2865         3080
        2866            5
        2867         1372
        2869         5301
        2879         1008
        2880         8168
        2881         5182
        2886          178
        2888          497
        2889          546
        2890          147
        2892           91
        2895           37
        2904         3131
        2906           59
        2907         2180
        2909          248
        2912         6246
        2913          459
        2916          294
        2918          358
        2920         1365
        2921          926
        2922         2914
        2924          641
        2926         1306
        2933           90
        2934         3081
        2937         1196
        2939         2337
        2940         1684
        2942         5104
        2943         5031
        2945          397
        2947         4075
        2948          167
        2949         1101
        2951           81
        2953          167
        2958          701
        2960         1316
        2962         1047
        2964          322
        2971           44
        2972         3886
        2975         2767
        2976         1639
        2980          629
        2981         2798
        2985         2832
        2995         6590
        3001         1122
        3011         2975
        3013          247
        3014          310
        3017         2842
        3020         2202
        3022          768
        3023          171
        3031         7364
        3032         2265
        3035           47
        3036         1095
        3037           81
        3040          903
        3041         3379
        3042          938
        3047           43
        3048         1784
        3051          421
        3052         5774
        3069            0
        3072         2317
        3073          611
        3075          204
        3076         1922
        3079           55
        3085          380
        3086           62
        3087          407
        3092          463
        3093         2045
        3095           14
        3096         2782
        3097          517
        3110          971
        3118          337
        3119           47
        3120           80
        3129         1305
        3133            1
        3134         2834
        3135         1073
        3142         5274
        3146          165
        3147           96
        3149         7006
        3154         2000
        3157          203
        3162         8554
        3165         5579
        3167          566
        3168         7517
        3171         3608
        3174          239
        3177          657
        3179          893
        3181         2556
        3183          636
        3184          846
        3190          759
        3196           46
        3197         1137
        3198          322
        3200         1305
        3205         1219
        3206         2168
        3208         5812
        3213          984
        3216         3679
        3223         2636
        3226         6123
        3228         1564
        3232          958
        3235           81
        3236          258
        3240         2318
        3245         3714
        3246          200
        3247         3355
        3248          364
        3249         1361
        3250          324
        3252           73
        3253          622
        3256          395
        3257           30
        3259           25
        3260         3923
        3262          621
        3264           26
        3266         3872
        3268         7731
        3275          309
        3280          853
        3284         6211
        3286         6147
        3288         4021
        3291         4103
        3298           54
        3301          312
        3302         8320
        3305         3244
        3307          318
        3308          904
        3312          354
        3316          342
        3320           12
        3322           37
        3326         5037
        3327           35
        3329         6130
        3341            7
        3344         2063
        3348         4980
        3349           76
        3357            0
        3358         2823
        3359          177
        3360          961
        3361          229
        3366         1436
        3371           18
        3372         1282
        3373         4567
        3374          991
        3375         2200
        3377         1407
        3380           66
        3386         7003
        3387         1611
        3390         2318
        3392         2637
        3395          257
        3403          585
        3404         1407
        3405            0
        3406           76
        3407         6965
        3419         4584
        3420          152
        3423         2237
        3424          123
        3430           38
        3439          315
        3441          144
        3443         2285
        3448          576
        3451         8425
        3455         5792
        3459           76
        3461         5690
        3462           86
        3467          667
        3480         1270
        3482         1014
        3486         3494
        3488           77
        3492          112
        3502          118
        3506         4919
        3509         5386
        3515         2100
        3523           47
        3528         6641
        3532         1746
        3533         4679
        3536          947
        3539          469
        3542         4024
        3547           76
        3548         3409
        3551           76
        3554          454
        3555           98
        3562          104
        3566         8515
        3570         3617
        3589         2133
        3590         1041
        3598         1705
        3603         1931
        3605          316
        3606          932
        3607          247
        3608         2318
        3610         1388
        3619         3741
        3621          269
        3622          197
        3623          104
        3628         1364
        3638         5777
        3639         5920
        3640         2614
        3641          169
        3643         4563
        3646          705
        3649          361
        3650         8391
        3652           61
        3655         4934
        3657         2998
        3659          568
        3660          241
        3661          455
        3665         2659
        3669         1746
        3678         1264
        3682         6305
        3688         2572
        3689          247
        3691         4675
        3694          616
        3700          332
        3701           10
        3702         4819
        3705         5986
        3707         1287
        3709           76
        3716           32
        3718           66
        3719         5782
        3731         3702
        3732         3749
        3733            7
        3739           87
        3740           17
        3741         3183
        3744         1486
        3747          403
        3749         2637
        3753         1072
        3759         6188
        3760         1096
        3762         5159
        3764           29
        3767          971
        3770           97
        3771          328
        3780         2023
        3783           72
        3784         2832
        3787         2162
        3795         5180
        3798           38
        3802          614
        3803          413
        3807           32
        3811         1259
        3812         1622
        3821         2160
        3830          476
        3832           19
        3833          511
        3837         5076
        3841         2881
        3846          609
        3849         4970
        3851         3944
        3856           97
        3857         3918
        3859         1622
        3860         1376
        3861         6839
        3868         3355
        3874           26
        3882          155
        3885         7477
        3887          700
        3890          338
        3892          623
        3893          141
        3896         3138
        3899         5911
        3900         4647
        3903         3471
        3906            0
        3911          160
        3914           18
        3918         1459
        3920           46
        3924         2595
        3925          127
        3926         3695
        3932            1
        3939         1016
        3941         3024
        3942         1734
        3946          169
        3947           73
        3950            1
        3951         6142
        3954           93
        3957          123
        3961         2712
        3963          200
        3967         7188
        3973         3325
        3974         3118
        3984            0
        3992          926
        3994           82
        3998            2
        4002          898
        4008         1369
        4011           22
        4013         5966
        4016         1679
        4018         4584
        4031         6263
        4033         3448
        4035          519
        4039         7706
        4040           91
        4044         2577
        4048           86
        4053         1748
        4054           36
        4058          950
        4062          163
        4068           16
        4073         3423
        4074          118
        4081         5172
        4082         3163
        4097          301
        4106         5710
        4111         3446
        4115           70
        4121          420
        4123          935
        4132         6301
        4138         4894
        4144          546
        4145            8
        4148           15
        4151         1274
        4152          598
        4153           64
        4155         3280
        4158         7581
        4160          109
        4162          456
        4163           40
        4164         3106
        4165         5491
        4169          315
        4171          226
        4173           14
        4174           14
        4177         1165
        4179          354
        4183         2174
        4188         1114
        4190         1025
        4194          104
        4203         8568
        4208          266
        4209         1133
        4217         3967
        4220         3367
        4223         2109
        4229          101
        4234         4322
        4235         1690
        4236          364
        4251          350
        4256         1461
        4261         5017
        4262         3956
        4271           88
        4273         5563
        4275          351
        4284           21
        4296         3155
        4301            0
        4307            1
        4308           17
        4313           57
        4323         4261
        4326         3495
        4327         2067
        4330         4269
        4337          174
        4339         1960
        4342         5699
        4346          191
        4348         1946
        4351         1347
        4353          138
        4359           20
        4365         1166
        4367          563
        4369         3227
        4376            1
        4378         1127
        4379         5777
        4381          250
        4391         6195
        4393         4277
        4397         1484
        4398           91
        4400           35
        4401         5881
        4408         2892
        4413           59
        4419         2832
        4420         1661
        4431         1086
        4437            0
        4439         1165
        4440            7
        4441         1285
        4442          229
        4443         1407
        4448           76
        4449         6417
        4453          509
        4456          165
        4460          556
        4465         1873
        4475           91
        4485         2460
        4486          348
        4499          165
        4502            0
        4503         2121
        4505         1364
        4506          134
        4507         1030
        4512         3716
        4520          992
        4522         1294
        4523         1242
        4524           36
        4527         1994
        4528            5
        4530          711
        4532          898
        4539         2958
        4548            2
        4551          827
        4553         2486
        4561          526
        4563         2508
        4564         5617
        4566          458
        4568          113
        4572         2693
        4573          107
        4574           35
        4576           80
        4577          309
        4578            1
        4579         1168
        4581         2734
        4595          998
        4596           27
        4607           60
        4609         5534
        4611          131
        4612         1184
        4613          100
        4614           58
        4615         6618
        4617         1214
        4620            2
        4624          563
        4634           67
        4636           14
        4639          309
        4641         4081
        4648         1362
        4651         4904
        4656           23
        4658         8410
        4660         5554
        4664           75
        4668         1991
        4670           38
        4673           43
        4678         1723
        4682         2903
        4683           88
        4686         7115
        4691          621
        4693           76
        4702          664
        4703         3916
        4706            6
        4722          151
        4724          112
        4731         1104
        4733         2356
        4736          360
        4740          147
        4747          111
        4768          257
        4777         1569
        4780         2867
        4783          191
        4791         3836
        4795         4492
        4800            0
        4802         1687
        4804         1776
        4807          109
        4813          178
        4816          350
        4820            9
        4821         4491
        4833          126
        4834         3163
        4835         2570
        4839           16
        4841          430
        4842         2405
        4844         2773
        4845          353
        4846          246
        4848         2679
        4865         1815
        4875          594
        4882         1264
        4883         4490
        4886           29
        4890          572
        4892          328
        4896           31
        4900          208
        4902          556
        4904           22
        4918         1779
        4919          959
        4922            8
        4927          898
        4929           15
        4930         1760
        4934         2397
        4935          118
        4937          341
        4942          857
        4947          998
        4949           73
        4955           66
        4964          517
        4967          688
        4974         5146
        4975          234
        4979         2771
        4980          327
        4982          582
        4991          239
        4995           86
        4996          470
        4999          572
        5001         2361
        5005         3090
        5006          186
        5007         5221
        5017           18
        5018          832
        5020         2641
        5023         3631
        5029         1197
        5034          239
        5035          267
        5043         1088
        5047            1
        5056         3421
        5064          679
        5068          200
        5079           78
        5085         1731
        5089         4044
        5090           37
        5093         3272
        5101           14
        5105         5018
        5107         2887
        5112          873
        5124         1666
        5125          502
        5132          162
        5134          622
        5140         4032
        5145         1178
        5151         5017
        5154          225
        5157            8
        5161          165
        5163          368
        5166           22
        5168         4417
        5178           12
        5180         7186
        5183         1105
        5185         5130
        5186         2675
        5188         5936
        5190           45
        5192          229
        5193           47
        5197          835
        5205           80
        5206          631
        5210          697
        5213         4176
        5218         4981
        5228          185
        5233         4209
        5247         1920
        5250          817
        5268          257
        5273          153
        5277         6880
        5278         2645
        5280           64
        5281         2962
        5288         7411
        5301         4614
        5307          563
        5312         6203
        5322         2185
        5324         4847
        5326          163
        5329          329
        5330          246
        5337          358
        5339           23
        5356         1474
        5358         3007
        5360           25
        5362            0
        5372           68
        5390           54
        5392         5981
        5393         3179
        5397         1133
        5412         3944
        5419           42
        5426         2544
        5432         1255
        5436          325
        5437         2487
        5440           20
        5443         1784
        5455          509
        5456         6216
        5461          793
        5467         2328
        5468         4981
        5476         2312
        5477         1564
        5480          428
        5495         1730
        5500          611
        5509            0
        5512          743
        5513         2410
        5515          652
        5516          219
        5517         1679
        5518          313
        5525           38
        5526          820
        5529           59
        5531          700
        5534            1
        5536         5473
        5541          657
        5546          495
        5550         6776
        5553          246
        5559         2587
        5565            0
        5568           48
        5570          174
        5574          846
        5579         2660
        5581          328
        5583            0
        5588         1845
        5589          342
        5598           97
        5599          328
        5600         2645
        5606         1707
        5607          266
        5613         4749
        5622           44
        5624         1461
        5626            8
        5630         1117
        5632         2492
        5633          239
        5645           84
        5651            2
        5652           22
        5654          430
        5659           13
        5670           21
        5673         4269
        5680          268
        5683           98
        5684          886
        5689         1104
        5705           15
        5706          178
        5708         1014
        5711          104
        5717          297
        5718          522
        5719          172
        5729         1407
        5730         3741
        5745         2714
        5750          185
        5752          500
        5753         1736
        5758            5
        5760            0
        5761         1974
        5768          251
        5774         4635
        5779         5396
        5783           19
        5786         1174
        5793          327
        5801          107
        5805         4334
        5806          226
        5807            0
        5809            0
        5815          182
        5819         1510
        5822         2077
        5823         2766
        5825           15
        5831         4434
        5834          886
        5835         2257
        5838          722
        5841         3342
        5846         1027
        5849          548
        5861            9
        5867         1604
        5881         5895
        5882         1970
        5883          546
        5904          546
        5907         5497
        5909          203
        5926          159
        5933         3252
        5935           59
        5940          332
        5949         1486
        5954         2092
        5957          131
        5959         4293
        5963         5631
        5970           31
        5971         4347
        5972          902
        5982          939
        5992         4559
        5996         2401
        6008         2489
        6021            0
        6030          259
        6039         6604
        6053         4173
        6071            3
        6074         7201
        6078         7118
        6090         2420
        6098          100
        6099            0
        6100         5790
        6103         1810
        6109          935
        6110           95
        6112          729
        6116         5117
        6117         1734
        6120           25
        6128         1536
        6129           46
        6131          930
        6139         3367
        6147            0
        6149          423
        6152          322
        6156         3372
        6157           98
        6176         2182
        6187          379
        6215           86
        6219          173
        6221         1189
        6230            1
        6232          593
        6234          574
        6243          998
        6261         3911
        6263         1460
        6267          947
        6280          762
        6297         2001
        6301         2500
        6304          832
        6310          656
        6313         1181
        6324         2173
        6325         6228
        6334         2184
        6340          158
        6342          265
        6352          110
        6354          196
        6365           24
        6366         3211
        6369         1037
        6372           75
        6374         1905
        6399           93
        6415         2789
        6417         3886
        6419            1
        6432          206
        6441         1101
        6442         2923
        6451         6708
        6452         2821
        6455          171
        6456           71
        6459          575
        6460         3802
        6462          113
        6470         1181
        6486         5541
        6489            1
        6492          186
        6495          170
        6497          114
        6507           71
        6513         4557
        6525         1815
        6539         3689
        6555          306
        6568          107
        6573           69
        6574         6488
        6577            0
        6591          221
        6594           20
        6595         5438
        6602         1756
        6603         6280
        6604         1484
        6605           64
        6614           80
        6618          172
        6619         3015
        6622           80
        6627           99
        6629           86
        6631            3
        6634         6720
        6635          547
        6647         7448
        6663         3026
        6665          670
        6674         3520
        6679         5530
        6680         1378
        6682         6332
        6686          948
        6690          133
        6694          290
        6697         1717
        6698         3948
        6701         3010
        6702         4077
        6705          269
        6710           35
        6711          225
        6713            6
        6723          771
        6725          568
        6740          160
        6749          802
        6750            0
        6754         5264
        6761          988
        6772           78
        6783         5790
        6784         4885
        6785          369
        6790         7894
        6796          174
        6803         4358
        6832         3499
        6835           75
        6840          618
        6844           13
        6845         1551
        6846         3508
        6851          110
        6852          950
        6859         1942
        6864         1771
        6874         1228
        6875           13
        6894         1697
        6896         3568
        6897            0
        6901         1174
        6903           13
        6906          126
        6921          556
        6937          238
        6942          296
        6954          607
        6962          448
        6974            8
        6976          769
        6982           15
        6985           20
        6995           42
        7002           66
        7013           23
        7022         1951
        7027          126
        7035          168
        7040         2825
        7053         5108
        7063         1639
        7067          678
        7091         6388
        7107         2866
        7124         1037
        7128          260
        7129          585
        7135         2543
        7167         1105
        7169         3495
        7186           86
        7190         2095
        7196         2644
        7207           15
        7228          154
        7239         1620
        7240         2149
        7247          562
        7264            0
        7278          301
        7299           54
        7308           16
        7317         1253
        7323         6216
        7325            4
        7332          709
        7334            0
        7337         8576
        7342          327
        7343           38
        7356          724
        7364           36
        7366         6505
        7370         2954
        7392          229
        7394           77
        7400           43
        7409          279
        7427          356
        7431         5628
        7439          345
        7442           29
        7443           67
        7460          483
        7467          118
        7485          235
        7488         1239
        7490           22
        7495         4777
        7499           43
        7506            0
        7511            2
        7522          188
        7528         1943
        7545         3637
        7546         1683
        7547           67
        7552         1730
        7556         1444
        7557         1369
        7560            1
        7564         2098
        7566         3734
        7567           35
        7591           31
        7595           33
        7597         1666
        7606            0
        7608          948
        7612          243
        7615         4581
        7650           15
        7675         2350
        7678         4887
        7685           29
        7708          560
        7709         1652
        7713         2352
        7726         5782
        7754         1210
        7773         2083
        7782          163
        7786         2646
        7805          542
        7829           12
        7835          106
        7850         1418
        7863          603
        7870          136
        7872          762
        7879         4416
        7886          110
        7891         4879
        7901         4994
        7906           48
        7941          114
        7943           49
        7949         3445
        7955          319
        7960           74
        7968          548
        7990           18
        7996           17
        8005          420
        8007            0
        8031          675
        8039          969
        8075           97
        8076         2178
        8090          758
        8100          154
        8125         2938
        8143           37
        8161            0
        8178           83
        8209          216
        8210          304
        8244            1
        8261          170
        8283          127
        8296           53
        8297         1177
        8385         4176
        8396           75
        8397         4866
        8404         2537
        8405         4777
        8411          259
        8418         2686
        8419         7363
        8461         1313
        8466          991
        8471            0
        8473         4161
        8498         4196
