# HaloID(1) HaloID(2)
           0            0
           1            1
           2            2
           3            3
           4            4
           5           13
           6            6
           7           26
           8            9
           9            0
          10           39
          11           11
          12         4660
          13           13
          14           14
          15          520
          16           28
          17         4338
          18         1672
          19          409
          20         1221
          21         2886
          22         3809
          23           48
          24           25
          25         2059
          26            7
          27          732
          28           17
          29           97
          30         4121
          31           34
          32         4526
          33         3560
          34          228
          35           36
          36          156
          37         3926
          38          992
          39         5764
          40         1244
          41           44
          42          244
          43          209
          44           48
          45         7783
          46         1313
          47            0
          48          189
          49           50
          50         1125
          51            2
          52          702
          53          607
          54         1983
          55           57
          56           64
          57           58
          58         5027
          59          251
          60           25
          61           61
          62         4785
          63         1920
          64         8661
          65         4072
          66           65
          67          324
          68         3679
          69         8198
          70         1172
          71          804
          72         3345
          73           74
          74          301
          75         2168
          76          153
          77           76
          78           80
          79          190
          80         2652
          81         1489
          82         3123
          83         1754
          84         4787
          85         1955
          86         1437
          87         4921
          88           90
          89          484
          90            2
          91            3
          92         5024
          93           96
          94         1002
          95           19
          96         6063
          97         3187
          98         9295
          99           10
         100          226
         101          236
         102         6154
         103         2613
         104         6124
         105         5399
         106         7321
         107          341
         108         5850
         109          215
         110          896
         111         1648
         112         1485
         113         1232
         114          329
         115          735
         116         1137
         117          860
         118         5051
         119         3348
         120          526
         121         5711
         122           11
         123            0
         124            9
         125          241
         126          126
         127         3460
         128          666
         129         1234
         130         3176
         131          760
         133          769
         134          668
         136         1628
         137         4693
         138         7841
         140         6244
         141          969
         142          775
         143         6485
         144          217
         145         9342
         146         3105
         147           21
         148           96
         149         1289
         150           80
         151         2239
         152         7155
         153           25
         154         5616
         155         4473
         156         3006
         157          163
         158          559
         159         2306
         160         5362
         161         4496
         162          453
         163         3609
         164         2195
         165         4799
         166         1102
         167          394
         168         2429
         169         2049
         170         1321
         171         3666
         172          326
         173          137
         174           20
         175         1876
         176          178
         177         1902
         178          265
         179         4837
         180         1033
         181           25
         182          325
         184          157
         185          153
         186          181
         187          711
         188           42
         189           78
         190          576
         191         3181
         192         8207
         193         1232
         194          586
         195          767
         196         4288
         197         6116
         199          124
         200          334
         201          196
         202         4526
         203          558
         204         2631
         205         4778
         206          121
         207         2603
         208           11
         209         3672
         210         2519
         211         5713
         212          794
         213          905
         214           20
         215         4735
         216         6102
         217         2985
         218         4680
         220         1093
         221         5211
         222          176
         223          448
         224           11
         225         2605
         226           60
         227          221
         228         4071
         229         3012
         230         3612
         231           37
         232         2777
         233           20
         235          820
         237         1208
         238         3721
         239         1131
         240           32
         241         1572
         242         4671
         243          445
         244            1
         245         1955
         246          241
         247         6354
         248          248
         249          246
         250         1831
         251         7976
         252          502
         253          153
         254          270
         255         7192
         256           13
         257          252
         258         4951
         259            0
         260         1412
         261         5697
         262           73
         263         9427
         264         6537
         265          210
         266          233
         267          134
         268           20
         269           74
         270         2221
         271          482
         272         4732
         273         7946
         274          456
         275          263
         276         3262
         277         6098
         278           83
         279         1880
         280         4114
         281         1303
         282          692
         284         1018
         285         2420
         286           69
         287          290
         289           10
         290          565
         291           76
         293          288
         294           26
         295         2346
         296          682
         298          271
         299         4979
         300           14
         302          723
         304         1866
         305          610
         306         6043
         307          861
         308         6790
         309           85
         310          307
         311          837
         312         1318
         315          521
         317         8165
         318           70
         319          327
         320           86
         322          104
         323           11
         324         1324
         325           37
         327           56
         328         1434
         329         4156
         330          338
         331          713
         332          373
         333         2572
         334         1365
         335         5191
         336         6462
         337          904
         338          892
         339         7299
         340           70
         342         7492
         343          560
         344           57
         345         1291
         347            4
         348           24
         349         1775
         350         2332
         351         1840
         352         1602
         354          110
         355         1532
         356          189
         358          499
         359          723
         360         1252
         361           35
         362         4236
         363         1334
         364         1899
         365           49
         368         1926
         370         2470
         371         5417
         372          115
         373         1590
         374         2166
         375         2471
         376          373
         377         1457
         379         3238
         380          604
         381          563
         382          189
         383          391
         384          947
         386         2094
         387          263
         389          122
         390         3489
         391         5149
         392         1582
         393          429
         394         5830
         395            0
         396         1441
         397         1113
         398         3339
         400         5244
         401         6862
         402         1573
         405         6748
         406          400
         407         1008
         409          155
         410          397
         411           22
         413         2851
         414         1523
         415          416
         416          884
         417          592
         420         1302
         421          193
         422         2386
         423         4055
         424         2303
         425         4405
         426         8353
         427          287
         429         1775
         430            3
         431         8323
         432         2915
         435          575
         436           25
         437           87
         438          307
         440           58
         441          340
         443         5367
         444          558
         445          566
         446         3067
         447         1638
         450         7967
         451         1863
         452         5594
         453         1192
         455         1777
         456         2678
         457         8434
         458         3371
         459         3640
         461          231
         462         1181
         464          231
         466         5922
         467          279
         468         5796
         469         5888
         470          238
         471         4659
         472          582
         473         3535
         474          254
         475         1401
         476         4500
         477         7202
         478         3230
         480         1342
         481         7103
         482         3105
         483         7349
         485          637
         487          157
         488          584
         490          457
         491         1017
         492         5911
         493          441
         494          492
         495          473
         496          392
         497         1639
         498         1051
         499          789
         500          570
         501          971
         502         1909
         503         3246
         509          345
         510          155
         511          600
         512          296
         516         1461
         518         8328
         520         1065
         522          523
         524          156
         525           29
         528          985
         529         4649
         531            2
         532         8974
         533         8263
         534            0
         535         6546
         537         1355
         538          251
         539         4907
         540         2145
         541          506
         542          359
         543         6553
         544         1824
         547         8399
         548         1063
         551          597
         556          841
         557           86
         558          561
         559         5943
         560         6139
         562          495
         563           83
         564          711
         565         5094
         566          809
         568          682
         569          555
         570          237
         571         3996
         572         2523
         574           12
         575          723
         577         2288
         578         8779
         579           49
         580           15
         581         4706
         582         7633
         583         1076
         584           15
         585          433
         586         5684
         587         5470
         591          708
         593          115
         594          541
         595         2024
         596         7228
         597          782
         598         5383
         599          587
         600          130
         601         1078
         602         1854
         603          301
         605           98
         606          643
         607          601
         608          255
         609          250
         610          524
         611         1347
         612          819
         613          684
         614         1126
         615         4189
         618           58
         619           39
         620          611
         621          847
         622          627
         624         3704
         625         7184
         626         1971
         627          255
         629          394
         630          615
         631         2456
         632          218
         633         5209
         635         5435
         637           87
         638         3079
         642         1081
         643         1156
         645          733
         646         2877
         647         7733
         648         4923
         649         2380
         650           40
         652         6827
         653          650
         654          582
         655          242
         656          275
         658         6926
         659            2
         662         1054
         663          974
         664         2928
         667         8904
         668          483
         669         1331
         671           76
         672         5217
         673         5100
         674         8122
         677           67
         678           11
         680          334
         681         7398
         682          377
         683         8708
         684          399
         685         1105
         686          346
         687         7301
         688         3266
         690          153
         691         2761
         692         1481
         696          597
         697         4348
         700          255
         701          698
         702         8745
         704            4
         706          262
         707           43
         708         5038
         709          107
         710         4693
         711         1648
         712         1477
         713         1762
         715          638
         716         2404
         717          218
         718         8610
         719          278
         720          688
         721          554
         722         4815
         724         6986
         725          724
         726          237
         727         1605
         728          418
         729          395
         730         6572
         731         1671
         732         3709
         735           38
         736         2242
         738          624
         740         7326
         741          153
         742          166
         743         1955
         746          564
         748          742
         749         2402
         750         1165
         751          170
         752         6295
         753         4064
         754         7055
         755         1854
         756         7733
         757         2192
         758          727
         759         2578
         760         2470
         761          757
         763         5149
         765         1491
         766         2134
         767         6065
         769            0
         771         7675
         772         3102
         773          107
         774          108
         775         2996
         776         6683
         778         4487
         780         8830
         781         1564
         787          247
         788          168
         789         3574
         791         4604
         792         2733
         795         9040
         799         3128
         800         7326
         801           32
         802         6154
         803          556
         804         4363
         805         1981
         807         6420
         808         1631
         809         3237
         810          368
         811          947
         812          691
         813          796
         814          812
         815         3078
         816           12
         818         7917
         821         7425
         822           70
         824         3215
         827           56
         828           47
         831         4909
         832          155
         833         2923
         835          121
         836         2990
         837          399
         838         1748
         839         1115
         840           80
         841         3893
         842         1787
         846          530
         847           50
         849         3482
         851         1790
         853         1365
         855          188
         860         7639
         862           31
         863         4509
         865           96
         866         3455
         869         3455
         870         2207
         871         9387
         873         4375
         874         4071
         875         1698
         876          331
         877         1071
         878         6180
         881         2534
         882         8082
         883           15
         884         3746
         885          262
         886          725
         888         2322
         889         3618
         890          347
         891         4245
         893         7848
         895         6633
         896          894
         897         1405
         898         3100
         899         8785
         901         3460
         902         1342
         904         1289
         907         1899
         908           31
         909          924
         911          938
         914          180
         917          193
         918         1557
         920         3296
         921         1420
         924          451
         927         8673
         929         5636
         932         5111
         936         6368
         937         2633
         939         9117
         940           31
         942         1158
         943         2304
         944         4380
         945          159
         946          556
         949          770
         952          623
         953          771
         954          310
         956         6098
         957          951
         960         2679
         961          924
         962          172
         963            2
         964         5579
         967         1899
         968          727
         970         5679
         971         6434
         972          385
         974          163
         975          115
         979         6770
         982          132
         985         4262
         986         7041
         988         3560
         989         8216
         991         2231
         993         2294
         994         1271
         995         4765
         997         6079
        1001         1004
        1002         1633
        1005          278
        1006         1915
        1007          999
        1008         5117
        1010         2260
        1012          213
        1014          755
        1015         1094
        1016         5286
        1017           45
        1018         2300
        1019         5351
        1022         3925
        1023         4128
        1024         3068
        1025         1175
        1026          887
        1027          217
        1030         7378
        1031          847
        1035         9133
        1036          723
        1038          991
        1040          113
        1044          217
        1045         1213
        1046          131
        1047         1872
        1048          397
        1052          394
        1054           67
        1055         1194
        1056          365
        1057         1494
        1058           64
        1059           97
        1062          488
        1063         4274
        1065          333
        1068         1044
        1069          153
        1071         1901
        1072         2042
        1075          864
        1076         4903
        1077         3399
        1078          190
        1079         5757
        1083         4369
        1085           50
        1086         1204
        1087         1130
        1088         8710
        1089         3358
        1091         8207
        1092         3883
        1093          948
        1094          466
        1096         4064
        1098          574
        1099         2450
        1103          122
        1104            0
        1106         1933
        1108          132
        1109         2682
        1110         3061
        1112         3549
        1113           76
        1115         1193
        1116         5083
        1118          933
        1119           23
        1121          446
        1124          107
        1125          555
        1126          228
        1127         4355
        1128           18
        1130         4817
        1131         3452
        1133          241
        1136           22
        1137         6850
        1139         4732
        1141           51
        1142           21
        1143         5417
        1146         4907
        1147         4681
        1148         2437
        1150          790
        1151          240
        1154         3911
        1155          367
        1158         1973
        1159          900
        1160         2034
        1162         3156
        1163         5733
        1165          234
        1166         2636
        1169         8763
        1170         8403
        1171         1490
        1172            5
        1174          277
        1175         1177
        1176         2545
        1177         1378
        1178         3598
        1179         6615
        1180          486
        1182           68
        1183         1854
        1184          989
        1185           91
        1186         1613
        1190         1122
        1192          145
        1194         7844
        1196           13
        1197           34
        1198         8965
        1200          371
        1201          614
        1204         1986
        1205          446
        1207         7683
        1208         5630
        1209          321
        1210           42
        1212          311
        1213         2111
        1214         1621
        1218          376
        1219         5979
        1220         4651
        1221            4
        1222         7145
        1224         4206
        1225         2275
        1228           95
        1229          623
        1233          781
        1234         2780
        1237          345
        1239          979
        1240           83
        1241         4490
        1242         3093
        1244            0
        1245         1150
        1246         3832
        1247         1217
        1249         7137
        1250          697
        1252         3145
        1253         7764
        1255            3
        1257         1510
        1258         2126
        1259          125
        1260         8987
        1264          897
        1268          162
        1272         2242
        1273          422
        1274          509
        1278          442
        1279         1278
        1280         1108
        1281         1241
        1284          747
        1285         1565
        1288         3585
        1289          782
        1290           60
        1291         3825
        1293         1454
        1295         2782
        1297         6460
        1298          460
        1301         2781
        1303         6893
        1304           70
        1305          505
        1307          199
        1308           33
        1309         1879
        1310         9064
        1312         2555
        1313         3505
        1315         2111
        1317         7557
        1319           35
        1320         2829
        1321          898
        1322         1581
        1324         3672
        1328         6258
        1329          151
        1330          587
        1331         2157
        1333          486
        1334         1309
        1335         3299
        1336         1337
        1337         1824
        1338         4072
        1341         6398
        1342         2824
        1343         2878
        1344         3695
        1346          361
        1347         1292
        1351         8423
        1353         5814
        1355         1335
        1356           50
        1359          786
        1360          155
        1361         2105
        1363         1977
        1364          413
        1365          297
        1367         5347
        1369         6223
        1370          223
        1376         3501
        1377         9068
        1380         1377
        1381         1040
        1382         3309
        1383         3859
        1385         1743
        1388          710
        1389         3506
        1394         1375
        1396           43
        1398         1560
        1399         1393
        1400         4599
        1401         5592
        1402         3787
        1403           31
        1404         2867
        1409         8914
        1411          729
        1412         3603
        1413         7217
        1415         3424
        1416         2452
        1418         8507
        1419           14
        1422         4174
        1423         2391
        1424         1402
        1425         1292
        1426         1577
        1427          643
        1429         1841
        1432          277
        1434         3589
        1437         3738
        1439         1306
        1440         4837
        1443         1216
        1445          570
        1447           84
        1448         1238
        1450         1773
        1451          287
        1452          461
        1453         1713
        1456         8256
        1458         6355
        1459         4746
        1461         5070
        1462         3609
        1464         1514
        1465          538
        1466          209
        1468          437
        1469         7840
        1470         4025
        1473         1845
        1474         1915
        1476           14
        1478           14
        1481          156
        1485         4382
        1487         2950
        1488          102
        1489         2094
        1490         5147
        1491         1713
        1493            7
        1495         2881
        1497           33
        1499          196
        1500         2871
        1505          122
        1507         7683
        1508         2075
        1509          541
        1510          580
        1511         3501
        1514         3782
        1518         3758
        1519          224
        1520          408
        1522          471
        1523         2851
        1524          295
        1528         1263
        1529          139
        1532         5031
        1534         2760
        1535          637
        1536         5180
        1537          448
        1538         3217
        1540         1598
        1545         6208
        1547          439
        1549          486
        1553         3471
        1556           38
        1557         5539
        1558            5
        1560         7790
        1562         5648
        1564         2107
        1565         3258
        1566         2760
        1567          140
        1570         3909
        1571           41
        1577         3187
        1578         3088
        1579          194
        1581         1820
        1582          232
        1583         8563
        1584          181
        1586          803
        1587         1185
        1588         2274
        1589         4361
        1592          420
        1593         6577
        1596         4705
        1597           60
        1598          820
        1599          917
        1600         3213
        1601         8793
        1603         1484
        1604         2783
        1605         1587
        1606         1490
        1611         1593
        1612         6483
        1615         1756
        1616         2141
        1620          541
        1621            6
        1623          102
        1625         2440
        1627         8789
        1628         6184
        1629           90
        1630          850
        1631         2369
        1633         1899
        1636         4777
        1637          947
        1638          296
        1643          270
        1644         1360
        1645          164
        1646         6220
        1647         5696
        1648         8631
        1650          871
        1651         1831
        1653         2886
        1654           67
        1656          919
        1659         6491
        1660            7
        1661          326
        1662         4553
        1663           38
        1664         2218
        1666         2315
        1667         5850
        1668          380
        1669          805
        1674         2238
        1676          792
        1678         1644
        1679            8
        1682          103
        1685         1281
        1691         3170
        1695          132
        1698           31
        1699         2492
        1700         6615
        1702           77
        1703         8265
        1704          627
        1705         3481
        1707         1862
        1708          317
        1709         7662
        1710         6722
        1711          304
        1712           71
        1714         5153
        1715         3471
        1716         1711
        1718         2665
        1719         3262
        1720          781
        1721         1722
        1725           88
        1726         9127
        1729         7583
        1731         4473
        1733          399
        1734            0
        1735         3777
        1740         1457
        1748         2898
        1749         1112
        1750         1658
        1753         8965
        1754         1807
        1755         1620
        1756           51
        1758           38
        1762            0
        1763           83
        1764         5048
        1765         7398
        1767         5127
        1771          724
        1774         1783
        1775         7176
        1776            7
        1777         1791
        1779          248
        1780           97
        1781         4822
        1784         3654
        1786         4571
        1788         8560
        1790          860
        1793         6155
        1796         2812
        1797         1022
        1798         3449
        1799          338
        1805         1618
        1808         1577
        1809          483
        1816           74
        1818          882
        1819         2292
        1820         1899
        1822         3217
        1824          960
        1828            6
        1830         3121
        1833         1161
        1835         8704
        1839         6050
        1840            0
        1841         1499
        1843         4943
        1846         7934
        1847          380
        1850           34
        1851         1447
        1852         2928
        1855         5421
        1856          486
        1857           35
        1858            1
        1860         5055
        1862         6814
        1864          288
        1865         7622
        1866           67
        1867         5592
        1870         5800
        1872          317
        1876         7473
        1877         3512
        1879          600
        1880         2934
        1881          466
        1882         1888
        1883         1230
        1884         4679
        1885           42
        1886         1426
        1887         6076
        1889          121
        1890         1930
        1891         2934
        1893          249
        1895          122
        1898         2094
        1899          592
        1901           44
        1902          947
        1905         1907
        1907         4383
        1910          607
        1912         3244
        1915         1893
        1916         1638
        1918           18
        1920         2829
        1921           38
        1922         2860
        1924         8030
        1927          236
        1933          450
        1934          801
        1935         1874
        1938           34
        1942         1049
        1943          244
        1946          469
        1947          684
        1950         2882
        1951         1405
        1952         4305
        1953         5148
        1954           73
        1955           12
        1956         7576
        1957          624
        1958         3868
        1959          682
        1964           35
        1967         3460
        1971          632
        1972         2004
        1973         4180
        1976          530
        1978            0
        1982          180
        1984         8657
        1985         1122
        1986          701
        1987          150
        1988         3371
        1989         8256
        1993          557
        1996         3176
        1998          265
        1999          363
        2005         1011
        2008         1991
        2011          486
        2019         6588
        2023          621
        2024          160
        2027          163
        2028         8052
        2034         2453
        2036         1490
        2037          362
        2040          117
        2041           63
        2043         2761
        2044           97
        2045          621
        2047         2917
        2048         2603
        2049           84
        2050         1732
        2051          329
        2052         2168
        2054         4581
        2055         4605
        2056          461
        2057          432
        2058         1759
        2059            0
        2061          110
        2063         5979
        2072          289
        2073          382
        2074         2242
        2076         1011
        2080          786
        2081         6572
        2083         3695
        2084         1291
        2086         3194
        2087         6220
        2093         1345
        2094         1102
        2097          478
        2099         1894
        2102          486
        2105         2103
        2108          328
        2113         5689
        2116          257
        2118          717
        2119         1094
        2124          506
        2126         2220
        2127         2168
        2128         6330
        2130         4923
        2131           29
        2132         1823
        2134          570
        2135         9160
        2136         1848
        2142         6112
        2147          170
        2148           22
        2149         7541
        2156          482
        2158          632
        2160          262
        2162         2990
        2164         1564
        2165          603
        2166         5014
        2168          278
        2169         2239
        2171            0
        2172         3250
        2179         5347
        2181         6596
        2182         1743
        2183          409
        2185         1821
        2187           54
        2191          254
        2201         4405
        2204          257
        2206         3319
        2207          137
        2209         5937
        2211         2108
        2215         3460
        2217           24
        2219         1568
        2220          107
        2225            0
        2226          880
        2231          626
        2232         8668
        2233         1322
        2237         8555
        2239         6284
        2242         3189
        2244         4956
        2246          223
        2247         2381
        2252         7415
        2253          445
        2254         2265
        2255         6330
        2258          553
        2260          525
        2261         4049
        2266         2274
        2269          186
        2270         2283
        2271         1146
        2273         2806
        2278         6299
        2279         2287
        2281         3113
        2285         1568
        2287         7152
        2288            8
        2289          210
        2291         2552
        2292         1420
        2293          456
        2294          700
        2295          134
        2296         1319
        2297         6278
        2299         1893
        2300           86
        2302           31
        2303         1272
        2304           14
        2305         3627
        2309         2806
        2312         6688
        2314          121
        2316         1241
        2317         1334
        2318         4124
        2321         2013
        2323         5809
        2324           63
        2325          521
        2326          219
        2328         1587
        2329         1362
        2330         7019
        2337           62
        2338          125
        2339         2127
        2340          212
        2345          873
        2346           88
        2348         4033
        2349         5665
        2356         6009
        2357          378
        2359         5363
        2361         4369
        2363          179
        2366         5296
        2367         2664
        2371           80
        2372         1323
        2373          448
        2374         5024
        2375           93
        2378          277
        2380         1212
        2381         5748
        2384          335
        2385          229
        2387         1188
        2389          786
        2392            4
        2394         3495
        2396         1513
        2398         8038
        2402          217
        2406          724
        2408         6580
        2410         3662
        2411         1115
        2416         7543
        2417         4312
        2418         2168
        2422         1905
        2423         2898
        2424         5047
        2426           27
        2433          303
        2437         2036
        2438         4117
        2442         3815
        2444          453
        2453         4880
        2455         7680
        2457           55
        2460         6624
        2462         4455
        2463          710
        2464         2446
        2468          218
        2475         2352
        2477         1898
        2481         5117
        2483         5462
        2484           19
        2485         2500
        2487          144
        2490          480
        2494          162
        2495         4148
        2496          593
        2497         3367
        2501         8208
        2503         2512
        2504         1783
        2506          231
        2507         3160
        2509         6849
        2511         1640
        2512          977
        2513         8863
        2517          646
        2519          558
        2520          643
        2521          647
        2525         1859
        2526            7
        2527           18
        2529         3195
        2531         2691
        2534         2778
        2542         1535
        2544         1899
        2545          892
        2548         1310
        2549         2036
        2551          169
        2554          533
        2555         2530
        2556         2712
        2557         2012
        2558           67
        2560          486
        2564           67
        2565          884
        2566         5772
        2568          993
        2571         1474
        2575         2584
        2577          117
        2586         4071
        2589         1041
        2590         5283
        2591         3825
        2597          443
        2598         1907
        2599         3339
        2600           37
        2601         6181
        2603          574
        2604         7623
        2607         3086
        2608          228
        2610         2237
        2611           24
        2613         2837
        2616          324
        2619         5655
        2622          278
        2623         4091
        2624          200
        2629         4898
        2631          268
        2632         3506
        2634           52
        2636         3428
        2637          103
        2640         5369
        2651         3381
        2652          121
        2653         2667
        2655         7387
        2662         3958
        2667          733
        2668          389
        2669         2709
        2670         6177
        2674          100
        2676          365
        2678         5225
        2680          558
        2683          233
        2688         1580
        2689          146
        2691         2145
        2692           12
        2695         1635
        2698          329
        2704         1425
        2706         7186
        2707           39
        2709           26
        2710         3688
        2714          643
        2717          524
        2718          640
        2720         1789
        2722          604
        2723         3024
        2725          685
        2730         2029
        2739         2888
        2741         5971
        2746         2159
        2749         1557
        2759         2689
        2760         7782
        2763         1792
        2767           64
        2770           16
        2772          222
        2775         6018
        2780           77
        2783         4204
        2784         5579
        2787         1329
        2789            6
        2792         1225
        2796         1079
        2797         8779
        2798         3014
        2801         6817
        2802           29
        2805          319
        2808         3416
        2809         4072
        2820           62
        2822          209
        2824         1658
        2825         2838
        2826         3062
        2829            0
        2830          186
        2831         1732
        2834         5524
        2835         1713
        2836         5519
        2838         2997
        2839          158
        2842         3835
        2844          825
        2848         8669
        2855         7495
        2857         2062
        2858         3892
        2859         1491
        2860          210
        2861         2621
        2864          890
        2867          530
        2869         1503
        2874         2435
        2877         2810
        2878         1470
        2881         2806
        2885          225
        2886            2
        2891          390
        2892         3754
        2893          150
        2894          858
        2897            0
        2898          307
        2899          324
        2901         1079
        2902          222
        2912          151
        2915         4311
        2919         2003
        2920         7072
        2921          306
        2922         3116
        2923           18
        2926         2994
        2927          108
        2929         2539
        2934           19
        2935         1590
        2937          375
        2942         7605
        2947          835
        2951          992
        2952         3574
        2955         7984
        2956         2286
        2957         1955
        2962         5344
        2963          103
        2964         2924
        2965         5070
        2967           97
        2969         1790
        2970          474
        2971            7
        2972         6972
        2973         1113
        2977          860
        2983         2042
        2984         8048
        2985          469
        2988         1335
        2993           86
        2995          380
        3002         3303
        3004          517
        3009         3458
        3014          724
        3015         2508
        3016         2321
        3017         3123
        3018           43
        3023         3640
        3024         3215
        3027         3773
        3031         7268
        3033         3680
        3034          796
        3035         6681
        3036           68
        3039         5713
        3040          653
        3041          462
        3042         2402
        3044         7567
        3048         5058
        3049         1658
        3053         8773
        3055          327
        3061          142
        3063         3012
        3065         5775
        3066         3476
        3068           59
        3070          288
        3074         1146
        3075          688
        3076         2240
        3078         3216
        3079         6645
        3080            0
        3081            6
        3083          443
        3084           73
        3086          445
        3088         1396
        3094         5695
        3095         6071
        3104           87
        3105         7660
        3107          290
        3109         1071
        3112         2845
        3114          150
        3115         1313
        3118          471
        3121         5149
        3125          420
        3127         7269
        3129         8018
        3131          940
        3133         4417
        3134          631
        3135         3514
        3137          168
        3139         1454
        3140           12
        3141          928
        3145           98
        3148         3084
        3149          968
        3154         5222
        3155         1894
        3156           86
        3159         1660
        3161          567
        3166         3419
        3171          979
        3172          900
        3175         3599
        3176         1022
        3177         1681
        3182          259
        3183         1743
        3184         4516
        3185           62
        3188         2527
        3189          913
        3191          486
        3192         8484
        3196         3100
        3199            4
        3207           47
        3209         1040
        3210         1863
        3211         1114
        3212         3148
        3213           41
        3214           14
        3218         3239
        3219         3257
        3220            6
        3221         1088
        3224         6815
        3230           74
        3234         2933
        3235          105
        3241         7810
        3244          698
        3245         2740
        3247         6799
        3248          142
        3253           14
        3256           64
        3259          150
        3265         3296
        3266         1133
        3267          162
        3268         4455
        3269         2014
        3272          655
        3279          317
        3282          175
        3287          156
        3290          920
        3296          310
        3300         5885
        3301         8933
        3302           60
        3308         2558
        3309          148
        3310         1522
        3314         1560
        3317         4182
        3318         1202
        3321         2578
        3326          906
        3331         4003
        3332         1254
        3334          729
        3339         2860
        3340            2
        3342         1477
        3347          108
        3349           26
        3351         2728
        3354          275
        3355         2361
        3358           98
        3360          431
        3363          442
        3368          124
        3369          130
        3370         6933
        3375         1292
        3377         6316
        3379          823
        3381         2409
        3382         1096
        3384           94
        3385           91
        3391            1
        3395         1799
        3400         5313
        3402         1373
        3403         5150
        3404         2716
        3405         3532
        3409         6809
        3410          177
        3412           11
        3417         6954
        3418         2918
        3419          832
        3424            0
        3427         1342
        3429         3433
        3431         1994
        3433         3535
        3434           19
        3436         1004
        3437          509
        3438         3985
        3441           10
        3442         6669
        3443          303
        3446         2518
        3447         5032
        3448         3511
        3451          369
        3453         6077
        3455         3437
        3456         2748
        3458         2707
        3459         1346
        3460          531
        3462         1198
        3463           78
        3466         3707
        3470         1884
        3473          177
        3474         4732
        3475         1120
        3477         7593
        3484         2757
        3485         7078
        3490          278
        3492         2757
        3496         6439
        3499         2180
        3504         2404
        3509           91
        3510            0
        3514         3299
        3515          287
        3516         3487
        3518          802
        3520         4114
        3522         8894
        3523            0
        3527            2
        3531         1760
        3533          131
        3535         1698
        3537         4181
        3547         1425
        3551          146
        3553         3570
        3559         8105
        3560           35
        3561          430
        3564          409
        3567         8404
        3568           27
        3572          791
        3574         3610
        3575         1790
        3576          422
        3586         3441
        3587         3593
        3590          111
        3594         5790
        3596           97
        3604         6404
        3606         3331
        3607         1028
        3612         3925
        3613         1608
        3614            7
        3616         1854
        3619          653
        3621          784
        3622         7841
        3629          533
        3634         5543
        3636         2678
        3640          652
        3641           97
        3642           28
        3648          646
        3651           13
        3653          132
        3656          113
        3666         1603
        3667          228
        3668          115
        3670          639
        3672         2062
        3673            9
        3678         3674
        3681         1164
        3683          966
        3687         2372
        3688          518
        3694         8710
        3695         3096
        3699         7762
        3704          166
        3708          212
        3709           52
        3710         7917
        3713           98
        3718         3522
        3720          219
        3721          202
        3724         3485
        3726         2750
        3728           13
        3732           58
        3734         7125
        3735         5528
        3736           33
        3739          480
        3740         4461
        3743          163
        3745         4003
        3748          880
        3750         3664
        3751         4346
        3753           38
        3757          702
        3759          181
        3760         5748
        3764          257
        3765         5005
        3768          100
        3769          371
        3773         7033
        3774         1899
        3778          686
        3781         1484
        3784          498
        3785         5938
        3786            2
        3787          403
        3790           54
        3793          162
        3804          509
        3807          373
        3810         1239
        3811          229
        3815         1917
        3818           44
        3819            0
        3822            3
        3823          486
        3830            2
        3832         2451
        3838          816
        3842         1735
        3844         7082
        3845          409
        3847         3996
        3852         2492
        3853          541
        3854           44
        3855         1434
        3857          261
        3864         5648
        3865         9318
        3869         1378
        3870            2
        3874         3303
        3876          367
        3877         2076
        3881         7079
        3882          327
        3884          652
        3885          448
        3892         1787
        3897         5675
        3898          338
        3899          140
        3903         6032
        3906          150
        3914         1411
        3916         3801
        3920         1654
        3927           41
        3930         1457
        3932         3858
        3935          541
        3938          170
        3939         2096
        3941          775
        3944         3879
        3946         4486
        3947         3484
        3949         6613
        3956          161
        3961         4086
        3964         5802
        3967         1378
        3973          168
        3976          131
        3978           59
        3981         1286
        3983          196
        3987          203
        3989          413
        3994         8030
        3997         3851
        4000         7521
        4002         4012
        4008          259
        4012         2730
        4022         5505
        4023          531
        4024          198
        4028         4904
        4030          244
        4031         1575
        4032          123
        4033         6116
        4035         3866
        4036           37
        4038         3621
        4039          795
        4041         1017
        4043         4036
        4046         7196
        4047            2
        4050         7495
        4056         6546
        4057          804
        4065         2508
        4070         1977
        4073          455
        4074         1947
        4083          121
        4084         8739
        4088         1486
        4090          838
        4091         6986
        4092          425
        4093          164
        4094         7290
        4096          365
        4101         1671
        4102         2573
        4103          300
        4105         1856
        4107          206
        4112           64
        4117         5046
        4120          941
        4121           26
        4125         5924
        4126          104
        4133          498
        4135         8484
        4137         4034
        4138         6721
        4144         2926
        4146         2900
        4147         1461
        4149         1593
        4154          244
        4158          691
        4160         3981
        4164           12
        4165          105
        4167           80
        4174          541
        4175         1034
        4176         3049
        4181         2574
        4183         1163
        4186          166
        4187         4765
        4190           47
        4191          399
        4192          820
        4193         4390
        4194         2141
        4195          492
        4200           66
        4203          496
        4205         2141
        4209          758
        4212         5249
        4213         7830
        4214         3980
        4216         3479
        4217          641
        4218         3210
        4219         1044
        4221          299
        4227         4239
        4235           22
        4238         5818
        4241         4893
        4242         1947
        4246           71
        4249         1799
        4253           51
        4256          341
        4257         2843
        4261         2572
        4263           89
        4269         4648
        4270         9026
        4273         7588
        4281         3602
        4285         1524
        4287         7623
        4291         2126
        4295          417
        4298           42
        4299          809
        4302         4348
        4303         3562
        4311           98
        4312          408
        4313          474
        4315          789
        4318         4573
        4320          158
        4322         2062
        4323         3339
        4327          138
        4330          566
        4332          841
        4333         1846
        4341         2877
        4342           89
        4346          310
        4347          771
        4353          463
        4354         2315
        4356         3407
        4360          799
        4361         3291
        4367          669
        4370         1584
        4371           18
        4373         1541
        4375         4235
        4380         7007
        4381          222
        4382         3721
        4386         1273
        4389          487
        4390          846
        4392           84
        4393          803
        4397            0
        4401         2039
        4406         4367
        4407          610
        4411           62
        4415            2
        4416          442
        4417         5334
        4418          705
        4421         1809
        4422          864
        4423         1150
        4424         2084
        4425          710
        4427           33
        4428         4282
        4430         3656
        4436          169
        4437         7162
        4440          425
        4441         1840
        4447          140
        4448          109
        4449         2679
        4450         4426
        4452         2792
        4459          374
        4463          492
        4467         2552
        4475         1025
        4479         1045
        4481           24
        4487          682
        4488            0
        4490         6763
        4498         2819
        4500          248
        4503         1158
        4505          180
        4506         4658
        4507         5139
        4510         6944
        4521          166
        4523            3
        4527         1743
        4530         6624
        4531         3105
        4534          241
        4542          422
        4543         4481
        4545         1346
        4547         2111
        4549           59
        4551          122
        4552          874
        4559         2685
        4561           15
        4567         1069
        4575         7733
        4577         7228
        4578           61
        4580          704
        4586         1289
        4591         1503
        4592           84
        4596           83
        4597         4346
        4600         2228
        4608         6027
        4610         4777
        4617         1011
        4618         6404
        4619         4716
        4620            0
        4622         2539
        4624         3777
        4638          460
        4642         7740
        4644          282
        4648           81
        4651          556
        4657         6228
        4660         2783
        4662         5207
        4663         4961
        4665         3160
        4671         1592
        4676           60
        4677         4538
        4679         1162
        4683         5152
        4685          338
        4686         1299
        4689         2676
        4694         4775
        4696          751
        4699         1788
        4700          461
        4702         1180
        4706          969
        4708         1225
        4710         6047
        4715         4666
        4721           88
        4724           83
        4726         4647
        4728         1155
        4730           87
        4738          100
        4743         1648
        4745          864
        4747            9
        4748            0
        4749         6724
        4750          202
        4752         2404
        4754         2898
        4757         1899
        4760         1261
        4761         1486
        4762          476
        4767         3627
        4771         1063
        4777         2101
        4782         4779
        4788          169
        4790         4860
        4793          626
        4798          563
        4799           42
        4802         4236
        4806         7534
        4809           24
        4813          470
        4814         3541
        4820           80
        4827          100
        4830          162
        4833          164
        4839           13
        4842           35
        4844          180
        4848           52
        4849         2854
        4852          458
        4857         4961
        4858         1250
        4866         2282
        4868         2319
        4869          873
        4871          164
        4875         5245
        4884          131
        4889           29
        4893            1
        4900          215
        4901         8980
        4903          867
        4906          947
        4910          238
        4914         1748
        4915         1438
        4917          569
        4920          525
        4921          610
        4922         1308
        4924          375
        4926         2474
        4927          466
        4929         3390
        4932           24
        4935         4784
        4938         1481
        4940         2829
        4946          721
        4953         3369
        4954          146
        4957         3495
        4963         2728
        4964         1011
        4971         8202
        4980           38
        4986           55
        4989         5139
        4990         2970
        4992           37
        4995         9322
        5000           66
        5002           64
        5004          378
        5010          248
        5011         4965
        5014         2141
        5015         7903
        5018         4904
        5020           58
        5022           33
        5024           27
        5028          751
        5030           54
        5035         3627
        5038         2911
        5040         6798
        5043           41
        5048          212
        5051         2652
        5055         3145
        5058         3952
        5059         3646
        5063          640
        5065         6201
        5068         1811
        5070          154
        5072         3327
        5074            0
        5075           81
        5076           14
        5088           51
        5093         2411
        5097         6996
        5099           63
        5105           48
        5111          924
        5112         1031
        5115          641
        5116           59
        5119         1891
        5127         8734
        5128           37
        5129          264
        5132           38
        5143          680
        5144         1803
        5150         1326
        5154          287
        5155            5
        5156         5799
        5157          107
        5158          194
        5160         2249
        5167           59
        5170          977
        5173          165
        5175         2424
        5178          123
        5179         1421
        5188          501
        5189          866
        5190          880
        5194         1803
        5201         5942
        5202          158
        5203         3721
        5204         4693
        5208           83
        5216          212
        5219          503
        5221            3
        5234         2199
        5240         5204
        5241         5147
        5244           66
        5246          122
        5247         3712
        5251          556
        5252         2860
        5254         8000
        5256         8644
        5262         5822
        5266         2282
        5270         1572
        5272         1126
        5273          329
        5274          385
        5282           26
        5290         5024
        5291         3057
        5292          567
        5293         2168
        5296            6
        5299         1807
        5303         5702
        5306          295
        5312           64
        5317         2184
        5320          680
        5322         1116
        5324          562
        5325         5332
        5327         5942
        5330         6077
        5338          445
        5346         1214
        5352          104
        5355           52
        5364           37
        5368         1730
        5372         4937
        5374         6328
        5377          170
        5380         5531
        5389         5375
        5394         1380
        5400          861
        5410         6354
        5415         2460
        5435          397
        5442         7995
        5444          589
        5455         1640
        5459         2343
        5460         6818
        5462          190
        5464         4240
        5470         5639
        5472         3115
        5473         5201
        5475           92
        5479          713
        5482         1475
        5483         3819
        5490           33
        5491            7
        5497         3675
        5498         4654
        5501         1207
        5502         2806
        5504         1086
        5507         2445
        5512          388
        5518          244
        5519            3
        5522          520
        5526         1185
        5531         2956
        5540         5580
        5546         3866
        5548         6684
        5554          251
        5559         2360
        5560            6
        5562          667
        5568         1596
        5569          111
        5573          549
        5585          190
        5590         8406
        5599          264
        5604            4
        5606         5690
        5608            7
        5611            0
        5612          661
        5613           47
        5615         5604
        5618         3780
        5622         1007
        5624          149
        5629          123
        5633           27
        5637          992
        5639           32
        5645          661
        5647          871
        5650         2176
        5659         5211
        5661         2203
        5667         1752
        5681         4693
        5682            0
        5684            2
        5685          188
        5694         1589
        5704          400
        5706          161
        5711         8644
        5713         2258
        5715          731
        5718         6364
        5719          292
        5729           26
        5731         6820
        5739          178
        5745         4072
        5746         7678
        5747          715
        5749          221
        5750           28
        5754         3919
        5759           19
        5760         1334
        5761         4651
        5769         3801
        5770         4646
        5776           30
        5779          362
        5780         5172
        5782          359
        5788           15
        5789          198
        5790          221
        5791            0
        5795         5856
        5806         1589
        5809         5077
        5814         5026
        5816         1289
        5817         1092
        5822         3963
        5826         4681
        5829         6068
        5832         2680
        5835         4403
        5836          329
        5840          166
        5846         8415
        5848          476
        5850         4936
        5851         4240
        5855          222
        5856         2528
        5858         8947
        5865          550
        5867         2492
        5878          607
        5888          498
        5889            0
        5892           29
        5893         2034
        5896           34
        5900         5851
        5901         1162
        5903          292
        5904          486
        5915         1691
        5917         4480
        5925         4977
        5930         2932
        5933           23
        5934         5071
        5936         1272
        5939         1859
        5941          589
        5949         2882
        5951         5978
        5955          119
        5956         5809
        5963          105
        5964          193
        5965           46
        5967            1
        5969          359
        5975           75
        5980         3681
        5981          432
        5990         1975
        5999         1558
        6002          307
        6003           42
        6004         1996
        6005          611
        6010           91
        6012          168
        6013          420
        6016         5117
        6017            0
        6023         1306
        6025         2093
        6026         1276
        6028         3354
        6029          221
        6031          221
        6033          126
        6036         1697
        6041         8035
        6042          628
        6048           46
        6051          543
        6053           41
        6062          667
        6068          251
        6074           14
        6075         2159
        6079         4508
        6081         4576
        6082         3350
        6086         5164
        6093         5301
        6096          331
        6099         3925
        6100            0
        6103           14
        6104         2575
        6111          441
        6112          971
        6131         1552
        6136         2624
        6137         4377
        6150            0
        6154          115
        6157          846
        6161          109
        6170         1123
        6174         3328
        6175         4180
        6176          556
        6180          582
        6188          971
        6193         4408
        6200          161
        6202         3970
        6203         3173
        6207            1
        6213           29
        6215         2775
        6217           24
        6219         2761
        6220         1695
        6223           44
        6227         1088
        6228          771
        6229          592
        6231          286
        6242         3212
        6243           43
        6254         4027
        6255         4966
        6262         1408
        6265         3435
        6268         1959
        6275          275
        6288          493
        6291          104
        6292         1334
        6298          800
        6301         1456
        6305         6675
        6309           11
        6312          249
        6314          104
        6318         8012
        6322          375
        6337           14
        6343           69
        6345         2111
        6354         6376
        6355         8704
        6359         7326
        6364            7
        6366         3170
        6368         4909
        6372         1408
        6373          911
        6377         2286
        6378            0
        6390         5283
        6397          125
        6399         7942
        6401         5450
        6402         3331
        6406          449
        6410         2938
        6415          771
        6418         1638
        6421         8947
        6424          812
        6428          287
        6429         4091
        6433           29
        6443         3244
        6445         2958
        6452         3048
        6453         2687
        6460         3503
        6461         1931
        6462         6139
        6464         1408
        6467         2140
        6470         1216
        6476         1646
        6488           31
        6489         2544
        6493          113
        6498         3026
        6501         4497
        6503         3308
        6505         2117
        6507          612
        6508          517
        6512         2420
        6524          650
        6531         1297
        6536           98
        6541           24
        6542            0
        6546         1078
        6549           38
        6552          373
        6553          338
        6554          813
        6561         1676
        6562          546
        6563          373
        6564         8068
        6565          758
        6567            0
        6569          837
        6578           57
        6584          971
        6588         1808
        6589           98
        6590         3307
        6592         4925
        6593          235
        6595          803
        6604          996
        6607            8
        6609          206
        6614            8
        6615           88
        6626         3546
        6627            7
        6641         1407
        6642            5
        6643           84
        6655          379
        6659            1
        6661         6346
        6662          179
        6663         7115
        6664          261
        6666            0
        6671         2792
        6675         3133
        6679         2043
        6682         1088
        6687         8633
        6689          726
        6690         2633
        6709          786
        6710           42
        6714         1487
        6717         4635
        6723          959
        6725         6815
        6727           64
        6728           98
        6731         1507
        6738         1614
        6743          711
        6744            0
        6745         7997
        6748          162
        6752         1044
        6757           34
        6758         2876
        6767         3771
        6776           62
        6777           15
        6781         4185
        6782           38
        6783         1178
        6785         9322
        6786         1042
        6788         4254
        6798         3127
        6800          567
        6806         4044
        6810          574
        6814         1500
        6815         1784
        6816         6622
        6818         8317
        6821         4705
        6823         6705
        6824         1841
        6833         4131
        6834         5993
        6838          586
        6842          349
        6844          239
        6845           62
        6848         1075
        6851         2369
        6853         4036
        6854          951
        6855          221
        6859           22
        6864         1078
        6865          955
        6866          341
        6869          346
        6870          475
        6871         4457
        6872          389
        6876           80
        6878         5982
        6880          166
        6884          530
        6893         3147
        6897         3248
        6909           80
        6916         5849
        6920         4898
        6926         1089
        6930         2238
        6936         1979
        6939          379
        6946         1719
        6949          994
        6950         6924
        6953         1824
        6954          517
        6957            9
        6958         2089
        6961          162
        6963         1676
        6969          277
        6973         8861
        6975          106
        6976            7
        6981           13
        6982         4589
        6989         5129
        6990         2545
        6991         4803
        6992         1876
        6997         3170
        7006         1258
        7008          441
        7023         5098
        7029          126
        7033           37
        7034           38
        7040          145
        7044          861
        7054         1658
        7055         1541
        7056          801
        7057         6407
        7062           24
        7063         6472
        7072          771
        7078          249
        7083         2527
        7086         6165
        7089         2292
        7090         3615
        7097          633
        7098         1618
        7100          429
        7101         7142
        7102         1216
        7107         1518
        7110          413
        7120         7069
        7121          149
        7130          571
        7133         2026
        7139         1177
        7141           57
        7148         4966
        7153         1246
        7161          530
        7163         2372
        7165          205
        7166           38
        7167          117
        7177         4637
        7180          919
        7188          103
        7204           65
        7207          966
        7211         8273
        7212         8531
        7214         1203
        7219         5233
        7223         3708
        7227           39
        7231           38
        7232         4638
        7235            3
        7238         2657
        7239            0
        7243           83
        7263         2294
        7268          763
        7269         4519
        7272         7250
        7285          894
        7286          633
        7292           33
        7293         7405
        7294         3042
        7297         1726
        7299          381
        7303          292
        7304         3066
        7307         5240
        7308         4820
        7315          381
        7322          958
        7331            0
        7332            5
        7333          937
        7338         5499
        7352         6121
        7354          597
        7365         7495
        7366         4214
        7381         2571
        7384         1191
        7388           34
        7389         1370
        7395          352
        7397         7238
        7398          132
        7403           73
        7407         8273
        7411          239
        7412         6993
        7415         2438
        7422         4666
        7424         1243
        7432           17
        7435         6849
        7440         8486
        7448         1047
        7449          612
        7454         1714
        7457         2007
        7477         1788
        7485         3288
        7496         7774
        7498           11
        7499         1502
        7500          461
        7504         1782
        7511          867
        7525          451
        7526         2515
        7530          634
        7533         7215
        7537            7
        7544          265
        7560         1148
        7565          857
        7570         2034
        7576         1587
        7580          550
        7582         5286
        7588          159
        7599            3
        7604          539
        7606         6177
        7616           29
        7619         7480
        7624         4989
        7628          432
        7633          485
        7636           17
        7639         3301
        7642         3610
        7645         2472
        7648         6018
        7660         2681
        7665         1646
        7673          478
        7674         2476
        7675          784
        7676         2959
        7682          324
        7683         6162
        7690            8
        7699          113
        7701          276
        7707         7001
        7724           66
        7727           42
        7741           68
        7748         7615
        7765         1562
        7766            9
        7781         2199
        7784         5157
        7788         1212
        7789         8389
        7801         3837
        7802         4585
        7805         2246
        7812            9
        7824           86
        7826         7558
        7834           48
        7835         2699
        7842           52
        7848         2344
        7849           35
        7851           60
        7852         1332
        7853           72
        7859         1306
        7867          373
        7871          155
        7872          119
        7883         2599
        7885          168
        7889          858
        7890           66
        7891         2874
        7893         1185
        7896            0
        7905         6089
        7908         3826
        7913           14
        7914         6543
        7918         4081
        7934          634
        7935         7882
        7942         1500
        7947          503
        7948          306
        7955           21
        7956            5
        7958          125
        7959            0
        7962          784
        7968         1196
        7980         1286
        7985         1500
        7986           29
        7991          162
        7993          562
        7994         1125
        7995         1773
        8013          366
        8028         1942
        8029          199
        8045          427
        8046          881
        8049          709
        8053          403
        8055         7731
        8062         1047
        8064          149
        8066         2090
        8067         5740
        8073         5106
        8076         5584
        8083          391
        8097         2843
        8099         6096
        8111         3528
        8125         1422
        8136           69
        8138         4926
        8147          208
        8163         5194
        8169          160
        8177         3403
        8188         8108
        8189            1
        8190           52
        8197         4435
        8210           79
        8213            7
        8217          194
        8220           54
        8223         4316
        8238            1
        8242          142
        8243           96
        8244         3092
        8259         7093
        8262           12
        8267          891
        8276         1876
        8281         1054
        8288         4059
        8291           15
        8297           13
        8299         3844
        8305         1430
        8309         4099
        8312          977
        8313         3143
        8317         1435
        8322           33
        8336           78
        8340         1686
        8344         3555
        8348         1695
        8350         3217
        8363          222
        8364           44
        8371          142
        8379          965
        8380          951
        8382          373
        8385           93
        8392         2779
        8399         2630
        8405         1359
        8422          407
        8428         3579
        8444         3120
        8445           41
        8447          186
        8449           57
        8450          328
        8464         3646
        8465          211
        8466         2707
        8469         8346
        8474         1420
        8475         1015
        8499          473
        8502         5474
        8511         3586
        8515          200
        8531         5888
        8533           99
        8534         1473
        8540         1308
        8542          877
        8549           54
        8561         1852
        8563           29
        8566         2685
        8569           15
        8570           99
        8573         2063
        8574          164
        8576         2512
        8577         7257
        8581         5318
        8584         3729
        8591          222
        8595         7636
        8600         2967
        8602           14
        8604         1418
        8607          892
        8608         4499
        8613           38
        8621            0
        8622          176
        8634         1490
        8662           15
        8666         4305
        8668          659
        8677           12
        8686          726
        8687           82
        8696           37
        8710         1670
        8714          284
        8715         1284
        8718          596
        8720         3436
        8726           18
        8727           14
        8731          590
        8733          512
        8738         2783
        8767           15
        8768           42
        8779         1422
        8786          323
        8787         1773
        8791         2000
        8825          372
        8839          338
        8845         1681
        8852         8769
        8855         2008
        8877         3284
        8899            0
        8903         1930
        8918         4257
        8924           97
        8928          937
        8955         1599
        8964          132
        8969           61
        8983          785
        8990         1354
        8991          766
        9001          697
        9012         2854
        9020         2869
        9029         7784
        9044          363
        9045          245
        9052         4082
        9053           46
        9057         2288
        9071           57
        9076         8184
        9081          186
        9082         5016
        9095         7352
        9099          274
        9104          168
        9107         6120
        9111          336
        9112         3516
        9119         1932
        9129         6307
        9142         4636
        9158         6499
        9171          873
        9182          455
        9189          124
        9192            0
        9199           43
        9201         8843
        9212         5157
        9216         2839
        9218         9405
        9223         1742
        9240           54
        9243          968
        9250         1287
        9252         1494
        9255         4539
        9263          192
        9284          631
        9297         1969
        9301         1332
        9306          251
        9308            7
        9315            0
        9327          306
        9330           60
        9335         1766
        9336         8206
        9348         6122
        9372         5449
        9389           38
        9402         7491
        9408         5094
        9411          697
        9422          448
        9427          391
        9429         3485
