# HaloID(1) HaloID(2)
           0            0
           1            0
           2            3
           3            1
           4            2
           5          809
           6            0
           7          126
           8            8
           9          202
          10           10
          11         1441
          12           12
          13           13
          14         1331
          15          463
          16           17
          17         2501
          18           14
          19           75
          20           20
          21          889
          22          999
          23         2408
          24           61
          25           25
          26           26
          27         4226
          28           28
          29           29
          30          993
          31           32
          32           31
          33         1048
          34          734
          35           36
          36         4130
          37         1202
          38         6122
          39          309
          40           38
          41         1535
          42            3
          43            0
          44         2376
          45          516
          46         2277
          47           39
          48         3612
          49         4850
          50          228
          51           51
          52         4611
          53         2675
          54          854
          55         3745
          56         1350
          57         3488
          58           10
          59         1294
          60         1983
          61          315
          62          448
          63          255
          64         2326
          65         6170
          66         1904
          67         4168
          68           79
          69          687
          70         4873
          71           70
          72           71
          73          261
          74         2348
          75         3392
          76           17
          77         2192
          78           80
          79         4580
          80          174
          81           19
          83         2116
          84         8158
          85           86
          86         1434
          87           87
          88           37
          89           59
          90           90
          91         8926
          92           93
          93         2809
          94         3056
          95           96
          96         2685
          97           99
          98          149
          99          161
         100         8149
         101         2023
         102         5705
         103         3154
         104          224
         105         1650
         106          145
         108         6110
         109          219
         110         1212
         111            0
         113         4804
         114         4979
         116         2461
         117          993
         118          569
         119          324
         120         4196
         121         1563
         122          279
         123            2
         124         5042
         125         1669
         126         1700
         127           29
         128         1567
         129         1199
         130         2157
         131          147
         132          131
         133          789
         134         7492
         135         8804
         136         1111
         137         1518
         138         1142
         139          138
         140         5915
         141          360
         142          453
         143         3317
         144          142
         145          395
         146         3550
         147         8226
         148           97
         149          247
         150         2578
         151          149
         152          159
         153           47
         154          155
         155          312
         156          667
         157         1165
         158         1740
         159           59
         160          128
         161         1098
         162         5864
         163          150
         164          376
         165          362
         166         1404
         167          743
         168          168
         169         1414
         170           75
         171         5459
         172           72
         173          374
         174         1414
         175          176
         176          371
         177         1043
         179          181
         180         7199
         181          187
         182         1648
         183          441
         184          189
         185          202
         186         9157
         187           10
         188            8
         189         1557
         190         3490
         191          882
         192          993
         193         4572
         194          689
         195          351
         196         2754
         197           70
         199         3825
         200           54
         201         2923
         202         4057
         203         1556
         204         3984
         205         3319
         206          810
         207          517
         208         4268
         209          207
         210         3109
         212         1390
         213         5015
         214          120
         215          514
         216         5373
         217         8111
         219          261
         220          223
         221         8027
         222          316
         223          224
         224         2222
         225         2670
         226         1775
         227           18
         228         3713
         229          967
         230         4733
         231          198
         232         4659
         233          242
         234          237
         235         1414
         236          900
         238          244
         239         7360
         240          791
         241         4397
         242          145
         244          213
         245          378
         246         4343
         248            0
         249         2886
         250         5816
         251         4517
         252          176
         253         1475
         254         8573
         255         5736
         256         2077
         257         3394
         258         1359
         259         4745
         260         6059
         261          253
         262         1678
         263           16
         264         2619
         267         8804
         268          754
         269         2110
         271         2461
         272           50
         273          334
         274         1923
         275         1328
         276         2561
         278          131
         279         1879
         280         8567
         281          233
         283         3753
         284         1633
         286         3597
         287         2860
         288           38
         289         3510
         290          706
         291          293
         293         6232
         294          239
         295         2440
         297         7574
         298           56
         299         1855
         300         3503
         301          419
         302         7014
         303         3412
         304         6762
         305         8552
         307          133
         308         3860
         309           83
         310         3611
         311         6472
         312          217
         313         7071
         314          902
         316          318
         317         1051
         318         7145
         320            0
         321          536
         322          386
         323           54
         324         4693
         325         7528
         326         2959
         327         6261
         328          586
         329         5957
         330          219
         331         1054
         332          335
         333         2019
         334         3204
         335          332
         336          202
         337         1454
         338         4552
         339         1881
         341         1950
         342         1069
         343          239
         344         6374
         345          276
         346          807
         347          472
         348          263
         349         5956
         350         4580
         351          352
         352         6422
         353          270
         354         3691
         356         6321
         357          861
         358         7919
         359         6229
         360         3997
         361         4331
         362          350
         363          371
         364          318
         365          368
         366          364
         367          117
         368          366
         370         2241
         371          513
         372         5960
         373         3746
         374         2163
         375          591
         376         3014
         377         1976
         378         6425
         379         2969
         380         3443
         382         6170
         383          696
         384         4674
         385         5060
         386         1593
         387         1972
         388         2461
         389          847
         390         5344
         391          388
         392         4197
         393         5619
         394          398
         395         2654
         399         4650
         401           82
         402         6567
         403          533
         404         3325
         405         6984
         406          377
         407          155
         408         4502
         409         3170
         410          861
         411         3296
         413          111
         414           34
         415         2729
         416         1778
         417         2570
         418         2224
         419          343
         420          183
         421         4346
         422         2396
         424         1535
         426          257
         427          428
         428         1038
         429          513
         430            0
         431         4085
         432          680
         434         1730
         435          133
         436         2802
         437          431
         438          458
         439          597
         440         4966
         441          441
         442         5314
         443         1499
         445         3899
         446         4343
         447          283
         448         5354
         449         3241
         451         1563
         452         5601
         453         2409
         454            0
         456           52
         457          280
         458         5295
         459           29
         460         3526
         461           39
         462         2324
         463         4784
         464          888
         465         4252
         466          721
         467         4551
         468         2454
         469          538
         470           37
         471          181
         472         1619
         473          247
         474          944
         475          266
         476          125
         477         1260
         478          443
         479         1561
         480         3241
         482          177
         483         5754
         484          361
         485         6915
         486          485
         487         3995
         488           17
         489           56
         490         3161
         491         7555
         492         2280
         493           66
         494          134
         496          999
         497         5563
         500         7664
         501         4612
         502         2143
         503         4038
         504          875
         505          132
         506          389
         507           62
         508          695
         510         2915
         511           13
         512            0
         513         3640
         515          518
         516         1005
         517         1626
         518          121
         519         1918
         520            3
         522         1594
         524         1591
         526         2653
         527         7435
         530         1125
         531           51
         532          154
         533         6819
         534          973
         536         3861
         537          841
         538         1083
         539         5623
         541         2902
         542         6869
         544         3872
         546         3919
         548         1643
         549         4154
         551         2423
         552         6930
         553          559
         554         6130
         555          455
         556          555
         557         1510
         558           15
         559         7550
         560          556
         561         5644
         562         7478
         564         2408
         565          275
         567         3464
         569          565
         570         7014
         571          187
         573           45
         574         3068
         575         1411
         577          673
         579          170
         580         1267
         581          636
         582          204
         583         3979
         584         1047
         585         4865
         586          958
         587         9100
         588         5145
         589          491
         590         7617
         591          646
         592          561
         593           93
         594         5459
         595         1458
         596         1134
         597         2416
         598         5056
         600         6061
         601         2908
         606           75
         607         2511
         608          479
         609          596
         610         5301
         611           75
         612         4789
         613          207
         614           35
         615         6665
         616          257
         618         1602
         619         2593
         621          810
         622         2416
         623           19
         624           13
         625          500
         627         2434
         628         2902
         630         4106
         632          952
         633           35
         635          912
         636           96
         637         1538
         638         1903
         639          642
         640          267
         641         6103
         643         9061
         644         7931
         645          240
         646         5763
         648         1646
         649         2686
         650         2087
         651           45
         653          554
         654         2108
         655          309
         656          299
         657         4368
         658         1519
         659         3583
         660          707
         661         4270
         663         2345
         664          543
         665         4173
         667          878
         668          188
         669         4181
         671          783
         672           24
         675           86
         676         3794
         677         3607
         678         3441
         679         7496
         680         4230
         682         2361
         683          685
         684         3450
         685          704
         686          671
         687         1588
         688         5377
         689          215
         692         5747
         694         5151
         695           70
         696          584
         697         5233
         698         1364
         699         7144
         702         1698
         704         4807
         705         5298
         707         7522
         709          701
         710         2282
         711         9134
         712         4079
         713            1
         714          336
         715         1355
         716         1013
         717            3
         718         7878
         719         5829
         720         2948
         721         1321
         722          827
         723         7026
         724            1
         725         6663
         726          327
         727         1000
         728         2839
         729         3872
         730         6372
         731         8885
         732         7198
         735         2791
         736          734
         738         6570
         741         8222
         742         1650
         743           66
         744           28
         745         1744
         746         2324
         747         3149
         749         5108
         750         2808
         751         4467
         752         1362
         753         5927
         755         5816
         758          875
         762         1740
         763         1865
         764         3333
         765         1165
         766          252
         767          763
         768         5415
         772           49
         773          719
         774         1335
         775         2341
         776          164
         779         3608
         780         1650
         781         1031
         782           74
         783         5465
         784            5
         785          783
         786         6372
         787         7096
         788         4129
         789          297
         790         4033
         791          863
         792         5035
         793         6471
         795         2793
         796          797
         797          863
         798         1289
         799           43
         800         4848
         801          361
         802         5711
         803         2633
         804           34
         805          817
         806         4483
         809         2596
         810         4946
         812         1366
         814         1024
         815         1928
         816          701
         818         5360
         819         1272
         820         5682
         821         1102
         822          779
         826         3938
         827         1897
         828         2101
         829         1405
         830          300
         831         3441
         832         2318
         836         6375
         840         1417
         841         3830
         842         8753
         843         1534
         844          750
         845         2679
         846         2639
         847         7399
         848         1778
         849         4896
         850         3369
         851          146
         853          463
         854          237
         855         4549
         856           28
         857         4645
         858         1756
         859          451
         860         7308
         861          144
         862         1344
         863          316
         864         2030
         866         2788
         867           61
         868           39
         869         3629
         872         6357
         874         2228
         877         1693
         878         2154
         879          352
         880           76
         882          874
         883           20
         885         4022
         886         1505
         889         1976
         891          842
         892         4281
         893          443
         894         1813
         895         8985
         896           71
         897         1022
         898         4777
         899         4168
         900          930
         901         6051
         902         8619
         903         1137
         904          219
         906         7878
         907         5189
         908         3714
         909          772
         910          747
         912          848
         913         1738
         914         1900
         916         6662
         917          592
         918         1275
         919         6323
         921         4479
         922         4576
         923         4115
         924         4354
         925         5190
         926         2766
         929           49
         931          982
         932          882
         933         3519
         935         2822
         939         4079
         940          143
         941          919
         943          138
         944         1814
         946         1249
         948          468
         950         1687
         951         4401
         954         4655
         955         2026
         956         5520
         957         3673
         958          242
         959          978
         960         4207
         961          617
         962          338
         963           29
         964         3655
         965         5492
         966         1055
         967         1059
         969          413
         970         7908
         971         1718
         973         8359
         974          704
         976          981
         977          142
         979         4273
         981          481
         983          756
         984          800
         985          278
         986         7012
         987          217
         989           35
         990          136
         991         2598
         992         2066
         993          633
         994           15
         995            0
         996          795
         997          128
         998          628
        1000          969
        1001         4892
        1003           21
        1005         1243
        1006         3631
        1007          521
        1011         1775
        1014         1760
        1017          925
        1021           46
        1022         5736
        1023           98
        1024          797
        1025         5246
        1026         3551
        1027         1163
        1028         2097
        1029         8055
        1031         1944
        1032         6388
        1033         8971
        1035          956
        1039         2806
        1040         2573
        1041         7660
        1043         4465
        1044         2013
        1045           19
        1048         7296
        1049         8149
        1050           16
        1051         4932
        1052         1351
        1054           31
        1055         8861
        1058          344
        1059         1167
        1062            2
        1064         1050
        1065         1606
        1067         5759
        1068          111
        1069         2326
        1070         3172
        1072         1942
        1075           43
        1077         1309
        1079         2746
        1081          389
        1083         4025
        1086         1078
        1090         1464
        1091         1086
        1093         8218
        1094         3779
        1095          407
        1096          396
        1097         4213
        1100            0
        1101           61
        1103         9061
        1104          663
        1106         6713
        1107          341
        1108          161
        1110         1884
        1111          875
        1113           94
        1114          388
        1117         2213
        1118           88
        1120         6743
        1121           34
        1123         3662
        1124         7354
        1125         1023
        1126         5922
        1127         2916
        1128         5160
        1129          731
        1130         5570
        1131         1108
        1132         8926
        1134         5508
        1139         5909
        1140            7
        1142         2626
        1143          163
        1146           34
        1147         4329
        1148         8342
        1149          344
        1150         2868
        1152          851
        1153         1149
        1154            0
        1155           66
        1156          784
        1157         8039
        1166         2776
        1167          237
        1169          177
        1171         2301
        1172         5126
        1174           80
        1175         2173
        1179         7732
        1180         1941
        1182          453
        1183         2675
        1184         1818
        1185         1215
        1188         1582
        1190         6539
        1191          341
        1195         8390
        1197         2983
        1198         1577
        1199          218
        1200         1057
        1204         2572
        1205         1655
        1206         7449
        1207         1886
        1208          356
        1209         7040
        1210         2659
        1212         1045
        1213          369
        1215         2152
        1216           69
        1217          247
        1219         3706
        1220          221
        1221         5754
        1222         3761
        1223         2263
        1224          565
        1225         1329
        1228         5865
        1230         1190
        1231         2060
        1232         2086
        1234         1428
        1236           55
        1239         8660
        1241          239
        1242         1940
        1244         4023
        1245          613
        1247         3558
        1250          267
        1251          120
        1252         1213
        1253          462
        1254         3377
        1255         5155
        1256         7601
        1257         8676
        1258          121
        1259         5088
        1260         5705
        1263         6921
        1265         1352
        1267            0
        1268         3593
        1271           38
        1272          159
        1273          194
        1274         3792
        1277          683
        1278          888
        1279         2906
        1280          962
        1284         5864
        1287         3777
        1291         1024
        1292         2650
        1294           45
        1297         4905
        1301           34
        1303         5727
        1304          759
        1306         2360
        1307          278
        1310         4464
        1311         6565
        1312          221
        1315         2802
        1317         3502
        1318         8402
        1321         4381
        1322         1710
        1324          455
        1327           79
        1329         3671
        1331          279
        1333          115
        1334         1404
        1336         1201
        1338          717
        1341         1906
        1345         8075
        1346         3529
        1347         1496
        1348            5
        1349         4448
        1350            0
        1352         6183
        1353          453
        1354         2143
        1355          584
        1356          390
        1359         1382
        1361          485
        1362          557
        1364         4330
        1366         1059
        1368         8970
        1369         4877
        1370         1852
        1372         3321
        1373          219
        1375          611
        1378         1128
        1379           21
        1380         1730
        1382          694
        1385         1116
        1386          742
        1387         2839
        1388           79
        1390         2998
        1391         2581
        1392         2546
        1393         7400
        1394         3010
        1395          332
        1397         8663
        1398         4218
        1399         7128
        1400         1147
        1402           86
        1403           74
        1405         4167
        1407         1422
        1408         2596
        1409         6424
        1410         1987
        1411         8181
        1413         5901
        1415         4488
        1417          673
        1419           67
        1421          192
        1422          155
        1423          121
        1424          105
        1427         5314
        1428         2076
        1429         3353
        1430         2666
        1433          199
        1434          671
        1436         1971
        1439         7075
        1440          645
        1441          210
        1442           37
        1443         1439
        1444         2550
        1448         1442
        1449         3027
        1453         1818
        1455          692
        1456          461
        1457          377
        1459           87
        1462         2851
        1463          982
        1464          778
        1468          667
        1471         1750
        1474          724
        1475         4610
        1476         6681
        1477         2358
        1478         5625
        1479         2309
        1480         1680
        1481          636
        1483          338
        1484          979
        1486         1273
        1487         3737
        1488         1823
        1489          151
        1491         5759
        1494         3312
        1495          363
        1497          584
        1499         3766
        1504         3989
        1505         7776
        1506          703
        1507           84
        1509          239
        1510          939
        1511         3346
        1512         1532
        1513         2990
        1514         2701
        1517         6261
        1518         2447
        1519           64
        1521         2364
        1523         1947
        1524          646
        1525          290
        1526         7903
        1527         1513
        1528           41
        1530         3989
        1531         2029
        1532         3394
        1536         3419
        1537         4475
        1538         2567
        1539         6861
        1541         1705
        1542          784
        1544         5544
        1546          763
        1548         1733
        1549          807
        1551         2591
        1554         1542
        1555         2566
        1556         4736
        1557          240
        1558         1750
        1560         7255
        1561         5775
        1565         1866
        1567         7444
        1568          185
        1569         6812
        1572           34
        1573         1122
        1574         3753
        1575          374
        1576          155
        1577           32
        1579         8457
        1580          216
        1583         3517
        1586         1869
        1588         3241
        1589           92
        1590         4079
        1592         2282
        1593         5700
        1595         1526
        1596          250
        1597         7674
        1598          306
        1599         5246
        1600         3745
        1601         1445
        1605          168
        1606          129
        1607         3577
        1608          306
        1609         1713
        1610          169
        1611          296
        1612            6
        1613          919
        1616           13
        1617         1665
        1621         1666
        1622         1887
        1624         7056
        1625           98
        1628         2688
        1630         1036
        1632         1083
        1633          655
        1634         1639
        1636           18
        1638          690
        1640          125
        1645         4472
        1649          287
        1650         3555
        1652          781
        1654          345
        1655         3571
        1657         1481
        1661          571
        1662         1037
        1664         2608
        1665         4023
        1666         1535
        1668         3397
        1669         4164
        1670         3377
        1671         8939
        1672         4079
        1675          973
        1676         1414
        1677         2828
        1678         2317
        1682         3284
        1683         5616
        1684         1223
        1685         5143
        1686          681
        1688         3952
        1692         4866
        1693         5015
        1697          360
        1698         2797
        1699         2664
        1701         1005
        1703         5427
        1706            8
        1707         4428
        1709         1773
        1710         1022
        1711          392
        1712         3284
        1715          240
        1716         3328
        1718         1834
        1720            3
        1721         6756
        1722         8469
        1724          465
        1725           56
        1727         5667
        1729          116
        1731          696
        1732         7914
        1735         3610
        1736         1313
        1740          264
        1742         2521
        1744           93
        1745         8119
        1746          125
        1748         1398
        1750          445
        1753         3164
        1754         1720
        1757         1982
        1758         1737
        1760          111
        1762           49
        1764         8164
        1765          948
        1766          151
        1767         6133
        1768         4804
        1769          294
        1772         8506
        1773         3429
        1774         2318
        1776           24
        1777         2097
        1778         7931
        1779          255
        1781          267
        1782         1451
        1783         1369
        1786         2184
        1788          818
        1789         3753
        1790         5097
        1791          915
        1792         2653
        1793         4726
        1796         4399
        1798         3095
        1799         7903
        1801         1390
        1803         2718
        1805          604
        1806          859
        1807          182
        1808         5277
        1809         1518
        1810         2679
        1812         1694
        1815         1527
        1816          843
        1819         1792
        1820         2101
        1821         7124
        1822          250
        1823          500
        1825         2149
        1826         8553
        1828         6383
        1831         7962
        1834          327
        1836         6364
        1838         2145
        1841          306
        1842         3034
        1845           18
        1846           36
        1849         1873
        1851           38
        1853          178
        1854         3400
        1856          197
        1858         3949
        1860           77
        1861          646
        1863         4098
        1867          319
        1869         3848
        1870         7172
        1874         1885
        1877         4401
        1879         2147
        1881          192
        1882         3234
        1883          272
        1886         7268
        1887         4263
        1889           27
        1890          685
        1891         1476
        1892         1108
        1893         4600
        1894            0
        1897          230
        1898          820
        1899         7014
        1904         5356
        1910          343
        1913          150
        1915          164
        1916         1323
        1919           57
        1920         4112
        1921         2865
        1924         1753
        1925           98
        1926           13
        1927          136
        1928           43
        1930          146
        1932         5102
        1933          221
        1934          360
        1935         5167
        1936         3005
        1938         5720
        1940         2907
        1943         2879
        1944          453
        1946         3112
        1948         1944
        1950         1714
        1951          224
        1957         1753
        1958         7274
        1959         5509
        1960           62
        1961          103
        1962         4790
        1963          450
        1964          709
        1965          704
        1966          132
        1967         4299
        1969         1556
        1970            0
        1971          343
        1972         7388
        1974          530
        1977          645
        1978          131
        1979         3220
        1980         1768
        1981         3053
        1982          220
        1983         1937
        1986         1148
        1987         5738
        1989            4
        1991         4977
        1993         2091
        1994          218
        1996          126
        1997         2630
        1999         2041
        2001         2157
        2004         1204
        2005         3015
        2008         4906
        2009           15
        2011         1392
        2012         1291
        2013         3439
        2014         8833
        2015         6679
        2016         1266
        2017          995
        2018         2359
        2019         1299
        2020         8657
        2026          487
        2027         7880
        2028         1038
        2031          908
        2032         5459
        2033           30
        2035         1328
        2037         3615
        2038         2867
        2039         2153
        2040          553
        2041          486
        2046           26
        2048          170
        2050          871
        2052         2244
        2054          265
        2058         3555
        2059         8552
        2064         2010
        2066          110
        2067         2649
        2071         2058
        2072         4104
        2073            6
        2075           21
        2076         8676
        2077         8622
        2082         2413
        2083         3633
        2084          517
        2085         3627
        2086           12
        2088         9030
        2090          213
        2092         1296
        2094         2113
        2100         6380
        2103         1045
        2104          115
        2105         2202
        2106         3677
        2107           62
        2110         1976
        2111         2662
        2112          406
        2120          791
        2121         7045
        2125         2282
        2126         4823
        2128          453
        2129         3011
        2132         3758
        2139         1104
        2140         2079
        2141         2720
        2142         5944
        2144          212
        2145         2196
        2148         3435
        2153         1414
        2157         2842
        2158           23
        2160         6207
        2162         8554
        2163          121
        2164         2679
        2166         3430
        2167         3173
        2168         2254
        2169         1067
        2170         4630
        2172           49
        2173          312
        2174           37
        2175          258
        2176         5312
        2180         4114
        2183         4693
        2185         3659
        2191         7394
        2193         5006
        2194         4270
        2197           38
        2199         1537
        2200         2457
        2203            0
        2205         5309
        2208         4670
        2211         2359
        2213         3395
        2215          485
        2217          213
        2224         2087
        2225         9111
        2231         4207
        2233         4652
        2234         3087
        2235         1501
        2237         1849
        2238          265
        2240         2350
        2241         2192
        2242         3062
        2243         6942
        2244          166
        2247         3252
        2249          120
        2252           86
        2253          779
        2256           12
        2258         3879
        2264         5240
        2269         3998
        2270         3464
        2275         2294
        2278         8248
        2282         5679
        2284          308
        2285         4945
        2288           72
        2290         5642
        2294            0
        2296         3641
        2297         1666
        2298         2822
        2300         1157
        2301          120
        2305          121
        2306         1475
        2309         2346
        2310         4341
        2312          662
        2313          942
        2316         1990
        2317         3556
        2318         4835
        2320           27
        2321          232
        2323          360
        2324         3356
        2326         8650
        2327          639
        2328           63
        2329         7818
        2334         3876
        2335         1165
        2336         1655
        2337          326
        2339          813
        2342         3480
        2343         2958
        2346         7406
        2351          279
        2354         1963
        2355         2999
        2356         3291
        2357         4880
        2358         4623
        2360         3236
        2361         3686
        2362          314
        2363           91
        2365         4119
        2366          353
        2369         2659
        2370         4707
        2371         4517
        2372         1940
        2373         1565
        2374         2988
        2377          209
        2378         3043
        2379         6864
        2380          155
        2384           36
        2385          461
        2386           27
        2387         1272
        2388          959
        2389         2648
        2390          801
        2392            6
        2393          518
        2395          182
        2396         1198
        2397         1292
        2398         7819
        2399          704
        2400         3787
        2401         8731
        2402            2
        2406           48
        2409         3921
        2411          155
        2414          261
        2421         1496
        2422          461
        2423         3846
        2426          882
        2428         5789
        2429          414
        2430         2511
        2436         3322
        2438         1463
        2440         1904
        2441           62
        2447          564
        2448           14
        2453         6121
        2454          586
        2456         3267
        2458         2217
        2461          459
        2464          504
        2465         1044
        2467          185
        2468          464
        2470         1518
        2471          362
        2473          319
        2475         3163
        2476          259
        2477         7448
        2478         5711
        2479         1189
        2482         1601
        2483         2076
        2486         4506
        2487         4877
        2489          360
        2490         1518
        2494         2559
        2496           90
        2497         2457
        2500         1532
        2503          157
        2504         2360
        2505         5126
        2507           48
        2508          633
        2510         2576
        2512         5485
        2513          654
        2515         1727
        2518          229
        2522         2459
        2526         2447
        2528         2521
        2529         5842
        2530           89
        2531         1248
        2532         1040
        2533         2688
        2538         6952
        2540         4389
        2541          219
        2542         9076
        2543          857
        2546         3075
        2548         6769
        2549          264
        2551           48
        2552           60
        2553         1404
        2556          223
        2557          159
        2559         6257
        2561           90
        2562           35
        2563         1372
        2565          867
        2567          313
        2570           40
        2571         3569
        2572          279
        2574         7493
        2575          696
        2576         2484
        2577         4043
        2578         5767
        2579         1301
        2580         1897
        2585         1359
        2588         2583
        2589          279
        2590         2918
        2592         1591
        2594         6032
        2596         4967
        2598          197
        2600         1332
        2601          539
        2607           21
        2609         7199
        2611          202
        2613         4334
        2614         1038
        2616          479
        2617           54
        2618         5884
        2620          685
        2621         9081
        2625          306
        2630          293
        2631            8
        2636         4675
        2637         2396
        2638         8410
        2640          404
        2642          428
        2643         3240
        2646         2111
        2649         4197
        2652         7579
        2655         4812
        2656          876
        2658          209
        2662          763
        2665          999
        2667          533
        2668          819
        2669         8149
        2673          218
        2675          241
        2678         4138
        2681          301
        2682          981
        2684         2222
        2685          768
        2686         2237
        2689         3726
        2690          174
        2691         2665
        2693         2658
        2694          184
        2695           92
        2697         1513
        2699         2441
        2701         2306
        2702         4776
        2704         4985
        2706         2555
        2709         2779
        2710         6616
        2712          225
        2713         3356
        2715         8718
        2718          236
        2719           56
        2721         4265
        2723          361
        2725           89
        2726          939
        2727         1110
        2728         7144
        2729           48
        2738         7717
        2741          757
        2743           46
        2744           34
        2746         2613
        2748          396
        2751          132
        2752         2325
        2753         6729
        2756         1662
        2757           79
        2766         4219
        2767         1568
        2769         3754
        2782         7510
        2783         6120
        2784          133
        2785         2396
        2786          598
        2788         8121
        2789         3879
        2791         2791
        2793         2725
        2795         3406
        2797          827
        2799         5831
        2802            3
        2804         1040
        2805         3394
        2806         2858
        2807         2709
        2808           95
        2809          446
        2811         4316
        2812         5172
        2815            4
        2818           25
        2824          121
        2826            1
        2828         6656
        2829         7439
        2831            1
        2832           12
        2834          438
        2835         4048
        2836         3206
        2839         8632
        2843          309
        2844         2691
        2846          580
        2848            5
        2852         6144
        2853         8071
        2854         1650
        2857         1855
        2859         2601
        2862          313
        2863            8
        2864          352
        2866         2059
        2870           38
        2874          431
        2875         1258
        2878         1733
        2879         3034
        2881         4603
        2890          168
        2896         2478
        2898           21
        2899          535
        2902          918
        2903         4740
        2905          311
        2906         2351
        2913           25
        2914         2918
        2925         1371
        2926            2
        2929          399
        2931          611
        2932           94
        2935         5082
        2937         1346
        2938         4346
        2939         2517
        2940         2962
        2944           94
        2946         3381
        2947         3566
        2951          358
        2958          989
        2959         8105
        2961          360
        2962         7923
        2964         5542
        2966         3276
        2969         3005
        2972         2031
        2973         1103
        2977         3154
        2978         3257
        2983          293
        2984         1318
        2986          388
        2987         4386
        2989         1593
        2994          652
        2995           46
        2996          225
        2999         2032
        3000         6863
        3003         2883
        3005          657
        3007         1206
        3008          165
        3010         1309
        3016          495
        3022         1985
        3023           14
        3024          344
        3025          995
        3029            9
        3032            0
        3034         1342
        3036         6492
        3041            3
        3043         1487
        3044         3039
        3045         2864
        3047         5857
        3052          100
        3056         1909
        3057         4745
        3064          372
        3066         3016
        3067         1390
        3070         1743
        3071          165
        3072         2886
        3074          363
        3077         2945
        3081          394
        3082         1508
        3085           43
        3086         1190
        3091         8092
        3097         7221
        3098          633
        3099         2713
        3101         3167
        3105            0
        3106         1205
        3108         4558
        3112         2450
        3114         2902
        3115         6312
        3116         3139
        3117         4296
        3119         2059
        3121         3948
        3122         1103
        3124         2034
        3125          766
        3127          300
        3129         1956
        3130         6292
        3132          238
        3138         2497
        3141         8378
        3142         3043
        3143         4242
        3148           72
        3149          612
        3151         4115
        3152         5511
        3153         1322
        3154         3653
        3157         1990
        3159         5763
        3160         7107
        3161         3953
        3162         8181
        3163         3146
        3164         5563
        3165          389
        3166         4054
        3167          681
        3168         4306
        3171         1824
        3174           19
        3175         1046
        3176         6685
        3177         2396
        3181          742
        3184         3835
        3185          177
        3188         8374
        3189         2956
        3192          115
        3199         8667
        3200         6734
        3203          104
        3208          829
        3213         7878
        3214         3329
        3215         2742
        3216           28
        3219         5481
        3220         1005
        3224         2067
        3225         2143
        3227         1366
        3230         1764
        3231         3551
        3233         1962
        3235         2387
        3236           47
        3240            3
        3242          146
        3243          275
        3245         4031
        3250         4120
        3251         3281
        3252          219
        3253          252
        3255          248
        3256         7977
        3259          753
        3261         1455
        3262         3288
        3264           35
        3265          591
        3267         1199
        3270         2044
        3272         4874
        3273         1502
        3278          818
        3279         2760
        3281          279
        3283           46
        3284         4669
        3286         1989
        3288          559
        3289           63
        3290         4628
        3292         3151
        3294         5603
        3295         2203
        3304          161
        3307         3266
        3309         1501
        3310         3132
        3312          392
        3313          424
        3314         5510
        3316            5
        3317         6613
        3319          967
        3320         4940
        3323          944
        3324         6012
        3326         3335
        3327          908
        3328           73
        3332         3344
        3333          126
        3335          902
        3336          539
        3337           25
        3338            2
        3339         3731
        3343          848
        3344         3629
        3347         2016
        3354         1807
        3358           46
        3367          500
        3368          803
        3372         4706
        3375          780
        3376          591
        3380          372
        3381          483
        3382         3167
        3383          512
        3391         8528
        3392          718
        3395            8
        3397         1124
        3398         1160
        3401          939
        3404         2959
        3405          325
        3406         5742
        3408         1453
        3409            5
        3410         6376
        3413           27
        3416          334
        3419         4669
        3422         4799
        3423          785
        3424          794
        3425         1894
        3426         1436
        3427         3439
        3428         1143
        3434          319
        3435          322
        3437         3419
        3439            4
        3442          498
        3443         8841
        3444         5392
        3448          291
        3450          121
        3451         2141
        3452         1116
        3455         2994
        3458         1918
        3459         3444
        3460         3889
        3461         1317
        3463         4537
        3464          634
        3469         2401
        3471           94
        3474         1127
        3475          383
        3484           63
        3485          506
        3487          389
        3490         3524
        3493         3965
        3495         2636
        3499         3506
        3505         1938
        3507          116
        3511           61
        3515          383
        3516          481
        3518           18
        3521         1958
        3523         3175
        3527         4538
        3533         1935
        3535          259
        3539         4964
        3540         3445
        3541         4425
        3545           64
        3546            5
        3549         3069
        3550          604
        3552         3574
        3556          209
        3557          355
        3561         4982
        3563          363
        3564           54
        3568         2238
        3575          229
        3576         3598
        3579         2326
        3580         6414
        3581         5789
        3586         3290
        3589          117
        3593         1173
        3594           14
        3601         3631
        3603         2909
        3605          211
        3608         6061
        3613         8576
        3614         5699
        3618         1351
        3619         2568
        3620         5568
        3622          876
        3631         4845
        3632         4723
        3633         2384
        3635          210
        3636         3564
        3637          414
        3640         4210
        3643         2583
        3645         2817
        3646         1695
        3647         1252
        3649         2147
        3654         1821
        3656          180
        3658          958
        3661         3951
        3662          120
        3665         5396
        3669          774
        3672          453
        3679          779
        3680         1031
        3686         4144
        3690         4928
        3692         6458
        3694         1532
        3696           80
        3697         5434
        3699         8181
        3701         2360
        3706          298
        3707         3747
        3709         3117
        3710         2633
        3714         2357
        3718         7800
        3720         2682
        3723            7
        3738          110
        3739           24
        3740           52
        3746          431
        3747         5687
        3748         2454
        3753         3058
        3754          387
        3755          753
        3756         6217
        3762           78
        3763         5124
        3765          325
        3769         2326
        3772         1740
        3787           20
        3788         2107
        3789          278
        3791         2919
        3797         3456
        3799         2303
        3800          232
        3804         3988
        3806         4413
        3807         4698
        3809         1161
        3811          341
        3812         7012
        3816         5675
        3819         7302
        3821         2962
        3823         1833
        3827          361
        3830         2149
        3831          258
        3833         1539
        3836          446
        3837         5838
        3839         3845
        3840          282
        3843         1034
        3845         4777
        3849          782
        3850           86
        3852         3477
        3854           37
        3864         2956
        3865         1460
        3866           17
        3867         2060
        3870         5970
        3871         5711
        3873          835
        3875           19
        3881         3825
        3882           44
        3885          927
        3886            4
        3887         1222
        3888         1526
        3891          142
        3897         1243
        3904           83
        3910          580
        3911         1040
        3912         1618
        3916          381
        3920          682
        3922         7423
        3923         6233
        3924           43
        3930         5324
        3932          386
        3935         1524
        3936         3950
        3939         6993
        3944         3681
        3946          161
        3947         2301
        3948          237
        3952         5398
        3953         1291
        3955          453
        3959          867
        3962         3221
        3963          181
        3969           26
        3971         6000
        3973           30
        3975          994
        3978           59
        3984           15
        3988         2935
        3990          981
        3991         1518
        3998          270
        4001          814
        4007          701
        4014         2154
        4016         1526
        4022         1233
        4024         1568
        4026         4361
        4029           14
        4031           34
        4033          314
        4034          155
        4042         4481
        4045         2064
        4048           79
        4049           84
        4056          177
        4057         3341
        4061         8063
        4065          586
        4066         1491
        4067         6038
        4069         4844
        4070         2797
        4071         2839
        4072         1678
        4073           76
        4074         2152
        4077         5069
        4078         2429
        4081         2157
        4082         1783
        4085          593
        4086           96
        4087          808
        4089            0
        4091          235
        4092         2324
        4093         7981
        4095          117
        4096          378
        4099           18
        4109         4871
        4113         1575
        4116          654
        4119         2911
        4122          138
        4127         4258
        4131         2229
        4134         2714
        4135          529
        4136         2575
        4138          588
        4139         1383
        4140         1059
        4141         2946
        4145         3775
        4148          553
        4151          574
        4152          882
        4159          133
        4163         3446
        4167         3124
        4168         1998
        4171          132
        4174         5685
        4177          889
        4179         6839
        4181         3830
        4183           43
        4187           67
        4193         2053
        4199          138
        4202         5882
        4204          551
        4207          280
        4208          240
        4209         6911
        4211           74
        4216         2364
        4217         1671
        4219         5775
        4225         4362
        4226          495
        4227         3704
        4228         3633
        4235          161
        4236         1659
        4241           21
        4242         2954
        4243           87
        4244          240
        4245          555
        4247          827
        4251         1356
        4255         1992
        4256          392
        4257           46
        4258         5190
        4262          998
        4268           34
        4273         4941
        4274         1070
        4275         4149
        4277          827
        4280         4319
        4284         6292
        4287          378
        4289         7515
        4291           56
        4292          322
        4296         8581
        4299          137
        4300          267
        4302          374
        4304          284
        4308         1399
        4312           23
        4315         2552
        4317          375
        4320         2163
        4328         1130
        4329         1313
        4331         2122
        4332         2863
        4333         1935
        4335            1
        4337         3262
        4338         1201
        4339         1762
        4345           18
        4349           19
        4350         1638
        4359         2303
        4370         1561
        4374         8836
        4378         1167
        4379         4406
        4380          463
        4381         6179
        4382           70
        4383          593
        4387         2350
        4388         5460
        4389          529
        4392         1560
        4394           11
        4395         5412
        4399         3135
        4401         1223
        4406         8063
        4408         7887
        4409          754
        4411          159
        4415         2178
        4416         3552
        4417         6179
        4419           74
        4420          228
        4427          453
        4428         1311
        4435         2672
        4436          699
        4439         6774
        4440         1191
        4445          160
        4451         1878
        4452          293
        4461         4814
        4463         7582
        4464          195
        4465           56
        4467         3806
        4476         3206
        4482         5740
        4483         9164
        4487         1532
        4491         3550
        4495         1093
        4496          169
        4499         2221
        4500         2018
        4504         6462
        4507          475
        4509         7650
        4510         6330
        4514         1366
        4516          607
        4525          975
        4526         4260
        4529         6042
        4530          517
        4534          363
        4536         5916
        4540         1092
        4541         1591
        4544          479
        4545         1472
        4546          525
        4550         4784
        4551         1843
        4555         4487
        4557         1308
        4558         4038
        4565          413
        4566         4441
        4569         7888
        4570         4977
        4580         1228
        4581          302
        4583         3912
        4585          216
        4586          530
        4588           75
        4594         7873
        4599            4
        4600         2602
        4603           46
        4609         1841
        4611         2552
        4615          242
        4616         1702
        4617          261
        4620         7647
        4624         1189
        4625         1036
        4632          839
        4635         5758
        4638          218
        4640         1311
        4641          484
        4644          279
        4648            0
        4650         4537
        4653         1886
        4655          267
        4661           21
        4662          642
        4663          241
        4669         6020
        4670         1426
        4671          270
        4674           54
        4677           32
        4679          704
        4680         4360
        4682           63
        4686          529
        4687         3630
        4688         2147
        4694          296
        4695         4057
        4696          306
        4700           11
        4701         5350
        4705         1506
        4706          533
        4711          316
        4713         2841
        4715         3865
        4716         2698
        4718         2243
        4719         2024
        4720          695
        4723         3134
        4726           74
        4731         1922
        4740          439
        4741         2937
        4742          289
        4743         1053
        4744         3889
        4745          507
        4746          311
        4747          469
        4749         1816
        4752         5679
        4756         4258
        4760         4821
        4761          792
        4765            5
        4766          181
        4767           59
        4770          228
        4773         3429
        4777         3530
        4778          663
        4780         5470
        4785          429
        4790           31
        4792         1762
        4793         2112
        4797          110
        4804          107
        4806         3694
        4807         1296
        4813         3608
        4817          632
        4823          235
        4825           74
        4827          118
        4828          623
        4829          117
        4832           19
        4833         3712
        4835         2111
        4837         4105
        4839         1319
        4840         1650
        4841            2
        4843          642
        4847         3770
        4848          401
        4852          279
        4856          279
        4860          446
        4862           25
        4871          139
        4872           81
        4878           93
        4879         4532
        4880            0
        4883         7285
        4884         1450
        4886          924
        4888          486
        4890         4397
        4893         3530
        4898         1111
        4900         1437
        4901         1686
        4902          250
        4904          432
        4906          378
        4907         6633
        4908          648
        4912         3136
        4913         1303
        4914         3224
        4916           74
        4924          309
        4925          296
        4926          293
        4930         1616
        4933         3997
        4934         2472
        4937          642
        4939           18
        4940         4510
        4945          346
        4948         1342
        4959         7598
        4960         3102
        4968          100
        4969          110
        4972          142
        4974         1704
        4975         5297
        4986         2293
        4995         2661
        4999         5832
        5001         2870
        5003         5142
        5004           25
        5005            0
        5007         4001
        5008         2026
        5011            0
        5012         1484
        5015          190
        5016         1293
        5018         6630
        5021         1982
        5022         5078
        5023         2294
        5024         1261
        5025           77
        5029           15
        5031            0
        5034         2649
        5039           72
        5040         8660
        5041         3554
        5042         7307
        5044          538
        5045         2306
        5046         5946
        5047           76
        5050         4332
        5054          309
        5055           36
        5060         7528
        5068         6550
        5071          190
        5085         7650
        5089         6372
        5090          107
        5094         4621
        5098          922
        5100          232
        5101         5929
        5104         3506
        5105          457
        5108         6662
        5118          668
        5119          532
        5120          109
        5122         2765
        5130         4447
        5131         5192
        5137         8977
        5138         3488
        5139         2607
        5146         6176
        5147           25
        5148         2237
        5152          504
        5153         2176
        5154          324
        5157            0
        5162         8864
        5165           27
        5166         4669
        5173          757
        5174         4724
        5177         4892
        5183          156
        5187         1131
        5188           11
        5190         2841
        5191          287
        5196         1435
        5197          121
        5199          154
        5200          222
        5204          385
        5206           14
        5207         1090
        5213         2146
        5214         2714
        5218         8688
        5223         5472
        5226         4097
        5231         5151
        5234           20
        5235          324
        5237         1718
        5238          520
        5242          325
        5248         2501
        5253         5915
        5254          868
        5258           53
        5263           18
        5265         3919
        5270          641
        5271            0
        5277          190
        5280         5956
        5281         1138
        5287         2697
        5292          179
        5297          240
        5301         3873
        5305          925
        5306         4631
        5313          578
        5318          134
        5321         3885
        5325           62
        5327          617
        5340         1631
        5343          628
        5347          356
        5348         1520
        5349           14
        5350         1457
        5351         2949
        5354           39
        5356         1123
        5358         2111
        5360          242
        5361         3439
        5366         2228
        5367          899
        5372         2280
        5376          293
        5379          512
        5380          345
        5381          958
        5382         2985
        5383         3243
        5389           12
        5400         2646
        5407           19
        5413         1886
        5416          260
        5417         5488
        5433         5303
        5435          891
        5439           15
        5441         1018
        5443         2261
        5444         6301
        5457          753
        5465          116
        5470         5623
        5471         1273
        5473         1098
        5475          128
        5483          337
        5484         4777
        5489          267
        5492          314
        5493          108
        5494          767
        5495            0
        5496          106
        5497         1054
        5498            0
        5502         1005
        5503           62
        5509         4108
        5513         4706
        5519         6819
        5520          161
        5528         3062
        5531         5098
        5532         5505
        5533         1700
        5534         2948
        5535          389
        5536          436
        5538           96
        5544         2225
        5545         4767
        5552            7
        5562         1004
        5567           39
        5571          610
        5575          119
        5576           16
        5578         1253
        5582         3480
        5585         4866
        5587          169
        5589          316
        5591         4995
        5593         1704
        5594         5281
        5601         2575
        5603         5505
        5607          611
        5616           43
        5620         2499
        5621          222
        5622          460
        5623          181
        5626         1521
        5635         5117
        5640           14
        5645          784
        5647          134
        5655          167
        5657         1733
        5659           33
        5660         2561
        5675          610
        5678         2575
        5688          236
        5689          181
        5691         6323
        5692          260
        5694         2946
        5699         1982
        5700         2058
        5701         6672
        5703          306
        5709         7614
        5710         3757
        5712          315
        5713         1944
        5722         2163
        5723         3416
        5724         5727
        5725         2649
        5729           77
        5730          596
        5731         8123
        5733         2576
        5738          356
        5739         4961
        5742         8246
        5747          702
        5749         2919
        5753          150
        5756          495
        5759         3572
        5762         2402
        5764         1730
        5774         3272
        5775         3906
        5776          666
        5779         5842
        5787         1995
        5793          661
        5795           11
        5800         7210
        5801         1143
        5802          662
        5808         3461
        5809          397
        5812            1
        5813          225
        5814         1433
        5817           62
        5821         1512
        5822         6504
        5823          563
        5826          746
        5830         2129
        5833          487
        5836         6374
        5839          553
        5840          649
        5842         1139
        5844         5829
        5846          169
        5852         2661
        5855         3286
        5857         1746
        5858         1268
        5859         5170
        5866          303
        5869         3464
        5870          195
        5876         6633
        5882         2870
        5883         1692
        5885           19
        5887         1776
        5888         2268
        5890          536
        5892          553
        5894         1092
        5904         1534
        5905         4394
        5908         2000
        5909         3270
        5913           10
        5916            0
        5922         1490
        5925         1515
        5934         6125
        5935         1426
        5939          169
        5940           94
        5942          768
        5943           92
        5949           43
        5953          979
        5958          709
        5963          330
        5969         6867
        5978          528
        5980         3335
        5986         6082
        5989         7510
        5990         3548
        5992         3381
        5994         2877
        6007         3329
        6008         6331
        6011           14
        6013         5273
        6014          964
        6016          117
        6018          311
        6020         1201
        6023          769
        6026          134
        6027          207
        6030           39
        6032          266
        6033         1453
        6034          314
        6035         8632
        6036          829
        6043          475
        6053         7732
        6055          242
        6056          612
        6059         5223
        6060         1743
        6061          121
        6064           66
        6074          386
        6076         4163
        6077          738
        6081           16
        6083         6204
        6084         2327
        6085          424
        6092          625
        6095         7445
        6098          603
        6103         1532
        6104         5320
        6107         1971
        6113         1444
        6121            0
        6122          950
        6123          311
        6124           63
        6129          987
        6137         2883
        6145          764
        6146         6817
        6150         5446
        6154         2059
        6156           40
        6158         3906
        6159         5093
        6160         7480
        6161          185
        6163         1621
        6166         6229
        6168          416
        6170           47
        6173          125
        6175         2608
        6185         1036
        6189          706
        6190         3574
        6193          987
        6203         1740
        6204         8259
        6206         5154
        6207         1805
        6215           62
        6216          224
        6218          591
        6219          452
        6222           40
        6224         6162
        6226          291
        6241         3979
        6244         6763
        6246          106
        6253          206
        6254         6959
        6255           93
        6256         6164
        6259         5888
        6260          581
        6263         9145
        6268          276
        6277          777
        6278         3554
        6281         1274
        6284         7284
        6285         2282
        6289          306
        6290         8533
        6295         6188
        6305          652
        6306         7071
        6307           12
        6314         1737
        6322          520
        6324         4163
        6328         1113
        6329          418
        6333         1014
        6337         3565
        6345         2113
        6348         3770
        6349           28
        6353          772
        6354            0
        6357          324
        6364          197
        6365          589
        6367         4850
        6368          453
        6369         5756
        6372          772
        6376           26
        6383         4052
        6384           93
        6386         1041
        6387         6485
        6391           48
        6392         6942
        6393         1220
        6402           96
        6403         1754
        6406         6382
        6411         4712
        6415         7356
        6416         3429
        6417         1806
        6418          352
        6419            0
        6421          290
        6424          122
        6426         1609
        6427         4046
        6429         1512
        6430           35
        6431         4931
        6435         4686
        6437         2043
        6442         8712
        6443         2318
        6445         3281
        6448          555
        6449          428
        6451         2800
        6458           76
        6463         4148
        6465         2310
        6470          232
        6472           99
        6473         4564
        6474           91
        6478         7344
        6480          768
        6481           12
        6482         1879
        6495         1539
        6498         2666
        6502         1505
        6506         4119
        6507          667
        6508          126
        6509         8283
        6510         3159
        6514         7889
        6517         3495
        6521         6502
        6523          505
        6526          516
        6528           28
        6530          248
        6535         6405
        6536          167
        6538          334
        6542         1501
        6543         1396
        6563           72
        6568          428
        6570         1304
        6572          450
        6573          600
        6574         2576
        6575         1372
        6576           69
        6578         2260
        6593         5266
        6594         2460
        6596         1919
        6598         3404
        6600          207
        6603         6309
        6604         3285
        6605           25
        6607            0
        6608         1445
        6619          106
        6620          374
        6621           26
        6623         3145
        6633            8
        6635         2282
        6638         4717
        6641         1821
        6643         5125
        6653         6476
        6657          271
        6662         1538
        6666         3324
        6672          206
        6673          168
        6677           46
        6679         1544
        6684         1671
        6688          248
        6689            0
        6691          395
        6696          943
        6718          209
        6719         1872
        6725            9
        6727          342
        6732           76
        6738         1866
        6741            4
        6766         6501
        6768          120
        6777          337
        6780         1589
        6788         2974
        6813          608
        6818         2263
        6822         1261
        6825          334
        6826         2188
        6830         4194
        6838          269
        6847           45
        6849         5516
        6852         1028
        6860          589
        6863         2076
        6866         1639
        6868         6796
        6878            0
        6882         3011
        6885           85
        6889          704
        6893            0
        6896         7661
        6897         1190
        6916         1909
        6925          300
        6928         4326
        6931         2744
        6932          220
        6939         3850
        6945            0
        6946           84
        6949          165
        6950          628
        6951           11
        6952          756
        6954           28
        6957         3427
        6960          314
        6962          196
        6965           26
        6972         1066
        6974          895
        6975         4750
        6977           69
        6980          527
        6981          378
        6982          142
        6984            3
        6988          255
        6994         8415
        7001          229
        7009         2904
        7010           77
        7017           26
        7019          231
        7020          828
        7027          201
        7028         3677
        7033         3072
        7047         2311
        7053          516
        7055         1389
        7057           39
        7061           59
        7065          519
        7068            1
        7071         1437
        7073            0
        7077          574
        7079          399
        7086           19
        7088         3718
        7089          238
        7091          156
        7092         3301
        7094          381
        7096          260
        7099          859
        7100         2441
        7101         5926
        7102          643
        7104         1935
        7106          322
        7107           55
        7109         1286
        7114          149
        7115          816
        7116          478
        7122          165
        7123          784
        7127         5711
        7129         7855
        7130          462
        7137         8742
        7138          294
        7139          485
        7141          712
        7145         3441
        7148         4068
        7150         5065
        7153         6047
        7155         5372
        7156         1698
        7166           26
        7170          871
        7185          494
        7187            0
        7192           47
        7197         7118
        7198         1460
        7205         7821
        7206         1090
        7214         2058
        7215         1356
        7228          207
        7237          134
        7244         5283
        7246         3725
        7248            9
        7249          978
        7251         1450
        7253          466
        7258         1115
        7261         1791
        7269         3358
        7271          184
        7272         1108
        7276           95
        7279         4574
        7285         6240
        7287         2611
        7310         4849
        7311         5487
        7318         3928
        7320            7
        7326          519
        7330            3
        7334           18
        7340         4431
        7342         2279
        7344         2535
        7353         2626
        7360         3416
        7366           39
        7368         3362
        7370           90
        7376          182
        7377          897
        7378         1554
        7381           63
        7396         3883
        7397          143
        7403          681
        7405         3764
        7407           11
        7414         1165
        7424          267
        7425           26
        7426         7451
        7431         1554
        7435           31
        7436         2162
        7441         3591
        7443          495
        7452         1335
        7456         3775
        7463           34
        7477            3
        7482         5675
        7485          126
        7493          326
        7497          201
        7503         3898
        7508         4366
        7512          404
        7519          551
        7524           13
        7536         3441
        7543         7421
        7545         2781
        7551         2485
        7559         6167
        7563         1343
        7567          288
        7576         7356
        7578         2460
        7582         3857
        7588         2540
        7589          228
        7592            5
        7596         4492
        7599            0
        7613          205
        7619         2192
        7621          471
        7622          409
        7627          161
        7628         2361
        7630           46
        7635         1545
        7637         3192
        7641         2824
        7645         6806
        7648         1951
        7657         6680
        7658         1718
        7671         2978
        7673         5200
        7680            4
        7681          209
        7682         1242
        7685          106
        7694         7344
        7698          492
        7723          659
        7724         1439
        7737         5603
        7738         2879
        7743         4097
        7746         1986
        7748         3702
        7772         2157
        7784            0
        7785           91
        7786         1493
        7792         1369
        7794          280
        7795         3000
        7796          667
        7798         1897
        7828         1822
        7841           31
        7845         8850
        7848         3002
        7856         3933
        7861         6134
        7865           88
        7875          959
        7881         2304
        7887         7748
        7889           38
        7898         3954
        7901            7
        7908         2860
        7921         1599
        7925          577
        7932          118
        7935          906
        7943          791
        7947         1242
        7965         4002
        7981          926
        7984          699
        7993         3226
        8005          188
        8007          930
        8010          652
        8011         1282
        8012         1133
        8014         1580
        8025         4410
        8028         1405
        8032          300
        8033         2825
        8035          108
        8040          866
        8045         1682
        8048            4
        8055            1
        8068          284
        8072         2669
        8076          231
        8084           50
        8096          479
        8113         1768
        8123         2259
        8126           17
        8143         8377
        8145         3220
        8151         2909
        8159         4106
        8160         1444
        8161           20
        8168           19
        8169           48
        8170           47
        8172         1150
        8183            0
        8187           48
        8192          284
        8204           23
        8205          164
        8213          277
        8221         6310
        8241         4761
        8242          750
        8243            3
        8245          290
        8251         3695
        8256         5435
        8259           47
        8260            7
        8262           37
        8264         5202
        8265         1108
        8270         1874
        8277         1737
        8290          969
        8309         6362
        8322         2210
        8343         3667
        8344          138
        8349          683
        8354         2201
        8356           26
        8358          350
        8376          666
        8379         7957
        8383          334
        8393         6711
        8394          246
        8411           66
        8413         1156
        8429         2629
        8436           19
        8443           14
        8445          954
        8447          341
        8449          405
        8454         1894
        8461          217
        8462         1323
        8476         3371
        8485         1034
        8488         7276
        8492         1894
        8502            1
        8509         2538
        8516         1563
        8519           13
        8525          885
        8530         7684
        8536          512
        8547           26
        8551         7737
        8553          204
        8568         3390
        8569         1386
        8574         2469
        8582         1592
        8588         1585
        8603          605
        8613          785
        8621            1
        8627          970
        8628         5550
        8635          340
        8637          937
        8646          277
        8652           15
        8657           18
        8658         2731
        8670          896
        8672          779
        8675           10
        8678          377
        8704          842
        8755         3600
        8761         3007
        8767         1742
        8771         2401
        8777           47
        8778          105
        8779         2618
        8785           88
        8786          423
        8793          114
        8803         1603
        8805           35
        8812         2575
        8826         3224
        8827          130
        8834            1
        8836           65
        8847         7000
        8856         3571
        8857         1664
        8861          749
        8874          277
        8877            0
        8889         2254
        8908          152
        8929          469
        8936         3802
        8945          604
        8950         6700
        8958          674
        8969         3456
        8981         1407
        8995          989
        9004           41
        9009          168
        9029         1691
        9031         4472
        9033         5034
        9040         1168
        9050         1689
        9052          870
        9069         3140
        9072          170
        9081          170
        9095         2406
        9099         1916
        9114          384
        9115            0
        9116          119
        9132          511
        9134           25
        9147          197
