# HaloID(1) HaloID(2)
           0            0
           1            1
           2            6
           3            2
           4         2763
           5         1572
           6            0
           7            8
           8            9
           9           54
          10           10
          11         5275
          12           12
          13           13
          14           93
          15          880
          16           16
          17           19
          18           17
          19           18
          20           32
          21           21
          22         3541
          23         3111
          24         3977
          25          366
          26           26
          27         8093
          28           28
          29          402
          30         1168
          31           20
          32          568
          33           31
          34          695
          35         1384
          36          684
          37          180
          38          212
          39           25
          40          506
          41         1956
          42         6201
          43           43
          44            2
          45         6984
          46         2922
          47          158
          48          365
          49          911
          50          277
          51          528
          53          187
          54         4948
          55         1760
          56          209
          57           24
          58           10
          59          307
          60         1146
          61         5884
          62         3065
          63         7046
          64          418
          65          916
          66         2305
          67         2881
          68         3088
          69           97
          70          593
          71         5272
          72         4945
          73          994
          74         1986
          75         2233
          76          595
          77          692
          78         5552
          79         3000
          80         3607
          81           54
          82         7366
          83         7961
          84          931
          85         2939
          86          149
          87          205
          88          463
          89           87
          90         2496
          91         2959
          92         7267
          93           94
          94         3197
          95         6374
          96           95
          97          824
          98         1021
          99           12
         100         3081
         101         4142
         102         2654
         103         8141
         104         5264
         105         5062
         106          170
         107          107
         108          396
         109          649
         110          116
         111         9055
         112          424
         113         2857
         114         7528
         116           24
         117          361
         118         3094
         119         6584
         120          221
         121         1417
         122         2763
         123          249
         124          239
         125          192
         126          131
         127         2259
         129          788
         130         7986
         131         7471
         132         2408
         133          137
         134          600
         135          815
         136         1280
         137         4013
         138         3703
         139         8978
         140         7889
         141          365
         142         3682
         143          492
         144          346
         145          824
         146          145
         147           12
         148         8622
         149         3358
         150         1219
         151         7389
         152         4409
         153         4021
         154          913
         155         8815
         156          967
         157         5992
         158         2333
         159            9
         160           47
         161          157
         162          129
         163          422
         164         1882
         165         7029
         166         4461
         167          163
         168          247
         169         6670
         170         3965
         171          336
         172          120
         173           43
         174           74
         175          384
         176         6411
         177         4834
         178         1302
         179          176
         180         1085
         181          464
         182         2390
         183          496
         184            5
         185         2151
         186           12
         187           12
         188          617
         189          129
         190         4238
         191          320
         192          204
         193            9
         194          874
         195          105
         196         4576
         197           21
         199         4885
         201         1723
         202         3044
         203         8329
         204         3903
         206         6194
         207          205
         208         3354
         209          193
         210         1390
         211            4
         212           60
         213         6164
         214          710
         215         2170
         216            2
         217         2073
         218         4471
         219         3708
         220         6436
         221         1381
         222         4613
         223         5218
         224         1611
         225         1473
         226          210
         227         1442
         228         5574
         229         6986
         230          244
         231         6844
         232         6215
         233         3030
         234         3419
         235         2740
         236         2706
         237         4040
         238         8042
         239         4346
         240         2208
         241          263
         242         3225
         244           11
         245          824
         246         8935
         247          178
         248         5997
         249            0
         250          253
         251          446
         252         3192
         253           11
         254         4543
         255         7056
         256           91
         257         3402
         258          101
         259          256
         260          244
         261         5166
         262         7410
         263         5176
         264         3237
         265         1233
         266          465
         267         1908
         268         3541
         269         3954
         270          343
         271         6880
         272         6536
         273         2280
         274         1080
         275         1870
         276         5445
         277           14
         278         3067
         279          513
         280         5049
         282         4699
         283          502
         284          212
         285         7559
         286          994
         287          589
         288         6140
         289         4676
         290         4614
         293         2292
         295         1982
         296         8010
         297         1022
         298          300
         299         1529
         300         1694
         301         4030
         302          430
         304         5282
         305          579
         306         1172
         307         2135
         308          112
         309           39
         310         1179
         311            3
         313         7214
         314         5519
         315         4164
         317          323
         319          335
         320         6964
         321          824
         323         3395
         324          118
         325         3044
         326          307
         327         3866
         328          331
         330         3651
         331           59
         332         1483
         334          379
         336         4233
         337         1892
         338          337
         341         4971
         342         4298
         343           47
         344         1942
         345          531
         346         6452
         348          348
         349         1398
         350          697
         354         1226
         355          668
         356         5824
         357         2743
         358          528
         359          129
         360         5748
         361         8304
         362          535
         363          814
         364          360
         365          499
         366           40
         367           29
         369         1840
         370          517
         371         9154
         372          220
         373         1002
         374          374
         375         1711
         377         3693
         378           94
         379         1141
         380         7242
         383          771
         384         3194
         385         6128
         386         1662
         387          176
         388         1913
         390         3098
         391         2050
         393            0
         394         7619
         395         6204
         396            0
         398         1462
         399          432
         400         2606
         401           98
         402         7428
         403         5956
         404         5439
         405          227
         406         5912
         407         1365
         408         3157
         409         1267
         410           29
         411          774
         412          412
         413          944
         414         7681
         416           54
         417           39
         418          494
         420           33
         422         1235
         423         5350
         424         2298
         425            0
         426         6256
         427          327
         428         1281
         429         1402
         430         5885
         431         7241
         432         4447
         433         7682
         434         6291
         435          443
         436         5431
         437         2051
         438          220
         439         6091
         440           95
         441         3045
         442         2938
         443          115
         445          598
         446         7035
         448         2453
         450         1964
         451         1126
         452            0
         453            0
         454         5430
         455          584
         457         7853
         458         2910
         459          193
         460          209
         461         5045
         462         9097
         463         1756
         464           47
         465          338
         466         1168
         467         1242
         468         2348
         469         2555
         472          150
         473          486
         474          741
         475          487
         476           37
         477           75
         478         1053
         479         8846
         481          461
         482           75
         483          265
         484         2791
         485         1464
         487         7388
         490         3111
         491         1503
         492         1190
         495         2433
         496         3287
         497         4786
         498         5447
         499          221
         500         7881
         502         5403
         504         5239
         505         1737
         506         3909
         507         6668
         508          979
         511         8659
         512          512
         514          296
         515         7537
         516           84
         517           44
         518         2362
         519          691
         520          460
         522          693
         523          486
         524          447
         525          521
         526         1815
         527         7235
         528         3077
         529         2688
         530         1906
         532         2609
         533         6095
         534         5181
         535         5393
         536          459
         537          110
         538         5915
         539         1018
         540         1925
         542         3173
         543         6291
         544         2482
         545          193
         546           82
         547         2489
         549         1863
         550          499
         551         1863
         553         5608
         554          826
         555         3423
         556         3039
         557          897
         559          376
         561         2765
         562         2140
         563         1125
         564         7108
         565         1258
         566          616
         567         2396
         569         1172
         570          696
         571         2025
         572         1141
         573         6587
         574         1040
         577         6428
         579         2225
         580           77
         581         1584
         582          592
         583           12
         584         3774
         586          575
         587         2825
         588           19
         589          653
         591          594
         592         8994
         594         4178
         595           82
         596           67
         597         3755
         598         7575
         599         1168
         600         5136
         601         3365
         602         1562
         603         2582
         604         5366
         607          506
         608          103
         609         4794
         610            3
         611         2940
         612         5496
         613           35
         614         8716
         616          731
         617         7576
         619          369
         621          768
         622         2326
         624          521
         625         3774
         626         2411
         627          215
         628          278
         630         3091
         631         8957
         632          633
         635          260
         636            9
         637            1
         639         2310
         640          295
         641         6825
         642         8907
         643         7434
         644         2048
         645           82
         647           88
         648          102
         649           39
         650          828
         651          155
         652         7936
         654         7647
         655         1680
         656           70
         657         1369
         658         3065
         661         6723
         662          261
         664          254
         665         4645
         666         8382
         667         4090
         669           45
         670          186
         671         2716
         672           10
         673           16
         674         1202
         675          999
         676          452
         677           36
         679           13
         683         8221
         685         5824
         686         3010
         687         3696
         688         1126
         689         8190
         691          950
         694         1370
         695         5008
         696         6196
         697         5757
         699         4392
         701          825
         706          261
         707         1402
         708         2949
         710         5037
         711         4467
         713           12
         714         3320
         715         6382
         716           18
         717         8203
         718         3814
         719         5085
         720          524
         722            2
         723          136
         724         4021
         727         7429
         728         1831
         729         4113
         730         2470
         731         3094
         732         1189
         734         3505
         735           79
         737         4516
         738         3197
         739         2662
         740          524
         741         6950
         742         1218
         743         3376
         744           35
         745         1661
         747         6273
         749         6322
         750         1384
         752         6416
         753         3192
         755         1499
         756         1580
         757          158
         761         6495
         762         4758
         764          485
         765          508
         766          157
         767         3957
         768          952
         769         2537
         771         1239
         772          911
         773          403
         774         2921
         776         2405
         777            7
         778         8840
         779           20
         780          550
         781         1661
         782         1377
         783           16
         784         1268
         785         1950
         786         6188
         787         2844
         788         1349
         789          383
         790         7100
         792          928
         793          161
         796          668
         797          809
         798         1247
         801         6080
         802         1554
         804           87
         806            9
         807         1561
         808          261
         809         2671
         810          858
         813          459
         815         1270
         816          142
         817         1561
         818         3923
         819         2609
         822          629
         823         2588
         824         1805
         825         2418
         827          495
         828         7471
         829         7798
         830         3566
         831         1003
         833         5779
         834         1075
         836           11
         837         4359
         838         1404
         839          305
         841          676
         842          153
         844           28
         845         1012
         847          387
         848         1499
         850          392
         851         1408
         852         4054
         853          613
         854         2927
         855         1392
         856           79
         857          158
         858          148
         859         2855
         860         2116
         861         1864
         862          145
         863          383
         864         6269
         865         5262
         866         6927
         867         2298
         869         1251
         870          109
         872         1714
         873          215
         874         4997
         875         2487
         876          533
         880         6114
         882         1749
         884         3057
         885         1399
         886            1
         887         6765
         888          462
         889           22
         890           34
         891          543
         892         5544
         894         4609
         895         3651
         896         1185
         897         4464
         898         5840
         899          896
         901           50
         902         2723
         903         3984
         904          905
         905          893
         906         7288
         907           98
         911         3004
         912         2358
         915         4742
         917         1892
         918         1161
         919         1767
         921          164
         923          922
         924         2173
         925          977
         926         2922
         928         7845
         930          947
         932          559
         934           91
         935          916
         936         1654
         937         1283
         939          826
         940         3310
         941         2061
         942          951
         943         2919
         944         8843
         945          238
         946         5239
         947         5961
         948         1098
         949         5279
         950          930
         952          392
         953         1377
         954         2954
         956         2823
         958         4055
         959          140
         960         4298
         962         2059
         963         2622
         964         2675
         965         2270
         967         8705
         968          743
         969          919
         970          950
         972         7118
         973          100
         974          444
         975          802
         977         2591
         978         5808
         979          400
         981          339
         982          313
         983         3928
         984           27
         985          486
         987           56
         989         8347
         990           78
         991         3703
         992          461
         994         5203
         995          928
         996          822
         998         8815
         999           21
        1001          683
        1002         4298
        1004         8030
        1005         1196
        1006          728
        1008         5821
        1009         4409
        1013         6547
        1014         1125
        1015         7371
        1016         1737
        1018           35
        1019         1010
        1020         1074
        1021          886
        1022         6072
        1023         1004
        1024         6745
        1026          328
        1027         1895
        1028         7039
        1029         1266
        1031         5211
        1033         8241
        1034         4142
        1035         4133
        1036         3881
        1037         1649
        1038          308
        1039         7461
        1040          376
        1041         7900
        1043         1372
        1044         3013
        1045          254
        1046         1040
        1047            8
        1048         1035
        1050         5283
        1051          291
        1052          599
        1055         3669
        1056          270
        1059         1089
        1061          167
        1063           37
        1064          235
        1066          385
        1067          474
        1068         1796
        1070         4901
        1071          150
        1072         1072
        1073         2808
        1074            0
        1076         2772
        1078         3233
        1079          586
        1081          239
        1082         5445
        1083          186
        1084          974
        1085          390
        1086         7037
        1087          444
        1088            0
        1090         5669
        1091          104
        1092         6854
        1096           20
        1098         8323
        1099          168
        1100         1350
        1102           82
        1103         4898
        1104         5858
        1106         1083
        1111         5507
        1112           26
        1113          383
        1114          333
        1116         1515
        1117         1136
        1119         6043
        1124           35
        1125         4832
        1127         5739
        1131          851
        1133         5824
        1137         1137
        1138         6426
        1139         3574
        1141          251
        1142          265
        1143         6090
        1144           70
        1145         1942
        1149          810
        1150         6643
        1153         2939
        1154         1151
        1156         2820
        1157         3849
        1158          138
        1159            3
        1160         1048
        1162            0
        1163          645
        1164         1185
        1165          471
        1166         2011
        1167         6353
        1170           27
        1171           39
        1172         3486
        1173          183
        1174         3395
        1178          787
        1179         6249
        1180         3168
        1181         5009
        1182         3037
        1184         2191
        1185         4999
        1186         3053
        1188         8260
        1189         2178
        1190         3053
        1191          345
        1192         4423
        1193         1189
        1194          101
        1195           81
        1197         7559
        1198         2346
        1199         4328
        1201           91
        1202         7516
        1203         3807
        1205         2156
        1206          378
        1207            6
        1209          869
        1210           34
        1211         1213
        1212         2461
        1213         6491
        1214         6582
        1215           12
        1216         2187
        1217         6985
        1218          173
        1219          884
        1220            0
        1223         1224
        1225         3628
        1227         6629
        1230         6274
        1232         1845
        1234         1732
        1235          961
        1240         1675
        1241         6481
        1242          692
        1243          957
        1244          740
        1245         3838
        1246          650
        1247          744
        1248         6272
        1250         2820
        1251         1946
        1256          180
        1257          544
        1258          748
        1259         2949
        1260         6146
        1261         2629
        1262          248
        1266         5369
        1267          712
        1268         1255
        1269         1514
        1270         8853
        1271          442
        1273         7294
        1274         2390
        1277          315
        1278         7033
        1280         7596
        1282         1607
        1284         2438
        1285         2005
        1289         6769
        1290           52
        1291         5478
        1293          143
        1294         6155
        1296         1689
        1297         1087
        1298          612
        1301          102
        1303         5272
        1304         2318
        1305          790
        1306         2732
        1308         3007
        1309         2678
        1312          542
        1313         5916
        1315          853
        1317         3811
        1318           41
        1319          212
        1320         5531
        1321          719
        1328         5052
        1329         1334
        1331         5674
        1332         3902
        1336         1467
        1338         7234
        1339         5045
        1340         2973
        1342         4104
        1343         2192
        1344           23
        1345         1420
        1346         3701
        1348          852
        1349         1589
        1350         4235
        1351         1055
        1352         4021
        1354           23
        1355         2532
        1356          425
        1358           34
        1359         1014
        1360         1377
        1362         2831
        1364         5966
        1366         1335
        1367          725
        1368         4179
        1369          398
        1370          524
        1371         3782
        1372          138
        1376            0
        1377         2867
        1378         6107
        1380         3611
        1382          543
        1383          217
        1385         7590
        1386         4158
        1387         7242
        1388         3415
        1390          206
        1393         7771
        1394           77
        1396         4211
        1397         8171
        1398         7250
        1399         1371
        1400         1318
        1403           11
        1404         1257
        1410          156
        1411         1399
        1412         2479
        1415         1249
        1416         2459
        1418         4200
        1419         2541
        1422         1411
        1424          320
        1425         2916
        1426          218
        1427         2481
        1428         7563
        1429         1085
        1430         4116
        1431            4
        1432          777
        1433         1446
        1436         7932
        1437         3651
        1439         2734
        1440         2867
        1441          250
        1442         3991
        1443          216
        1444          305
        1445           94
        1446         6183
        1447         6218
        1450         2278
        1451         5243
        1453          126
        1454          414
        1457         1399
        1458          449
        1459          403
        1462          415
        1463         3121
        1464         1294
        1467         1003
        1468         1441
        1470         1530
        1473         5478
        1474          492
        1475         5488
        1477         3144
        1480         3513
        1482          469
        1483         5312
        1484         2636
        1486         1084
        1487         2923
        1490         5150
        1491         7379
        1492          136
        1495         1392
        1496           17
        1497          192
        1498         1073
        1501         1369
        1502         3910
        1503         1679
        1505         7060
        1506         3106
        1507         2432
        1508         6786
        1509         4443
        1514         4068
        1515         1836
        1516           53
        1517          322
        1518         4115
        1520          156
        1521         2540
        1525         1490
        1528         4489
        1529         3903
        1532         2888
        1533         1544
        1534            2
        1535         1818
        1538           59
        1539         3788
        1540          242
        1543         1878
        1544         3037
        1546         1533
        1549         9071
        1553         7664
        1554         2097
        1555         2150
        1556         3138
        1559          464
        1560         1846
        1561         3109
        1563          115
        1565         8904
        1567           34
        1568         4235
        1569         2545
        1570         3073
        1572         4565
        1573         6050
        1575           80
        1577            0
        1578          509
        1579          486
        1580          249
        1581         6851
        1582         6155
        1583          393
        1589         3894
        1590           11
        1591          706
        1592          852
        1593         4463
        1596         3004
        1599         8385
        1601         1131
        1605          568
        1607         4020
        1609         5767
        1614          594
        1617         2035
        1621         1591
        1622         3180
        1624          223
        1625          101
        1626         4748
        1628           43
        1630          332
        1631          495
        1633         2398
        1634           42
        1636         1892
        1637         7697
        1638          788
        1639          105
        1640         1618
        1642         6612
        1643         1400
        1649          100
        1653          559
        1654         1040
        1656         5535
        1657         2000
        1658         1351
        1659          943
        1660         6823
        1662          502
        1663         6366
        1664         3689
        1665         2776
        1667         4013
        1668         1013
        1669           14
        1671         1669
        1674         2599
        1675           84
        1677          339
        1684           11
        1686           72
        1690         1662
        1691         4325
        1692         1477
        1694          929
        1695         4791
        1696         5181
        1697         7515
        1700          249
        1702         1390
        1703         4444
        1704         6293
        1705         7198
        1706         7873
        1707         1021
        1708         1684
        1710         2490
        1712          261
        1713         1627
        1714           39
        1718         5098
        1720          156
        1721           94
        1724         2396
        1726         1704
        1730         3784
        1731          739
        1732         2685
        1733         3663
        1734         5448
        1736          409
        1737         1205
        1738          388
        1739          217
        1740          753
        1742         3771
        1743         1226
        1744          509
        1746          911
        1747         1578
        1748          151
        1751          653
        1752         3397
        1754           17
        1757          613
        1759          428
        1760          280
        1762         3365
        1767          907
        1768         5488
        1770         1530
        1771         2604
        1772         1273
        1773         1687
        1775           66
        1777         2073
        1778         1043
        1779         1098
        1781         4289
        1782          991
        1786           97
        1787         4282
        1789         2106
        1790         7471
        1791         3514
        1792          525
        1793         1715
        1794          213
        1796         1376
        1797            0
        1798         2512
        1799         2135
        1802         6829
        1803         4854
        1804            0
        1806         1229
        1807           68
        1808         5853
        1809         6442
        1810          692
        1811          570
        1813         1002
        1816         1647
        1817         2487
        1819         1794
        1821         4235
        1824         4437
        1825         6455
        1828         5155
        1830          692
        1831         6141
        1832           11
        1834         4036
        1839         1036
        1840         1301
        1841         4529
        1842         5469
        1843         4516
        1844         2375
        1845         2445
        1846          327
        1851          447
        1852          161
        1854         1815
        1857          351
        1858         2848
        1859         3866
        1862         8946
        1863            2
        1864          277
        1865         3146
        1866         1534
        1868          571
        1874         5759
        1877         3288
        1882         1993
        1884          155
        1885          810
        1886         1179
        1888         5824
        1890          927
        1891           68
        1897          819
        1899         8384
        1903         4398
        1906         5887
        1909         4066
        1910         5263
        1913         1196
        1914           12
        1916          453
        1917          134
        1918         1916
        1919         8351
        1921         3358
        1922         3004
        1923          620
        1924         6133
        1928         1347
        1931         1898
        1934         2192
        1940         6844
        1941         1248
        1944         1941
        1945           58
        1946         1189
        1947          219
        1949          235
        1950         4298
        1954         3588
        1957         1882
        1958         3776
        1959         1933
        1960         2057
        1962          283
        1963          292
        1964         2508
        1967         6597
        1968         1920
        1971         1055
        1972         7834
        1974          243
        1975         5281
        1976         1468
        1978          427
        1982         4091
        1984         1603
        1985          666
        1987         1148
        1988          814
        1989         1213
        1995          726
        1998          618
        1999            0
        2000         7365
        2001           42
        2002          422
        2004          150
        2005         3481
        2006           28
        2007         1890
        2008           20
        2017           26
        2019         1747
        2021         3052
        2023          816
        2024         2038
        2025         1930
        2026          934
        2027         3402
        2028         5841
        2029         2973
        2030         2040
        2031         6052
        2032          787
        2034         1287
        2037           38
        2038          566
        2039          119
        2041          616
        2043         1383
        2044         1097
        2046         5472
        2053         5536
        2055         1455
        2058         7462
        2060          961
        2061          204
        2064          460
        2066         5481
        2067           21
        2069         1867
        2070          177
        2072         6452
        2076         1003
        2078         8520
        2079         4566
        2080          813
        2082          869
        2083         4943
        2084          212
        2086          256
        2087         2097
        2088          861
        2090           63
        2093          630
        2095         6146
        2101         1479
        2102          263
        2104         2925
        2105           50
        2106         6983
        2108         3894
        2109         1920
        2110         2947
        2111           54
        2112         2267
        2113         6807
        2118          184
        2119         5915
        2120         1247
        2121         6383
        2124         2833
        2129         2100
        2131         6984
        2133         3954
        2137          485
        2139          598
        2143         1718
        2144          939
        2146          726
        2148           63
        2153         2192
        2155         3276
        2157         3179
        2158          377
        2162         4826
        2163         3231
        2166          610
        2169          463
        2173          854
        2179         3891
        2181         1976
        2182          450
        2183         1617
        2186          631
        2187          222
        2188         5721
        2190         1289
        2192           76
        2193         2933
        2196         1962
        2200         2763
        2202         3403
        2210           39
        2211         1811
        2212          889
        2213           20
        2214         1962
        2216         1798
        2222          241
        2223         5619
        2224         3327
        2225         2522
        2231         4876
        2232         1279
        2233         2047
        2235          255
        2238           84
        2241         6986
        2243          304
        2244         7055
        2245            8
        2246          149
        2247         1921
        2251         1175
        2252           82
        2253         2440
        2254         5333
        2257         5816
        2259          112
        2261         5265
        2264         2259
        2266         2412
        2268         1125
        2271          326
        2274          142
        2277          649
        2278         1378
        2280          511
        2281         4901
        2284         3461
        2285            0
        2287         8580
        2288         3111
        2289          164
        2292          177
        2293         2284
        2294         1868
        2296         6316
        2297            4
        2298          935
        2304         3050
        2305         1277
        2307         2674
        2308          235
        2309          346
        2310          680
        2311         2192
        2313            0
        2316         7913
        2317          276
        2318          385
        2322         4790
        2324         2301
        2325         3114
        2327         4592
        2329           11
        2331          381
        2332         1994
        2333          168
        2335         5355
        2336         1857
        2341           87
        2344         4293
        2345         7056
        2349         4677
        2351            2
        2352          923
        2357          950
        2360         7502
        2361           36
        2364          504
        2365         8967
        2367          649
        2369         2325
        2370          139
        2371         1172
        2372          564
        2373          518
        2374         2312
        2375         1510
        2376         3213
        2378         1983
        2379         3575
        2382         7311
        2384           20
        2386          156
        2387          718
        2389         5032
        2396         6167
        2397         2883
        2399         4073
        2400         1263
        2402          221
        2405         1195
        2409          138
        2411         1135
        2412          539
        2413         1507
        2419            0
        2421         4199
        2423         1195
        2426         1039
        2428         8276
        2429          931
        2431          167
        2435           19
        2438          202
        2439           11
        2440         6627
        2441           12
        2443         1662
        2445           95
        2446         2852
        2448         3260
        2451          154
        2452          587
        2455         2528
        2456         1393
        2457         2914
        2459         2460
        2461          116
        2462         1501
        2464         3092
        2469          136
        2471         1398
        2475         1491
        2476         6517
        2477         2546
        2478          376
        2479         3399
        2480         3197
        2482         5872
        2485         2929
        2486           98
        2487          128
        2488         6765
        2495          325
        2497            0
        2500         4968
        2501         4282
        2505         3065
        2507         2462
        2512           34
        2513         4773
        2516          280
        2517         2450
        2521         1689
        2522          216
        2524         1266
        2525          276
        2526         5158
        2527          366
        2529         1805
        2536           72
        2538          224
        2540          459
        2541          592
        2542         2309
        2544         7562
        2545         1726
        2547         5759
        2552          450
        2554           93
        2558         2499
        2559         2427
        2561          885
        2564            4
        2566         5533
        2567         5097
        2568         4153
        2569           38
        2571          574
        2572         1202
        2574          119
        2575         2583
        2578         1133
        2579         1649
        2580         7814
        2581         4418
        2586         1136
        2588         6224
        2592          160
        2593          614
        2594         6896
        2595         5485
        2600            1
        2602         5175
        2603         2082
        2606           21
        2607          379
        2608         7774
        2610         1569
        2612          447
        2613         5504
        2618          536
        2619          616
        2623         5664
        2624         8187
        2626         5244
        2628         5764
        2629         5353
        2630          268
        2634          758
        2637         2400
        2638          941
        2640         1513
        2644         1116
        2646         1910
        2648         2759
        2649         1287
        2650          143
        2651          871
        2653         3044
        2654         4851
        2658         1981
        2659         1050
        2660         5353
        2661         6204
        2662         3015
        2664          157
        2665         1084
        2666         2312
        2668         1276
        2669         2651
        2672           21
        2673         3406
        2676         1864
        2679         2896
        2682         3176
        2686         3582
        2692          197
        2694            0
        2695         4104
        2697         2339
        2698         2000
        2700         4698
        2701         1461
        2703         8805
        2705          127
        2706         4729
        2707          236
        2710         1641
        2711         3096
        2713         6023
        2715         6050
        2717         2388
        2719         3041
        2720          790
        2722         2773
        2723          645
        2724         3223
        2726           31
        2729         3245
        2730          385
        2738          765
        2740         2532
        2757         3337
        2758           18
        2760         1474
        2762          803
        2765           92
        2775           37
        2779          203
        2781          103
        2783         4639
        2785         7621
        2786          102
        2789          197
        2791           28
        2792          160
        2794          260
        2795          514
        2796          120
        2797         3459
        2799         6224
        2800         7657
        2803         4997
        2804         8323
        2806          559
        2808           49
        2809            6
        2811         1952
        2813         5535
        2814          114
        2815         8592
        2816          204
        2817         2356
        2818         1964
        2819         7813
        2820          611
        2822          331
        2823         1204
        2827         5778
        2829         6681
        2831         4524
        2832            5
        2833         4858
        2839         2206
        2840         3173
        2841         4661
        2843         4610
        2844         2037
        2846           16
        2848         1914
        2849          338
        2850         2096
        2851         6744
        2855          253
        2858          315
        2859          538
        2860          706
        2864            9
        2865         3204
        2869         2183
        2874         8835
        2875         5123
        2876          626
        2877           21
        2878          227
        2879         3008
        2886         2896
        2894          144
        2896          366
        2899          206
        2900          247
        2902          491
        2904            5
        2906         1115
        2907         1043
        2909          100
        2915         6491
        2916           91
        2917          176
        2918           53
        2919          449
        2924         3989
        2925         1490
        2926         3403
        2928         1908
        2932          437
        2933         4778
        2934         1796
        2935          748
        2939         1146
        2941         3786
        2945           36
        2946         3615
        2947          220
        2948          136
        2951         5007
        2952         1479
        2955            0
        2958          393
        2960            0
        2961           27
        2962         3897
        2964         2336
        2965         2522
        2966         2364
        2970         1025
        2972         3385
        2974         2546
        2975         7228
        2977          590
        2983         6154
        2986         4153
        2987         1766
        2988          700
        2994         2522
        2995          117
        2996         2631
        2998         2629
        2999         1379
        3000          305
        3001         1351
        3002         4377
        3003          220
        3011         1479
        3012         5555
        3013          767
        3020         1162
        3026         7907
        3027          954
        3034          100
        3040         1197
        3046           78
        3048         7690
        3049          278
        3050           20
        3052         5826
        3054          561
        3056           61
        3057         7071
        3058         2257
        3059            9
        3060          167
        3061         6300
        3062          229
        3064          137
        3066         5175
        3067           25
        3068         7544
        3070         4285
        3071          206
        3074          760
        3075          790
        3082         7497
        3086         6346
        3087           39
        3088           94
        3089           50
        3090         8304
        3091         3170
        3093         4658
        3094            0
        3095         8865
        3097            9
        3098          425
        3104          101
        3106          260
        3109         2151
        3112          217
        3116         2397
        3117          405
        3120         8978
        3122          685
        3124          120
        3129         1771
        3135         2098
        3137            2
        3138          222
        3139         3089
        3145          817
        3146          426
        3148            0
        3149         1218
        3150          334
        3151            3
        3153         2172
        3154         2681
        3157          515
        3159          395
        3160         7975
        3162         8046
        3163         3227
        3164         2418
        3165         8475
        3167            2
        3168          507
        3169          414
        3171          633
        3173         5623
        3175         2821
        3176          719
        3177         1158
        3179          539
        3180         1832
        3188         7108
        3191         1227
        3193          718
        3198         4806
        3204         3631
        3208         2793
        3209          343
        3213          338
        3217         5489
        3219         2278
        3220         1946
        3221         6554
        3223           18
        3224         1408
        3225         7388
        3226          886
        3228         2279
        3235         2604
        3243           75
        3245          677
        3248         1102
        3249          708
        3254          399
        3255          101
        3257         1829
        3261         1173
        3262         3154
        3266         3318
        3267         4742
        3268            2
        3272         1981
        3276         4164
        3277         5391
        3281          425
        3285         1376
        3287          795
        3288         3283
        3290         3693
        3292         2150
        3295          236
        3297           65
        3298          468
        3300           61
        3301          928
        3303           94
        3304         3703
        3306         1574
        3307           83
        3308         7707
        3312         5879
        3313          949
        3315          661
        3316          387
        3317         2759
        3318          863
        3319         3830
        3320          746
        3323         1810
        3325         4033
        3328         3010
        3330         7596
        3331          759
        3332          941
        3333         4063
        3335           28
        3336         2687
        3338         1276
        3339          135
        3340          248
        3342         1981
        3345          570
        3347          563
        3348         8473
        3349           83
        3350         3349
        3351          163
        3354          376
        3356          210
        3361         4807
        3362           25
        3364          110
        3369           44
        3376         3088
        3385         2815
        3386         4199
        3387         1311
        3388          225
        3394         1739
        3395         1930
        3397         4781
        3402         6404
        3404         2030
        3406            0
        3407         6215
        3408         2632
        3409         3421
        3412         1816
        3417            9
        3418         7109
        3419         3429
        3420         3520
        3421         3225
        3427         3957
        3429          647
        3430         7167
        3431         2893
        3438            0
        3439          427
        3442           77
        3444         7177
        3446         7494
        3450          484
        3452            9
        3453         2150
        3454         1402
        3455         3128
        3458           42
        3461         5695
        3465           88
        3467         1601
        3475           27
        3480         3484
        3481          716
        3483          193
        3486          526
        3487           20
        3494         5069
        3496         6481
        3498          335
        3501         2303
        3502          234
        3503         2347
        3506         3501
        3510         4818
        3513         5848
        3515         7559
        3518         2705
        3519         3490
        3521          636
        3524          355
        3526         1743
        3527         1702
        3529         5957
        3530         2461
        3531          919
        3533         3239
        3534         1203
        3535         4271
        3536         1134
        3539         3535
        3540         5235
        3542          260
        3548         3688
        3549           61
        3553         4509
        3555         1869
        3558           81
        3559         8405
        3560         4006
        3563         4161
        3565         5838
        3566          461
        3567         6677
        3574          537
        3575         1083
        3576         5921
        3578          194
        3583          308
        3587           66
        3588          590
        3590         2746
        3591          133
        3593         4776
        3594            0
        3595         2630
        3597         6389
        3598         3634
        3603         1043
        3604          375
        3606          586
        3607          106
        3608            7
        3609         3062
        3611           16
        3613          552
        3615         6254
        3618         1414
        3619         3469
        3627         5026
        3630         2228
        3640         6348
        3641         5512
        3645           62
        3646          292
        3651          526
        3653         8945
        3656           42
        3660           20
        3661         7718
        3662          176
        3665            7
        3668            8
        3671          110
        3673         1310
        3674         8032
        3677         1801
        3678          767
        3679          564
        3680          437
        3682         5955
        3686          535
        3688          243
        3690          292
        3691            0
        3698            5
        3699          643
        3700          988
        3702         2596
        3704           14
        3708         7925
        3711         3989
        3714         3578
        3724         3764
        3727          206
        3728           17
        3731         4831
        3733            1
        3737          890
        3738            3
        3739         1039
        3742         3155
        3745         1006
        3747         6389
        3752          122
        3753          344
        3760          538
        3768         2598
        3773          672
        3774          974
        3775         8675
        3777         7929
        3779           64
        3784           96
        3785         5924
        3787         1835
        3789          563
        3790          230
        3791         3599
        3793         3514
        3802         8349
        3803         7241
        3804           11
        3805         1003
        3806          826
        3807         4825
        3808           36
        3812          167
        3814         2292
        3816         7397
        3817          286
        3818         4794
        3822         4351
        3826         6748
        3829         3519
        3833         5633
        3835         3132
        3836           22
        3837           60
        3839         4231
        3846         3305
        3850         1229
        3851         3682
        3859         7181
        3860         6668
        3861          250
        3863         2312
        3865         4971
        3866         4992
        3870          156
        3873         4829
        3876          333
        3877         1623
        3888          556
        3890          334
        3892         5845
        3899           95
        3905          376
        3907          631
        3909          186
        3910         1867
        3915           98
        3919         6402
        3921         1357
        3923          764
        3928          378
        3933          216
        3934         1758
        3935         1676
        3940         2500
        3941         8794
        3945            5
        3946          463
        3948           21
        3951          277
        3952         1549
        3953          994
        3955          156
        3956         1857
        3957         8473
        3960         1143
        3961         5727
        3962          137
        3964         1089
        3965          173
        3966         1690
        3974          433
        3979          592
        3983         2578
        3987          327
        3988          365
        3989         3764
        3993          300
        3998          177
        4010          921
        4011          591
        4016         2413
        4018           16
        4021         5393
        4022         1382
        4025          617
        4029         2384
        4030         2914
        4033           56
        4039          193
        4046           42
        4049          664
        4053         1853
        4054           80
        4059         3547
        4060          486
        4063         4764
        4067          334
        4070         2042
        4073         1444
        4074         4773
        4076          217
        4078         2177
        4081         2148
        4088           27
        4090          205
        4093         4906
        4097          106
        4099         3932
        4102         1908
        4104          118
        4108         4674
        4116          768
        4118          132
        4120         1840
        4126         2393
        4127         1589
        4128         4091
        4135         4952
        4140         1175
        4141           75
        4143         1068
        4144          594
        4153          222
        4154         1664
        4157          949
        4160          790
        4161          422
        4162          937
        4163         8030
        4166         1377
        4167           18
        4169          379
        4171         3993
        4173          673
        4184         1102
        4195           43
        4196          805
        4197          523
        4198           25
        4199          874
        4201         6812
        4205         3339
        4206            0
        4207         2674
        4209          332
        4211           65
        4212          102
        4215         2469
        4216           74
        4218         3057
        4219         1979
        4220         5012
        4221         4071
        4223           77
        4224         4885
        4232          102
        4233            2
        4238          976
        4239         2867
        4240         3360
        4242           43
        4244          603
        4245          462
        4247          341
        4249         1669
        4251          438
        4252         1757
        4255           25
        4258          746
        4260           21
        4263         5140
        4268          230
        4272         5754
        4278          375
        4281         1513
        4283          450
        4287         2023
        4292         3988
        4295         4845
        4298         4747
        4302         1774
        4303         1317
        4304          413
        4308         3545
        4309          432
        4316         6241
        4320         1646
        4321         5087
        4326          276
        4327           17
        4328         2031
        4329         4231
        4333         1015
        4337         2293
        4338         5921
        4341         4880
        4344         1182
        4346         4028
        4348         4616
        4354          907
        4355          650
        4358          138
        4361          165
        4362          160
        4363          340
        4366         8475
        4368         3798
        4369         2607
        4378         6694
        4381           39
        4383           92
        4388         1021
        4389          450
        4393          142
        4395          128
        4397         1759
        4400         5090
        4401         2840
        4408         2095
        4409          151
        4410          735
        4413          752
        4425         7167
        4427         5971
        4435         4144
        4439          601
        4443         5650
        4446         2855
        4448          105
        4451          589
        4454          323
        4458         2031
        4459          161
        4467         6099
        4477          635
        4489         4643
        4492         6836
        4493          224
        4495          144
        4497         1737
        4498            2
        4501         3142
        4502          893
        4506         2303
        4508          682
        4510          572
        4516          632
        4517          141
        4521          258
        4524         1140
        4525          743
        4530          300
        4531          217
        4537         4427
        4539          319
        4541            3
        4545          253
        4548         1175
        4551         8338
        4555         1235
        4556          488
        4558         3170
        4559         4294
        4560         2395
        4565         3961
        4571         1846
        4572         4644
        4573          511
        4574         2028
        4584         4804
        4585         4794
        4592         2600
        4594         7906
        4597         8154
        4600         4338
        4602         2216
        4610         1457
        4611         6532
        4615         2577
        4616           98
        4617         4288
        4624          993
        4625         7695
        4626         2000
        4637         2496
        4639         2368
        4640         2346
        4641         3151
        4650          214
        4653           63
        4654          833
        4659          478
        4660         4452
        4662           24
        4663         1788
        4667            5
        4669         7761
        4671         2932
        4674          776
        4676          786
        4680          814
        4685         2603
        4686         3512
        4687          414
        4688         6114
        4694          663
        4698            5
        4705          853
        4707           44
        4710         3940
        4711           47
        4713          304
        4714         7697
        4715          483
        4717         5821
        4718         1255
        4723         3767
        4737         5193
        4740         3559
        4743          400
        4747           22
        4749         2936
        4750          462
        4751         7942
        4758          255
        4759          475
        4760          807
        4761         1644
        4764           39
        4765          216
        4766           59
        4771          374
        4776         2910
        4778          572
        4781         1060
        4783           20
        4786         4705
        4789           17
        4790          335
        4791         5091
        4796         1661
        4798         1787
        4801         1050
        4804          112
        4807           74
        4808          351
        4813         5829
        4814           17
        4816          109
        4822         1355
        4824         7064
        4826         3088
        4827          341
        4828           79
        4831         1241
        4832         1624
        4834          355
        4835         4791
        4836         3344
        4839         5944
        4841         2729
        4845         3957
        4846          375
        4848            7
        4849         1015
        4850         6056
        4854           92
        4859          289
        4870          374
        4873            0
        4874         1701
        4877          536
        4879         2265
        4880         6943
        4881         2170
        4883         2878
        4887           92
        4892         2535
        4894           49
        4896         4214
        4900          467
        4907         2782
        4912          153
        4916         2272
        4917           61
        4922          568
        4925          347
        4927          116
        4931          291
        4933         1333
        4936            0
        4937         4907
        4941         2707
        4942         6618
        4946         1112
        4948         1907
        4952         2794
        4953         1700
        4955         2347
        4959          825
        4960           49
        4964          197
        4971         1917
        4974         2870
        4977         4594
        4978         3576
        4985         5916
        4988           93
        4990          634
        4991         1116
        5005          217
        5007         6783
        5012         5917
        5018         2867
        5020          376
        5022          182
        5027          361
        5028          701
        5029          169
        5031          280
        5032         7662
        5034          771
        5036         2515
        5039          527
        5040          325
        5046          122
        5047         6239
        5048         1232
        5054         7539
        5056           19
        5057          654
        5061         1491
        5062          448
        5066          210
        5067         3571
        5068          398
        5069           19
        5073         3094
        5076         1117
        5081          633
        5084         1842
        5085          221
        5089           91
        5093         7261
        5094         1996
        5099         3142
        5103         2852
        5105         7217
        5109         1461
        5112         2365
        5117         6099
        5120         6182
        5123            3
        5127           75
        5129         2413
        5142          154
        5151         1241
        5152         4696
        5156           21
        5157         6495
        5158          118
        5163          454
        5166         3322
        5167         1268
        5170          403
        5175         3010
        5183          654
        5184         8328
        5189          128
        5190          242
        5191          706
        5199          616
        5200         7003
        5210         5219
        5212          114
        5214          267
        5215         6977
        5219         8601
        5220         1372
        5226         6024
        5229          888
        5234         3455
        5237         2043
        5246         1893
        5249          414
        5250          816
        5254          488
        5259         1190
        5267         3021
        5269           39
        5274         3056
        5280         2348
        5284         1266
        5286         2671
        5289          159
        5293         2348
        5294          831
        5298         1563
        5303         5245
        5310         6943
        5312          222
        5313         9148
        5315           87
        5318          160
        5319         2671
        5320         5180
        5322          120
        5323          431
        5326         4624
        5327          323
        5328          216
        5329         1452
        5330          975
        5331         8322
        5332         1529
        5334         1921
        5335          400
        5336         3429
        5341          376
        5342         3574
        5345         1770
        5346         6395
        5348         2408
        5349         1050
        5350         5163
        5353          218
        5356            3
        5357           11
        5361         5748
        5364         1910
        5365          175
        5367         1730
        5370         1041
        5371          851
        5373         5358
        5374         1716
        5378         8460
        5379          491
        5385          422
        5391          301
        5393          346
        5396         5499
        5398          100
        5399          209
        5409          833
        5410          338
        5412          907
        5418          446
        5419           17
        5420          284
        5421         2835
        5437           24
        5439           48
        5441         7032
        5444         5366
        5450          398
        5454         2339
        5455            8
        5459          331
        5460          456
        5465         3628
        5469           57
        5471           87
        5473         3122
        5485          327
        5486           19
        5487         3766
        5488         4221
        5493         3669
        5494            0
        5497         2468
        5505         7264
        5507         1730
        5509          478
        5519          102
        5523         2437
        5532         1892
        5533          422
        5536          235
        5547         4325
        5554          491
        5562          139
        5564            8
        5565         2863
        5567          638
        5570         5322
        5572         1037
        5574         3456
        5580         2720
        5582         1849
        5585         6780
        5592         2413
        5594         5089
        5595            0
        5597           86
        5599          637
        5600           32
        5604         1393
        5607          422
        5614         1431
        5617           64
        5620          221
        5622          374
        5624         3975
        5625          262
        5626         1089
        5632           82
        5637          542
        5642         3054
        5644         4769
        5648          277
        5652           72
        5661            0
        5662            0
        5673           17
        5678           50
        5679          219
        5680         1963
        5682         6145
        5698         3029
        5700          376
        5703         1559
        5704         5530
        5711          523
        5717          113
        5718         6748
        5719         1694
        5722          694
        5723         2515
        5727         5131
        5735         5214
        5744         1515
        5745         2471
        5750            3
        5760         3447
        5766         2508
        5767          300
        5770         8296
        5772          127
        5774         2400
        5779         4865
        5781         2341
        5789          290
        5794            0
        5796            5
        5803         7791
        5805         2655
        5808          606
        5810          894
        5812         2512
        5814          153
        5817           60
        5818         1660
        5819         8781
        5825         5537
        5833          101
        5836         1484
        5838         5517
        5842         1393
        5849         1510
        5851         4067
        5863          589
        5865         7518
        5876         2122
        5879         4985
        5880         5068
        5885          229
        5890         7682
        5892           76
        5902            0
        5906         5868
        5908         6120
        5912         2055
        5913         3828
        5914         1747
        5915         1397
        5918          385
        5919           39
        5921         5488
        5924         4610
        5927          751
        5930         3992
        5935          251
        5937         5659
        5944          466
        5948         7215
        5954         6322
        5955         1061
        5960          220
        5961         2943
        5962         1009
        5966            0
        5976         7019
        5978         8328
        5983          153
        5985           82
        5987         1748
        5990          859
        5991         1494
        5992         3868
        5994         2114
        5999         4423
        6000         3007
        6001         1598
        6008           36
        6009          164
        6010         6354
        6014          175
        6018         2631
        6020         7136
        6035         7948
        6036         1060
        6037          447
        6040         2326
        6042          896
        6048           37
        6051           81
        6053          111
        6058          280
        6060           87
        6063            2
        6064         6941
        6066          166
        6067         1605
        6072         6138
        6075         1015
        6078         3806
        6082         1663
        6089         1376
        6090          602
        6091          747
        6092         1031
        6094          817
        6101          216
        6103         7401
        6105         3772
        6107           26
        6119          447
        6124         1525
        6125           64
        6129         9073
        6131          262
        6134         4541
        6142         8547
        6143          589
        6156         5243
        6158          393
        6163         2746
        6165          142
        6167           37
        6170            0
        6172         4278
        6173            0
        6174         1909
        6179         4159
        6180          575
        6181         6282
        6186          805
        6190          134
        6198         3378
        6204          877
        6205         3403
        6214            8
        6216         1836
        6227          375
        6231         4921
        6234           94
        6242          157
        6252         1458
        6254           21
        6257           14
        6263         8443
        6266           55
        6269         4824
        6270         7977
        6273         1469
        6274            7
        6275         3414
        6277          860
        6279          650
        6280         4235
        6281          665
        6284           63
        6295         6090
        6300         4662
        6304           57
        6307          602
        6316          219
        6327         1037
        6328          538
        6329          945
        6331         2243
        6334          237
        6336         1669
        6343         7162
        6344          826
        6350         2826
        6358         4628
        6361         2531
        6363           51
        6365         7661
        6366         3183
        6369         7102
        6372         6703
        6388         4948
        6390            0
        6393         1110
        6394          400
        6398          605
        6399          705
        6405         6353
        6416         1664
        6421          124
        6422          528
        6424           87
        6428          589
        6429         1226
        6435         2098
        6437         1864
        6441         3875
        6443         3161
        6444          229
        6449         3050
        6454         2880
        6456         2261
        6457         3434
        6459          425
        6460         5985
        6461         1040
        6464         6437
        6466          585
        6469          280
        6471          656
        6477          212
        6479           26
        6485         4813
        6486         1559
        6487         5499
        6489         1663
        6494           57
        6496         1369
        6501          258
        6502          101
        6503            0
        6504          787
        6507         3910
        6508           88
        6511          245
        6512          452
        6515         4354
        6520         2191
        6522          373
        6533         3899
        6535         1631
        6536         2272
        6539          344
        6541         4383
        6552          439
        6553            3
        6555         1550
        6556         4952
        6559          138
        6563         2318
        6565          248
        6567         2710
        6588          249
        6592         8146
        6594         3167
        6597         6607
        6599           94
        6601         1073
        6613           16
        6617         4249
        6625         5517
        6629           12
        6634         7269
        6637          109
        6641          957
        6642          825
        6644           69
        6646          245
        6647         1885
        6653          551
        6663         7197
        6671          823
        6677         1085
        6681         2158
        6682         6913
        6684         2265
        6687           82
        6688          937
        6696         1133
        6702           22
        6714          115
        6722          377
        6729         2261
        6742          351
        6744         1458
        6745         1396
        6747            0
        6749          700
        6750          185
        6751         1521
        6761         3177
        6763           86
        6768         1693
        6771         2285
        6778           70
        6780         8232
        6783         3081
        6786         2774
        6787         1947
        6792         2244
        6796         1607
        6797          276
        6809          566
        6811           11
        6813          421
        6814         5562
        6817          654
        6819         5465
        6823         3614
        6824          307
        6839          103
        6853          127
        6863          928
        6864            4
        6872          704
        6875         2905
        6878         1531
        6882          575
        6890          216
        6894         1162
        6895          605
        6906         4200
        6912         8237
        6916         2330
        6921          589
        6927         1591
        6943         1477
        6950           78
        6956         4063
        6958         3575
        6961         4570
        6963         1136
        6964            0
        6968         6442
        6972          534
        6973         4329
        6979         2466
        6984          191
        6985         7232
        6987           36
        6990         5970
        6992          779
        6997         1541
        6998          955
        7009         1416
        7014          202
        7024          261
        7029         6380
        7034         7019
        7037          713
        7040         5800
        7056         3662
        7065         5359
        7069         3182
        7071          691
        7079          221
        7101          212
        7105         1015
        7107         1352
        7113           12
        7120         2685
        7127          595
        7130           14
        7136         3868
        7144         2664
        7162         1953
        7163         6967
        7178         5124
        7183          226
        7192          592
        7194           94
        7195         7213
        7198         1029
        7217          725
        7220         6182
        7221          455
        7224         3041
        7227          886
        7229          285
        7242         1700
        7244            6
        7247         8810
        7249         2380
        7251         2872
        7262          203
        7265         1026
        7270         2244
        7272            0
        7274         5499
        7283          880
        7285         2870
        7288           18
        7290         7758
        7292         5098
        7296          571
        7302           16
        7303           53
        7307          355
        7312         1267
        7313          685
        7318            0
        7320         8003
        7322          248
        7324          109
        7328          185
        7346           14
        7355         3007
        7360          242
        7362         2349
        7363          586
        7366         2173
        7369           26
        7373          247
        7376           44
        7381           73
        7383         4796
        7385          801
        7387           28
        7393         3071
        7396            0
        7401          937
        7408         2891
        7409           33
        7410         6963
        7415         2318
        7421         2530
        7422         8260
        7424         3310
        7439           59
        7444          680
        7448          369
        7449          344
        7468          819
        7471         6583
        7472          483
        7485          784
        7486         7428
        7489         1699
        7491         4237
        7493           93
        7495          964
        7496          525
        7511          304
        7529          872
        7530           49
        7535         4196
        7544           17
        7548         5120
        7549         8157
        7554          260
        7558         1611
        7560          455
        7562         4851
        7578         2799
        7594         2390
        7597         1125
        7599            1
        7609         4749
        7615           35
        7616            8
        7617          620
        7622          113
        7630          376
        7632         6198
        7641          370
        7644         3188
        7649          390
        7653         6834
        7654          449
        7655         2053
        7661          692
        7663         2368
        7664         4478
        7668         1881
        7679          698
        7680          573
        7688         1346
        7690          841
        7697          767
        7714          355
        7716          387
        7729         1744
        7731         1379
        7732          278
        7748         2980
        7750           11
        7756         2065
        7764         3282
        7766          254
        7773          242
        7775            0
        7776         2896
        7783         2056
        7785         1596
        7786         2904
        7791            7
        7797         6734
        7798          667
        7803         6138
        7818         8307
        7819          216
        7830          260
        7842         4901
        7851         1095
        7854           20
        7855         6975
        7867         3079
        7870          163
        7876         3219
        7878         2779
        7883         3004
        7893          667
        7896           88
        7904         3882
        7906         3927
        7909         6156
        7920         2209
        7923           58
        7925          561
        7928           20
        7930         6576
        7940         3858
        7942         1646
        7947          376
        7949          140
        7955           52
        7957           37
        7959         2361
        7968         9016
        7983           32
        7993          171
        7994          952
        7999           88
        8014         3892
        8016          833
        8019           84
        8024         6624
        8027          636
        8035         7345
        8044          201
        8047         6850
        8050          644
        8055         6853
        8058         4074
        8067         8457
        8068          414
        8071          398
        8078         1245
        8079         3048
        8087         1279
        8089         4634
        8094         4265
        8097           38
        8099           27
        8114         1183
        8115         1005
        8118          579
        8119          292
        8139          134
        8146         1126
        8148         2284
        8154          745
        8158         5518
        8159         4956
        8176          448
        8183         3110
        8186         4422
        8190         1823
        8191         1871
        8218         5241
        8226         2168
        8241           72
        8246         3125
        8249          500
        8251         3061
        8265          809
        8268           75
        8272           50
        8274          159
        8276           26
        8279          550
        8280         7714
        8294            9
        8301         3961
        8305           24
        8308         4381
        8312          676
        8318          165
        8319          167
        8327         3261
        8328         3415
        8332         8734
        8349         1799
        8355         3254
        8356          180
        8361         3583
        8371           26
        8377         2146
        8379          625
        8386         1790
        8393         2063
        8406         3840
        8410          285
        8420            4
        8437          930
        8450           48
        8457           37
        8459         4724
        8469         1119
        8474         3290
        8476         1006
        8486         3615
        8496          180
        8497          176
        8499           66
        8508          342
        8510          190
        8519          173
        8534         1175
        8543         1255
        8549          654
        8551          400
        8553          179
        8554          727
        8559           84
        8566          424
        8573         6682
        8584         1920
        8594            0
        8615         8563
        8621          251
        8623         1650
        8629           10
        8634          300
        8636         1887
        8640         5401
        8645         3568
        8654         6988
        8657          210
        8658          569
        8659           30
        8671          299
        8676          285
        8678         4704
        8680         4861
        8682         4383
        8706          799
        8710          201
        8711         4215
        8714         5816
        8717         8221
        8735         1133
        8741         7136
        8753          641
        8755         1114
        8760           35
        8766         4177
        8767           86
        8778          933
        8780         2441
        8781           62
        8784         7214
        8786         2069
        8833          915
        8836         3214
        8840          347
        8843         2272
        8847           10
        8860         1205
        8871          376
        8874         4061
        8877         1948
        8882          752
        8927         2977
        8934         2710
        8948           55
        8951         3321
        8962         3324
        8965         1772
        8967         3511
        8970         2368
        8979         1467
        8983         2954
        8986         5829
        8989         6443
        8995          157
        9000         1479
        9008         5584
        9010         7081
        9012         5058
        9029          505
        9045          150
        9061          115
        9072         8777
        9073            3
        9079          283
        9093           10
        9107           63
        9113          484
        9124          338
        9138           14
        9143         2442
        9160          713
        9172           31
