# HaloID(1) HaloID(2)
           0            0
           1            1
           2            2
           3            3
           4            0
           5            4
           6            5
           7            6
           8            0
           9            7
          10           36
          11           14
          12         1152
          13            0
          14           11
          15           13
          16            0
          17            8
          18          536
          19           18
          20           20
          21           16
          22           19
          23           31
          24          438
          25         1329
          26         4802
          27          721
          28           25
          29           49
          30          131
          31           97
          32           30
          33           27
          34         2950
          35         3156
          36           34
          37           35
          38          409
          39         3710
          40         6893
          41           40
          42          829
          43           43
          44           42
          45           44
          46         3857
          47          573
          48          713
          49         2313
          50         1566
          51           53
          52          103
          53           54
          54           56
          55           55
          56          515
          57         1630
          58           58
          59           51
          60           60
          61            2
          62           59
          63         8498
          64          836
          65           16
          66           64
          67          502
          68          318
          69         3923
          70          239
          71          107
          72          695
          73           66
          74         5210
          75         1021
          76          563
          77           74
          78          541
          79            3
          80         2447
          81         2362
          82         3998
          83           81
          84           77
          85         1686
          86           84
          87          157
          88         1764
          89           89
          90         2658
          91          484
          92         7651
          93         3477
          94          167
          95          146
          96          123
          97         8516
          98         2272
          99         3926
         100         3485
         101          100
         102         2576
         103          173
         104         2693
         105          497
         106          107
         107         6883
         108         2610
         109          111
         110           31
         111         2475
         112          688
         113          112
         114         4919
         115         3708
         116           16
         117         2296
         118         7215
         119         4955
         120          117
         121         4961
         122          216
         123         3998
         124          121
         125         4787
         126         7712
         127         1034
         128            8
         129          133
         130          514
         131          392
         132         1030
         133          798
         134         5128
         135         5104
         136         4704
         137           28
         138         1059
         139          421
         140           21
         141           32
         142          181
         143          142
         144         3614
         145         5281
         146         3165
         147          130
         148         2699
         149          798
         150           44
         151         1131
         152         2151
         153         7688
         154         7597
         155          155
         156         3093
         157         4035
         158          154
         159           25
         160         2447
         161           22
         162          295
         163         1784
         164         1089
         165          370
         166         1450
         167         3315
         168         4862
         169         4524
         170          165
         171          166
         172          474
         173          324
         174           51
         175           21
         176          175
         177         1010
         178          178
         179          373
         180         8054
         181          620
         182           42
         183         8704
         184          206
         186         3367
         187           87
         188          227
         189           16
         190         1788
         191           76
         192          191
         193           76
         194          196
         195           80
         196           44
         197            0
         198            2
         199          198
         200          201
         201         3383
         202         3074
         203            7
         204          657
         205         1872
         206         4352
         207          231
         209         1142
         210          656
         211         7874
         212          115
         213         5638
         214         1069
         215           14
         216         2825
         217         8439
         218         1820
         219         1395
         220          213
         221          218
         222         4688
         223          859
         224         9196
         225          225
         226            8
         227          226
         229         3076
         230         5225
         231           21
         232           16
         233         2727
         234          922
         235          227
         237         7336
         238         2536
         239            2
         240         5190
         241         1764
         242         1312
         243          242
         244         5530
         245           21
         246         5815
         247          241
         248          322
         249          249
         250          307
         251         4220
         252         2913
         253          246
         255          381
         256          255
         257          245
         258          726
         259          676
         260           97
         261         7671
         262           12
         263           70
         264         3368
         265          343
         266           72
         267         7686
         268         1460
         269            1
         271         2872
         272           16
         274         2737
         275         3329
         276          419
         277          273
         280         7671
         281         2582
         282         2152
         283           18
         284         7391
         285         3953
         286          285
         287         4763
         288          304
         290         2732
         291         3245
         292          291
         293         5659
         294           77
         295         3791
         296         1727
         298         2724
         299          538
         300         6109
         301          353
         302         1812
         303         1722
         304          574
         305          213
         308           14
         309          600
         310         1960
         311           31
         312          315
         313          237
         314          303
         315          308
         317         7243
         318          334
         319           86
         320         4360
         321          321
         322          324
         323         2544
         324         2094
         325          632
         328         7913
         329         1752
         330          184
         331           42
         332         7512
         334         2254
         335         1188
         336          364
         337         5385
         338          452
         340         7893
         342          877
         343          341
         344         3111
         345         4808
         346            7
         347         1574
         348           49
         349          930
         351           45
         352         3489
         354           16
         355         4466
         357         9164
         359          757
         360         4660
         361           83
         362         2333
         363         8622
         364          363
         365          770
         366         2576
         367          193
         368         3624
         369         3042
         370          178
         371         2696
         372          375
         373          164
         374          219
         375         1282
         377          179
         378          486
         379          863
         380          710
         381            0
         383         3053
         384         1010
         385          106
         387          513
         388         1143
         389         6893
         390         5299
         391          515
         392         8802
         393         7929
         394           30
         395           50
         397          475
         398           27
         399           32
         400          475
         401         1501
         402         1550
         403          358
         404         7774
         405           31
         406          394
         407          662
         410         3318
         411         4146
         412          407
         413         1604
         414          113
         416          410
         417         2867
         418         3636
         419          126
         420          713
         421         2444
         422         7069
         424           58
         425         4306
         426         6564
         427         6729
         428         5983
         429         2144
         430           16
         431           32
         432         2186
         433         4152
         434         4403
         435         1474
         436          736
         437           25
         438          596
         439         2195
         440         1841
         441          483
         442          534
         443           38
         444         3581
         446            3
         447         2283
         449          446
         451         7686
         452         1336
         453         1344
         454          292
         455          457
         456          933
         457         3131
         458          448
         459          625
         460          647
         461          208
         462         5774
         464         2024
         465          552
         466           72
         467         1999
         468          736
         469         1046
         471         8237
         472         1081
         473         5872
         474         1220
         475          519
         476          165
         477           43
         478         1546
         480         6919
         482         1981
         484          140
         485         2651
         486         2406
         487           16
         488         4023
         489          651
         490          474
         491          193
         492         1119
         494         1220
         496         3926
         497         4108
         498          785
         499          503
         500         5720
         501           25
         503         2036
         504         1006
         505         3349
         506         2118
         507          780
         508           93
         509         1613
         510           25
         511         1188
         512          390
         513           16
         514         2819
         517         7909
         518          496
         519           59
         520         1879
         521         6806
         522         1234
         523           31
         525         2850
         526          330
         527          528
         528          526
         529          691
         530          184
         531         1197
         532          790
         534         4098
         535            0
         536          324
         537          303
         538         3982
         539           25
         540          494
         542          538
         543         6561
         544          690
         545           25
         546          824
         547           25
         548          529
         549          135
         550         5502
         551         5320
         552         3351
         553         1719
         554          549
         555         3490
         556         1752
         557          554
         559         1178
         560         6831
         562           21
         563         6732
         564         2460
         565         2964
         566         4297
         567          643
         568          113
         569         6670
         570          569
         571          301
         572          348
         574         1706
         575          620
         576          125
         577         2609
         579          584
         580          201
         581          115
         582         5373
         583          452
         584           87
         585         2436
         586          591
         587            3
         588         6313
         591            9
         592           48
         593           74
         594           23
         595         5803
         596         2145
         598          317
         599         5284
         600         1536
         601         2223
         603           75
         604          992
         606         7917
         607         2559
         608         2475
         609           17
         610           92
         611          381
         612           87
         613         1792
         614         8504
         615         3336
         616         2608
         617         1792
         618         8991
         619         4792
         620         1867
         621           37
         622            2
         623          624
         624           75
         628         3133
         629         1591
         630         3580
         631           45
         633         2055
         635         3884
         637          793
         638          315
         640          866
         642          644
         643         3037
         644         2011
         645          418
         647         4731
         648         3879
         649         3220
         651         1444
         652         1198
         654          313
         655         4616
         656          660
         657         5142
         658          107
         659         1398
         662         1228
         667         1909
         668         3612
         670         1185
         671         6725
         672         2551
         673          725
         674           52
         675         8072
         676           20
         677         1727
         678         8438
         680          674
         682         2940
         684          627
         685         1034
         687         4359
         688           72
         689          259
         690         1729
         691           87
         693           68
         694         4164
         695         6307
         696         1688
         697           45
         698         2751
         700         5082
         701          700
         702         7742
         703         4705
         704          131
         705          159
         706         1346
         708         1176
         710         9299
         712         3714
         713         8591
         714          295
         716          704
         717            7
         718         4263
         719           83
         720         1109
         722         4981
         723         8010
         724         1088
         725          171
         726          312
         728         1810
         729         5982
         730         1742
         731          711
         732          145
         733         3155
         734         5422
         735           10
         736         4886
         737         1521
         738         1747
         739         3156
         741          151
         742         8227
         743         1630
         744         1997
         745         3303
         746         7272
         749           32
         750         4160
         751         2871
         752         1265
         754          691
         755          252
         757          156
         758         4750
         761            0
         763          888
         764          830
         765          760
         766         2043
         767          763
         768         1107
         770         2900
         771          151
         772         5751
         773         1045
         774         5782
         775         2415
         776         8159
         777          383
         779         6906
         780          735
         781         6070
         782           21
         783          464
         784         1672
         786         3705
         787          519
         789          107
         790         5352
         791          765
         793         4142
         795         2057
         796           49
         797          854
         799          610
         800          800
         801          258
         803         6970
         804          761
         805         3916
         806          812
         807         2591
         808         3076
         810          272
         811         3634
         812          187
         813          319
         814          574
         815         1398
         816           24
         817          154
         818         3286
         820         3472
         821          917
         822          828
         823         4908
         824         2237
         828          605
         829          373
         831         8311
         833         1976
         834          385
         836          543
         838          808
         839         5957
         841          532
         842          357
         843         3864
         844          322
         845         3341
         846         1048
         847         2220
         848         5014
         850          641
         851           58
         852          411
         853         1332
         854         5784
         856         4798
         857         4613
         858         5887
         859          620
         860         2420
         862         1202
         865         3147
         866         5362
         867         3343
         868          476
         870         1077
         871          617
         873         3348
         875         4802
         876          724
         878          900
         880         1188
         881         4743
         882         2491
         883         1001
         884           74
         885          882
         889         1261
         890         4343
         891          702
         892          654
         893         2038
         898         1510
         899         3263
         901          765
         902         2547
         903          130
         906          246
         907           16
         908          899
         909          381
         911          253
         912         7186
         913           16
         914          910
         915         7562
         916          108
         917            3
         920         5352
         921         7059
         923          171
         925         1175
         926         2356
         927         5154
         932         3068
         935         2222
         936          256
         937         2436
         938         2933
         940          931
         941          267
         943         1944
         948          509
         949          953
         950          646
         953         3056
         954          204
         955         1419
         956         1504
         957         6748
         958         2572
         959          902
         960          962
         961         8284
         962          798
         963           83
         965          637
         966          386
         967         7439
         968         1475
         970          311
         971         3899
         972           44
         973            0
         975            0
         976         3287
         981         5925
         983          298
         984           73
         986         4451
         988          607
         991         1138
         993         2482
         994          995
         995           57
         996          511
         997         2624
         999          368
        1002          999
        1004         8666
        1006         2181
        1009         5796
        1011           63
        1012          638
        1013         1806
        1014          996
        1015          330
        1016           45
        1017         8656
        1018         5348
        1021          489
        1022         2189
        1023          945
        1024          571
        1025         9011
        1026           87
        1028           40
        1029         8589
        1030         6177
        1031         8180
        1032         1693
        1034          268
        1035         3274
        1037          140
        1038           29
        1040         5681
        1041         1450
        1043         5954
        1044          107
        1045          165
        1047         2171
        1048         2711
        1050          172
        1051         3756
        1052         1146
        1053         1762
        1057         1145
        1058         4163
        1059         5627
        1060         2808
        1062           29
        1063          331
        1064         6529
        1065         3283
        1066          190
        1069         1655
        1070         2895
        1072         4265
        1073         8440
        1074         1066
        1076         7091
        1077           75
        1080          293
        1081         1083
        1084         7391
        1085          772
        1086          159
        1087          244
        1088           28
        1090         1100
        1092         2381
        1093         4647
        1095         4464
        1097         2383
        1098         1123
        1101          676
        1103         8720
        1108         2384
        1109          980
        1110         1213
        1111         4687
        1112         3168
        1113         5744
        1115         1803
        1116         1118
        1117         1758
        1118          179
        1121         2961
        1122         1138
        1123           38
        1124         3315
        1125         2486
        1126         1150
        1127         1141
        1129          115
        1130          323
        1132          242
        1135         7679
        1137         8284
        1138         1148
        1139         6576
        1140         5669
        1141         7286
        1143         3382
        1147          273
        1148          914
        1149         3455
        1150         4294
        1151          365
        1154          379
        1156         6769
        1157         2372
        1159         4669
        1160          203
        1162            7
        1163         2591
        1164         1179
        1165          119
        1169         2987
        1170          182
        1172           27
        1173         1184
        1174         1212
        1177         5342
        1178          960
        1179         6590
        1181         1107
        1182          942
        1183         1457
        1184           60
        1185         6169
        1186         2535
        1189          791
        1191          200
        1192         2171
        1193         4085
        1194            4
        1195         1221
        1197          247
        1199         2699
        1200           19
        1203         3003
        1204         6091
        1205          588
        1207         7152
        1209         4648
        1212         1051
        1215          325
        1216         8772
        1217         1211
        1218           83
        1220          802
        1222          960
        1223         2767
        1224          171
        1226          239
        1227          490
        1228          662
        1231         1916
        1234         2783
        1235         2563
        1236         3088
        1237          225
        1239          500
        1240           99
        1242           81
        1245         1246
        1246         2302
        1247          606
        1248          310
        1249         1068
        1250         2862
        1251           75
        1252         1255
        1253         1253
        1254         2710
        1255         1260
        1256         2014
        1257         3877
        1258         5507
        1260         1427
        1261         6292
        1264         2615
        1265          754
        1266         1418
        1268          145
        1270         7680
        1271         1393
        1272         2318
        1273         7574
        1279         4439
        1281         5451
        1283         4735
        1286         4297
        1288          900
        1289         4950
        1291         1298
        1292         2499
        1293          624
        1298         6663
        1300           39
        1301           16
        1302         4683
        1303         4041
        1304           44
        1305         1318
        1306         1332
        1307           69
        1308         6457
        1309           49
        1311          227
        1313         2767
        1314         8053
        1319         1323
        1321         2354
        1322         1333
        1323         1440
        1324          245
        1325         5257
        1327         1316
        1328         3732
        1330            3
        1331          315
        1334         9112
        1335          707
        1336         1821
        1337         3102
        1338         6542
        1340         1953
        1342         3215
        1344         1663
        1345          754
        1349         2525
        1352         2718
        1353         4345
        1354          725
        1355         4244
        1359         4234
        1360         4806
        1361         2711
        1362          675
        1363          783
        1364         1530
        1365          820
        1366          151
        1368          478
        1370         9495
        1371         2491
        1372          322
        1373         1371
        1375         4680
        1379         8588
        1380          753
        1382         1378
        1383         7517
        1384         2873
        1385         2374
        1386         2311
        1388         4387
        1390          469
        1394           96
        1395         1355
        1396         1444
        1397          595
        1399         3807
        1403         1418
        1404         2031
        1406          100
        1407          319
        1409          168
        1410         6644
        1412         1347
        1415          205
        1416          622
        1419         1788
        1420          519
        1421         8227
        1424          613
        1425         3499
        1426            3
        1427          637
        1429          527
        1430         1313
        1432         1926
        1433         1958
        1434         5219
        1435          840
        1436         1647
        1442          703
        1445         3956
        1446         1168
        1447          459
        1450           12
        1451          102
        1454         1573
        1457         1045
        1458         5317
        1459         3962
        1462         1445
        1464           18
        1467            8
        1468           98
        1470         1553
        1471         2003
        1472         6246
        1474         7988
        1475         7667
        1476         4344
        1478         1432
        1480         3131
        1484          393
        1486         3552
        1489          781
        1490          601
        1491          207
        1493         1395
        1494         1189
        1495         2292
        1496          199
        1499          379
        1500         3121
        1502         1333
        1504         3386
        1505         1494
        1507         6882
        1508         1788
        1512         1085
        1516         7613
        1517         5214
        1519          202
        1523          348
        1524         1532
        1525           64
        1526          168
        1527         2357
        1528         3386
        1529          203
        1531         2383
        1532         1161
        1533         4907
        1535         4452
        1536           83
        1537         1712
        1543         1524
        1544         5051
        1546         5137
        1552         6133
        1553         8465
        1555         4982
        1559         3930
        1560         1595
        1561         7988
        1562          567
        1563         2981
        1564          198
        1565         3063
        1567         1787
        1568           72
        1570         7045
        1571          245
        1573         3061
        1575          635
        1576         1580
        1577         2171
        1578         2836
        1581          972
        1583          654
        1584         1639
        1585          372
        1587          402
        1588         3801
        1590         3911
        1592          152
        1595         3367
        1597         5857
        1598          789
        1600         1610
        1601         1606
        1603         1618
        1604         2994
        1605          985
        1606         1229
        1608         1594
        1609          291
        1610         1138
        1613            5
        1614         6806
        1617          244
        1620         5457
        1622         5982
        1629          648
        1631         2930
        1633           50
        1634         1587
        1636           23
        1637         1295
        1639           62
        1641         1882
        1644          239
        1645          324
        1653         3548
        1654          718
        1656         9447
        1657           16
        1658         3641
        1660         2220
        1661         2234
        1663          492
        1664          612
        1668         2485
        1670         3310
        1671         1677
        1677         5352
        1678         5308
        1680            0
        1681         4099
        1685         1703
        1689         3030
        1699          294
        1701          454
        1702         1711
        1703         1672
        1705         1861
        1708          740
        1709         7220
        1710          308
        1714         2289
        1716           35
        1718          206
        1719          571
        1720           36
        1724         6425
        1725         2055
        1726           16
        1730          124
        1731         1685
        1732         7160
        1739         1045
        1740         8448
        1741          559
        1742         5981
        1747         5653
        1749           83
        1750         4800
        1752           81
        1754          762
        1755          191
        1756          916
        1757         4204
        1758         6793
        1759         1183
        1760         4918
        1764         2087
        1765         4425
        1768         3399
        1769           84
        1771          252
        1772         8391
        1774         3573
        1775         8464
        1777         4266
        1779         3519
        1780         7621
        1781          519
        1782           92
        1784         8020
        1787           28
        1788         8856
        1789           72
        1790          455
        1792         1063
        1793         9105
        1798         8961
        1800         3899
        1801         1925
        1803         1788
        1804          418
        1805          271
        1806           13
        1808         6678
        1809           66
        1810         1958
        1811         1493
        1813         2454
        1814         1491
        1815         1796
        1820         2882
        1821         1854
        1824          517
        1828         3579
        1829         1650
        1830            0
        1832         1760
        1834         1329
        1835         2300
        1837         6115
        1838         1123
        1840         7532
        1842         1565
        1850         5011
        1851         1886
        1852         1801
        1853          945
        1855           18
        1856         9496
        1858         7695
        1859         2953
        1861            3
        1863         1861
        1865         2430
        1867          371
        1871         7577
        1873         8439
        1875           36
        1877         1782
        1878         1871
        1879           94
        1880          245
        1882         4284
        1883         1851
        1884         1225
        1885         1143
        1886         3530
        1887         1956
        1888         2437
        1889         4552
        1890           13
        1891         9074
        1894         2228
        1895          341
        1896          860
        1897         2946
        1899           16
        1908         7377
        1911         6018
        1914         2798
        1919         6895
        1920          409
        1922          394
        1923         2774
        1925         8057
        1926         4170
        1927          605
        1930         1883
        1932         1693
        1933           56
        1937         2675
        1938         1933
        1939         9493
        1941          803
        1942         3315
        1943          616
        1944         2356
        1946         4980
        1947          302
        1952          135
        1954          157
        1958            1
        1959         4420
        1960          529
        1961          197
        1962          118
        1964         9039
        1966         7314
        1968           72
        1970          100
        1974         5199
        1976          317
        1979           95
        1981         2266
        1983          418
        1985          448
        1989          776
        1995          252
        1998         4563
        2001          401
        2003         2348
        2004          133
        2008         1670
        2012          509
        2013         6665
        2015         3296
        2017         2048
        2018          168
        2021         7140
        2026         3298
        2030         3334
        2032         5944
        2034         2872
        2036         7672
        2038         1214
        2039          924
        2041           42
        2047         1387
        2049          115
        2050         3412
        2052         5386
        2053          860
        2055         2031
        2056          612
        2057         2087
        2059           18
        2062            0
        2066          746
        2068           35
        2069         6733
        2071         1874
        2073         1867
        2077          133
        2079         2110
        2080          336
        2082         1994
        2083          134
        2086            2
        2088         7897
        2089         2114
        2091          985
        2092         4277
        2096         4310
        2098         2994
        2099         2115
        2100         1233
        2102            7
        2103          886
        2107          807
        2108         1037
        2111           69
        2113         7414
        2118         9004
        2120         2754
        2122         3179
        2124         5252
        2128         2248
        2129            2
        2131         3539
        2132         1593
        2134         2633
        2136         7195
        2137         2129
        2140         1613
        2144          839
        2146          173
        2147          371
        2149          582
        2151         4197
        2154         1288
        2155         6990
        2158         2766
        2161          610
        2163         1913
        2164          697
        2169         4454
        2172         3104
        2174         2499
        2175         4449
        2178         5101
        2182          218
        2184           49
        2186         1012
        2189         2876
        2191          793
        2192         2626
        2195         5289
        2196         2621
        2198         5194
        2199          259
        2200          203
        2201         1465
        2202          955
        2203         5140
        2205            0
        2206          234
        2210         2217
        2216         1014
        2218         1959
        2221         2303
        2222          279
        2225         2238
        2229         6813
        2230         9251
        2234         4682
        2238          826
        2240         3229
        2242         2459
        2243         1649
        2244            1
        2245         3074
        2246         1355
        2250         5139
        2253          218
        2254          481
        2255         2003
        2256         1056
        2260          717
        2261         2038
        2262          690
        2265          103
        2266         2437
        2268         7203
        2269          319
        2271         2349
        2272         3656
        2273         4771
        2276         4538
        2280         1065
        2286         1225
        2288         2940
        2289          131
        2291          104
        2294         2114
        2298          170
        2301          172
        2303         6591
        2304          142
        2306         2281
        2312         3523
        2313         1030
        2316         2161
        2317         7320
        2318         4793
        2319         2175
        2327           89
        2328         9058
        2329         3865
        2332          121
        2334         2493
        2335         4743
        2337           93
        2338          267
        2340            0
        2342          236
        2354         6663
        2356         6308
        2361         1477
        2362         2493
        2363         2393
        2367          824
        2368         2441
        2369            0
        2371          135
        2372         2641
        2376         3500
        2381         2981
        2385          106
        2387         7360
        2388         6137
        2389           47
        2390         2705
        2394           75
        2401         8311
        2403           13
        2404          418
        2405         2408
        2406           49
        2408          168
        2415         3508
        2419         1802
        2422         8666
        2425         4796
        2431         9369
        2432         1194
        2438         2300
        2439         2217
        2441          383
        2445         3121
        2446          497
        2448         6499
        2449            0
        2456         1060
        2459          117
        2462         1558
        2463         3792
        2465          806
        2467         8103
        2472         2490
        2474         1813
        2478          392
        2479           75
        2480         1109
        2484         2478
        2497         4597
        2501         2575
        2502          125
        2504          338
        2506          230
        2508         5054
        2509         3992
        2510         1197
        2511          315
        2516          407
        2523          108
        2527           16
        2528         2500
        2530           39
        2534         3397
        2535         4995
        2537          278
        2538          363
        2542          179
        2544         2575
        2545         1015
        2551          377
        2552          234
        2554         3068
        2556           26
        2559         2434
        2560         2033
        2563           18
        2566         7732
        2570         1937
        2571          554
        2572         2359
        2575          108
        2576         4310
        2579          260
        2580          547
        2583         1627
        2584          279
        2591         2911
        2592         2808
        2594            5
        2595         2668
        2597          472
        2600         1333
        2606         1269
        2607         1169
        2609         2570
        2610         2019
        2612          296
        2613         2055
        2616           89
        2617         5983
        2625         4550
        2626         1318
        2627          304
        2636         6483
        2637          517
        2638          140
        2640         3699
        2643            0
        2646          178
        2648          144
        2650         2615
        2652          351
        2654          159
        2656         1874
        2658           39
        2659         2882
        2660          462
        2662         1107
        2663         1269
        2668         3814
        2669         1550
        2672         4876
        2674          148
        2677         6442
        2678            0
        2683         4270
        2684         2676
        2685         1467
        2688         3873
        2689         4487
        2690         4116
        2693         2817
        2695          428
        2696         2737
        2698         1491
        2701         1084
        2703         5510
        2706         2468
        2708          419
        2709          280
        2710          554
        2714         2763
        2716          187
        2718          610
        2719          239
        2721           88
        2722           49
        2724          740
        2727          476
        2728          129
        2737         3128
        2738         1400
        2740         6732
        2744          315
        2746         3068
        2747          257
        2748         2175
        2758           49
        2763         7184
        2765           39
        2770          409
        2776         2077
        2780         3957
        2781         2626
        2782            6
        2784          519
        2789         9338
        2790         6345
        2794         7504
        2795         3056
        2796         2891
        2799         7229
        2802          255
        2805          263
        2807         8816
        2808          455
        2814         1023
        2815           69
        2816         2327
        2818          617
        2826         8795
        2829           29
        2830         5667
        2833         5808
        2835          574
        2838         1512
        2840         4514
        2841           49
        2844          668
        2846           84
        2847         1079
        2848         2420
        2851          674
        2853         1821
        2854         8565
        2860         8925
        2861         2468
        2869          211
        2870          581
        2872          259
        2875         8498
        2877         6367
        2879         1694
        2881          229
        2883          105
        2884          122
        2885         3350
        2887         2476
        2889           64
        2890           81
        2892         2405
        2894         4463
        2895         3636
        2896          418
        2897          318
        2898          717
        2901         4658
        2903         2077
        2904          519
        2907         3760
        2912         3099
        2913         3998
        2914          722
        2918           59
        2919           77
        2922            8
        2923         3476
        2926         2843
        2929         3009
        2931           97
        2936         1565
        2937          859
        2939          416
        2941         1318
        2946          135
        2947          282
        2948         1632
        2949          752
        2951          606
        2954         1667
        2956         4735
        2961         8668
        2964          165
        2968         1646
        2969         4352
        2970          279
        2971           75
        2972         3007
        2973          396
        2977         1330
        2984         2697
        2985         4080
        2986         1401
        2988         9299
        2989         5218
        2993          896
        2997          146
        2998         8057
        3005           67
        3008         6425
        3010         9269
        3015         3764
        3018         6527
        3019            0
        3021         4449
        3024         3592
        3027         5327
        3028          791
        3032         3592
        3036          775
        3040         7082
        3041         5897
        3043         6793
        3047         7338
        3048          673
        3049          146
        3053          428
        3055         2230
        3057         3489
        3062           54
        3064         3632
        3069         2171
        3070         5199
        3073         3308
        3077         3084
        3079         1259
        3085         1978
        3086          738
        3087           33
        3092         4246
        3095         4265
        3096          179
        3099            0
        3100          101
        3104         2014
        3106         1699
        3110         3482
        3111          422
        3114          325
        3118         2100
        3119         8389
        3120          380
        3122          406
        3127         1322
        3129          455
        3130          762
        3131         3724
        3132         1563
        3134         2977
        3136         3689
        3137            0
        3140           22
        3141         3534
        3142           56
        3144         2555
        3146         6238
        3148         2421
        3149         6518
        3150         4039
        3152          100
        3153         3160
        3154         3178
        3155            3
        3159           49
        3163          651
        3165          163
        3166           61
        3167          438
        3168         5084
        3172         6600
        3173          453
        3174          438
        3176          131
        3177          597
        3178         5618
        3179         2814
        3180         9083
        3182         6811
        3183         2805
        3184         2897
        3188          119
        3192         1782
        3195         8440
        3196         2961
        3198         1382
        3201         1346
        3202         3775
        3204         3248
        3207            6
        3209         2541
        3210         2177
        3211         3229
        3213         6126
        3214         5202
        3216         1752
        3218         6664
        3222          993
        3224         2862
        3226            1
        3230          131
        3232         3253
        3234         2977
        3238         3000
        3239         5132
        3241          133
        3244         1558
        3246           65
        3247         5749
        3252         1668
        3255         1869
        3257         3101
        3259         2912
        3260          123
        3262           88
        3263          144
        3264          969
        3269         7265
        3271         3205
        3275         3830
        3279         7247
        3281         6024
        3283          218
        3284         5697
        3286         1356
        3290         1638
        3292         6707
        3293          390
        3296         5697
        3298          717
        3299         7712
        3301         4566
        3302         1229
        3303         1229
        3304         3328
        3308         5619
        3310          502
        3311         3334
        3317          859
        3321           96
        3322          105
        3324          773
        3325         4131
        3329          910
        3337         2646
        3338          771
        3340         1618
        3341         3162
        3343          521
        3346         4374
        3347         7915
        3350          394
        3351         5230
        3353          100
        3356         3354
        3359         1018
        3361         6231
        3362           54
        3363         2813
        3364         3325
        3365         1109
        3370         3793
        3372           20
        3373            2
        3378          949
        3379         3389
        3380         2675
        3381          148
        3382         1692
        3383         1746
        3385           34
        3393          776
        3395         3709
        3396          302
        3398          178
        3400         1207
        3401         7040
        3407          423
        3408          761
        3412         1379
        3414           45
        3416          886
        3417         2320
        3419          226
        3420          379
        3424         4657
        3425         3370
        3428         1088
        3432         8400
        3433          448
        3434         3504
        3435         2185
        3436          197
        3440         7942
        3443          567
        3444            0
        3447          443
        3448           95
        3449          608
        3450         1175
        3451           92
        3452         8212
        3455         1657
        3457            5
        3458         6034
        3459           78
        3463         2671
        3464         3431
        3469            3
        3470         4970
        3471          101
        3473         3441
        3474         6435
        3475          919
        3482         8136
        3483         4861
        3484          199
        3490          684
        3493         6214
        3494         1164
        3496           34
        3499          761
        3505         3550
        3506          637
        3509         3134
        3510         5824
        3512            0
        3513           83
        3515           46
        3516           26
        3519           14
        3526         7688
        3527           97
        3530         3343
        3533         2826
        3534         6505
        3536           81
        3537         7208
        3546         2269
        3551         6560
        3553          157
        3554          464
        3556         1400
        3557          222
        3558          247
        3559          220
        3560          117
        3562           27
        3572            0
        3576         1306
        3583           41
        3584         3568
        3589           29
        3591           10
        3594         1344
        3595         3382
        3596          239
        3597         5666
        3601          842
        3605         1782
        3608         6691
        3610         1981
        3611         1449
        3614         5194
        3618          616
        3622         6077
        3625          649
        3630         7159
        3631         1437
        3634         8255
        3639           60
        3640           76
        3642          390
        3643            3
        3646         2530
        3649          823
        3652         3261
        3654         5020
        3655         2121
        3658          612
        3661         4085
        3662         3614
        3663         2231
        3664          318
        3665         7025
        3667         2393
        3670         7595
        3672          323
        3673         5633
        3676         2205
        3681            2
        3682         3765
        3684         2028
        3691         5192
        3694            8
        3698         5055
        3699          677
        3700          658
        3701         4931
        3703          481
        3705         1739
        3706           34
        3707         1859
        3711            7
        3721          977
        3731         1173
        3733          293
        3734         4321
        3736           87
        3739         1388
        3741         1369
        3742          858
        3749          709
        3751          363
        3753         4449
        3755          820
        3757         7497
        3760         1022
        3762           11
        3763          643
        3766         4576
        3772         3025
        3774          288
        3775           49
        3776         3490
        3778         6757
        3786         8054
        3787           59
        3789         1499
        3791            8
        3793         1054
        3794          795
        3795         3003
        3797          130
        3798         1860
        3802         4940
        3806          422
        3809         3724
        3810         7223
        3812         4000
        3814         3011
        3816         7679
        3819         3641
        3821         3027
        3823         1737
        3824           89
        3825          478
        3828         3390
        3831          163
        3834          230
        3835         5591
        3836         3089
        3840         2434
        3846          416
        3851         4373
        3852         4740
        3855          510
        3858           36
        3859         2704
        3862         5581
        3869          322
        3874         3906
        3881         1566
        3882         3390
        3883         3765
        3885           39
        3887         3344
        3888          107
        3891           69
        3894          457
        3901          376
        3904         3982
        3909           39
        3910          184
        3913         2696
        3914         7375
        3919          198
        3921          307
        3922            0
        3925            8
        3927          351
        3929         1066
        3930         5087
        3933         4271
        3940         1610
        3943         4204
        3945         2372
        3947         7897
        3950         1146
        3952         5559
        3958         1558
        3959          163
        3960         3812
        3968         1114
        3971           95
        3973           69
        3974          179
        3977          644
        3978          684
        3979         4010
        3982         2223
        3983          427
        3985         1425
        3986          724
        3989          432
        3991         4289
        3996         1117
        3997          953
        4000          515
        4002          918
        4003            6
        4004         3948
        4006           24
        4007         2430
        4011         1039
        4012          361
        4013         7554
        4016           29
        4019         1889
        4020         1637
        4023           23
        4025            2
        4026          311
        4030            2
        4032          225
        4033          243
        4038         1370
        4043            2
        4046         4017
        4051         4050
        4054          473
        4056         1324
        4058         2432
        4059         1821
        4060         6338
        4066         3616
        4068          710
        4071         3438
        4072         2257
        4074          399
        4079          301
        4082         1001
        4085         4507
        4086            7
        4088            0
        4091         2872
        4093         3638
        4096          713
        4098         2705
        4099           18
        4104           16
        4107          241
        4110         5569
        4121          442
        4123           60
        4124         5352
        4129         9210
        4134          654
        4137         1006
        4140         3315
        4142          219
        4144         8903
        4145         6882
        4146         1147
        4152         1332
        4153          511
        4154         2663
        4156         4735
        4158         6238
        4161         1371
        4164         2900
        4165         8708
        4166         2441
        4167         7897
        4168            2
        4170         3193
        4171          220
        4178         5789
        4179         7378
        4182         3998
        4188          119
        4190          500
        4191         5353
        4200            0
        4206         8724
        4211           42
        4214         2798
        4215         1130
        4219          510
        4220          251
        4222         7504
        4223           46
        4226          106
        4230         1589
        4232         7257
        4234          166
        4235          245
        4239         5469
        4256         2384
        4261         1456
        4263            0
        4267            0
        4269         8072
        4277         1189
        4278         7615
        4279         4269
        4281          730
        4282           77
        4283         6024
        4285         8981
        4289          130
        4292          276
        4300          315
        4309          549
        4311         4281
        4313           49
        4315           55
        4319           17
        4321          774
        4324         1374
        4325         3640
        4326         4559
        4327          176
        4329         6640
        4334         9363
        4337         4101
        4340          124
        4341         1591
        4342         2243
        4343          583
        4345         4329
        4353         4420
        4357         1479
        4358         1542
        4362          164
        4363         3556
        4365         5534
        4366          759
        4371          372
        4373         3633
        4375           17
        4378         7482
        4379         4548
        4380         2413
        4383          717
        4387            5
        4391           18
        4396         2174
        4397           92
        4399         1823
        4400         4329
        4412          787
        4416         2782
        4417         1853
        4420           73
        4422         1496
        4424           93
        4425          118
        4427         6848
        4429          147
        4430          189
        4431          271
        4433         4454
        4442          373
        4446          118
        4447         1316
        4450         4394
        4451           72
        4452         7143
        4454           49
        4455          236
        4457           24
        4458          555
        4461           54
        4462          614
        4463          188
        4473         6730
        4477         1555
        4478         2390
        4483          407
        4484         8567
        4486         2826
        4487         1411
        4490         1221
        4494         4186
        4496         6811
        4502           53
        4507           20
        4514          924
        4520          471
        4521          119
        4544         8720
        4546         3504
        4547         7602
        4548           12
        4553          925
        4556            0
        4561         1234
        4565          310
        4568           84
        4570         2356
        4571         1925
        4577         2500
        4582         6266
        4586          467
        4591         4367
        4592           34
        4593          717
        4596          530
        4599           10
        4602         4124
        4611         3481
        4615          304
        4617          262
        4623         4172
        4625         6561
        4628          146
        4629         7208
        4633         5081
        4643         2267
        4644         1633
        4650         8504
        4655         3354
        4661          472
        4669         5284
        4675          404
        4681          999
        4690         1146
        4695         2420
        4698         1475
        4701          308
        4702         9225
        4703           18
        4707           14
        4711         3354
        4712         2900
        4715         1752
        4720            0
        4721         4813
        4723         8672
        4724           30
        4729         3754
        4737         1908
        4751         9233
        4753         6630
        4758         5532
        4759         1959
        4760          574
        4767         4977
        4775         9112
        4777          209
        4782         4042
        4784          267
        4785          315
        4792           38
        4795         6362
        4797         5105
        4801          315
        4804         4346
        4805          363
        4807         4792
        4808          106
        4811          186
        4813         8028
        4814         1727
        4816          464
        4818         3830
        4819         1036
        4820         5846
        4821           17
        4825          758
        4828         6074
        4834         2862
        4839         2889
        4841          677
        4842          119
        4843          463
        4844         2680
        4848          122
        4851           11
        4853         1680
        4858          386
        4859          311
        4860         1929
        4864         1382
        4867         3754
        4871         9167
        4872         7779
        4873         3336
        4874            4
        4875          779
        4877            0
        4881          288
        4885          600
        4889           83
        4890           18
        4891            1
        4892         1088
        4895          140
        4897         4417
        4899         3143
        4901         4939
        4904         1580
        4905         1884
        4914          502
        4919           36
        4920         5037
        4928         1299
        4929         1558
        4930         6640
        4945         5010
        4947          383
        4951         3694
        4955           71
        4964          121
        4966         1379
        4969           11
        4971         5403
        4979          448
        4980         3479
        4983         1033
        4985            1
        4986         3122
        4990           27
        4991           24
        4994            4
        5004          118
        5006         4948
        5008         5637
        5010          238
        5011         5528
        5012         5297
        5013          742
        5015         5344
        5016         2980
        5017         1300
        5022         6398
        5023            5
        5024         3172
        5025         1027
        5035         1312
        5036          665
        5039         2843
        5043          300
        5044         5892
        5047            0
        5048          446
        5054          561
        5056         3426
        5059           49
        5063         1121
        5064          130
        5072           49
        5073          390
        5074         1750
        5077           98
        5081           72
        5085         8482
        5088         1679
        5092           42
        5093         2751
        5094           99
        5095          218
        5096         3148
        5111          933
        5115          157
        5119           61
        5122         4193
        5126          761
        5127         7083
        5132          285
        5134          142
        5137          315
        5145         5874
        5147          213
        5152          773
        5160            0
        5162         5185
        5163         1336
        5166         9328
        5169          388
        5172          771
        5178           29
        5179          348
        5181           92
        5184          315
        5189         7618
        5194            2
        5202          206
        5204          329
        5206         8830
        5214         6409
        5217         1959
        5223         5549
        5228         2988
        5229          548
        5233         1739
        5234            7
        5237         3978
        5240           35
        5241         1083
        5245          924
        5247           89
        5252         6085
        5257         1044
        5260           91
        5265           72
        5266         2903
        5275         4792
        5282         1299
        5284          441
        5285         5290
        5288         6915
        5290         3347
        5292         5655
        5301         1525
        5305            3
        5310         1738
        5311          338
        5316         1570
        5319           39
        5323         7414
        5328          106
        5335         7516
        5342          125
        5348            0
        5351          790
        5353          562
        5354         3671
        5355         5350
        5356          311
        5361           73
        5368         2984
        5370         2158
        5375         2454
        5376         7013
        5378         3119
        5380         2666
        5383         7223
        5384           22
        5386            5
        5389         6758
        5391         2013
        5397          169
        5406           28
        5417         6097
        5424         2871
        5427         8591
        5432         1682
        5433          186
        5435          717
        5441           64
        5443         1672
        5453          285
        5457          394
        5458         6281
        5460         1627
        5462         4959
        5463          736
        5472          680
        5473           27
        5474         3504
        5476           13
        5479         2646
        5481         4776
        5482          123
        5483         4445
        5490         5233
        5491          307
        5492         1312
        5493           55
        5494           92
        5498            0
        5499          755
        5506         6678
        5510         5792
        5516           47
        5521         5424
        5522         5848
        5527         2964
        5533          386
        5535          354
        5536         5831
        5537         1710
        5538         4138
        5553         1941
        5557          651
        5559          537
        5569          857
        5571         2653
        5572         4529
        5574          510
        5579          255
        5580           42
        5581         3282
        5586          949
        5588         5562
        5589          854
        5591           72
        5595          567
        5598         2611
        5601          108
        5605         1728
        5613          738
        5614         8692
        5615          288
        5616          738
        5624          857
        5627         4712
        5629         4085
        5632          877
        5635          156
        5652         2216
        5659           42
        5661          601
        5665            0
        5669         6137
        5670         7300
        5671          119
        5674         5930
        5677         2493
        5682            0
        5684          131
        5688         8117
        5697         4211
        5700         2845
        5701         2715
        5706           64
        5712           12
        5713          666
        5716         2371
        5717          192
        5721         5846
        5722          234
        5730         8546
        5736         5732
        5737          394
        5738         4374
        5740         4950
        5742         1039
        5744          190
        5746         2631
        5747          221
        5748            0
        5755         6345
        5758          131
        5760         1768
        5762          229
        5765          949
        5766         4991
        5767         1364
        5777           96
        5778           43
        5780          172
        5784           20
        5786            0
        5794          720
        5796           62
        5801         9437
        5803         1491
        5811         2586
        5814          802
        5819          630
        5820          117
        5825          123
        5829          293
        5830          794
        5831         6786
        5844         6179
        5853         1532
        5856           17
        5858         3321
        5862          471
        5869            9
        5871          972
        5872         1118
        5874         7159
        5876          152
        5879         4630
        5882         2430
        5883         5502
        5886           34
        5889          122
        5891           36
        5892            0
        5896            0
        5898          408
        5900         4169
        5903            1
        5904         3071
        5914         4509
        5917         1603
        5919         4673
        5920         2624
        5922           53
        5927          924
        5929         4304
        5932          815
        5939           92
        5941         5292
        5943         1502
        5946         2745
        5951         2697
        5957          101
        5959            2
        5963           18
        5968            0
        5975           30
        5977         6714
        5978         2220
        5988         3473
        5992         2746
        5998         3166
        5999          553
        6001         1194
        6003          372
        6009          942
        6010          220
        6012          509
        6018          118
        6019         1064
        6024         3761
        6025         1106
        6030         1214
        6034          374
        6035         4032
        6037          762
        6044          123
        6048         5084
        6054            0
        6057         1474
        6060          598
        6061         3088
        6062         9117
        6066         1003
        6070          226
        6071         3467
        6072            5
        6074         7422
        6077         5931
        6079            0
        6086         1065
        6087          338
        6090         2127
        6091           64
        6092         3033
        6099         2006
        6103         4943
        6104          103
        6105         4085
        6107         3705
        6122         6124
        6124         4690
        6130         3188
        6135          828
        6143            2
        6147           16
        6148          503
        6154         6150
        6160         7391
        6174          573
        6179          701
        6191         3045
        6194          432
        6195         2149
        6196          952
        6197          133
        6204         3265
        6205          385
        6206          891
        6211           16
        6214         1382
        6216         1975
        6229         5014
        6233          540
        6235          251
        6242           65
        6244          243
        6253         1514
        6263         1743
        6268         2087
        6281         3594
        6287         1144
        6289         6560
        6290          553
        6296          910
        6298         4571
        6303           39
        6306         1064
        6308          259
        6309          338
        6312         2018
        6317         2902
        6324         6518
        6329           34
        6334          220
        6336          293
        6337          472
        6340            2
        6342           19
        6349         6397
        6350         2870
        6353         3435
        6356           56
        6357          338
        6358           61
        6361            1
        6363          936
        6372          282
        6374         2663
        6375         6960
        6383          186
        6386         4548
        6390         6688
        6399         6347
        6400          852
        6402         8374
        6418          565
        6419           58
        6421         1155
        6422         6419
        6423          179
        6425         1485
        6428         6499
        6435          131
        6438          106
        6439         8442
        6440          192
        6444         2753
        6449         3499
        6454            2
        6456            4
        6461           83
        6462         6572
        6465          813
        6481         2983
        6485         2616
        6486          165
        6488         1808
        6495           69
        6503          611
        6509          259
        6516         2263
        6519         3351
        6520          186
        6524          203
        6527         4313
        6528          109
        6529         6416
        6534         1336
        6539         6068
        6540          103
        6543          165
        6544         6847
        6554          665
        6556         8220
        6558          910
        6564         3341
        6570          980
        6571         6070
        6574         5233
        6581         3879
        6584         7271
        6588          580
        6589          151
        6595            0
        6598            0
        6605           85
        6606         2434
        6607          226
        6610         5372
        6612           11
        6620           81
        6624         5662
        6628           18
        6633          130
        6634         8477
        6648         1016
        6653          100
        6662         4225
        6665          226
        6667          372
        6674         4756
        6676         2112
        6682         1022
        6687          783
        6693          495
        6695         6679
        6701          294
        6708          622
        6710          109
        6711          363
        6713          160
        6714         2933
        6715         4280
        6722         4686
        6723          998
        6727          116
        6741          363
        6762          187
        6763         1363
        6766         3644
        6772            1
        6775         4174
        6780         1099
        6782         6644
        6790           18
        6792         1235
        6794         7069
        6800          155
        6803          567
        6806          726
        6807         7080
        6810         6288
        6812          545
        6814           65
        6834          441
        6841         2721
        6846         1246
        6848         1876
        6853          895
        6856         7985
        6858         4903
        6861         1944
        6870         1793
        6873           46
        6875          616
        6876         1606
        6877          190
        6879         6822
        6882           26
        6883           24
        6885          113
        6892          962
        6893           46
        6901          267
        6915          766
        6916          426
        6917         6103
        6921         5579
        6925          992
        6926           11
        6928          282
        6931         4463
        6935         3921
        6937         1105
        6942         1944
        6968         4226
        6972            0
        6974         1601
        6976          532
        6994         3624
        6998          521
        7002         1189
        7003          494
        7011          101
        7014         4883
        7015          862
        7023          130
        7025          401
        7026            1
        7030           28
        7033           18
        7036            7
        7037         2960
        7038         1230
        7039         1363
        7043           26
        7044         1828
        7047         6980
        7052         3556
        7056         3383
        7063          455
        7072          237
        7075         1031
        7077         2378
        7078         6893
        7079         7208
        7080         7595
        7082          501
        7084         7379
        7086            9
        7093          649
        7103         2267
        7107           67
        7110         5234
        7113         1465
        7122         8759
        7123          357
        7138         5849
        7147         7318
        7148           95
        7152          780
        7153          104
        7156           57
        7158          872
        7163          372
        7172         6490
        7174          378
        7175          651
        7195          460
        7196         1003
        7201         5440
        7205            0
        7212         4462
        7217         2519
        7234          648
        7236         1044
        7242          526
        7244         3878
        7251          643
        7254          511
        7264          586
        7265           39
        7275         1559
        7284         7118
        7287         1235
        7289           99
        7290         5350
        7296          103
        7298         1654
        7313           71
        7314          543
        7315          333
        7328           66
        7332          367
        7337         2614
        7347         7385
        7365          152
        7379          602
        7392         4888
        7396         2918
        7397           34
        7400            7
        7401         5830
        7407         5019
        7413          498
        7420         7446
        7423         3009
        7425          304
        7426         2182
        7427          487
        7435            4
        7438         2639
        7441         6129
        7442          156
        7445         5177
        7448         6039
        7449         1278
        7459          863
        7465         1132
        7466         1036
        7469          423
        7470          955
        7473          962
        7477         2423
        7488         5439
        7496         1044
        7501          548
        7504         1305
        7505         9187
        7506           47
        7511         4734
        7512         3216
        7513         1908
        7518         3311
        7523           92
        7525           11
        7529          473
        7532           91
        7534           35
        7535         1316
        7537          205
        7551          367
        7552            0
        7559            9
        7560          167
        7565          103
        7571         5637
        7578           28
        7580         7716
        7583         5246
        7585         5010
        7592         2628
        7593           19
        7594          213
        7603         3699
        7608          499
        7611         4224
        7620         1169
        7628         7638
        7629         3009
        7631          866
        7650         1204
        7665           46
        7666          951
        7674         8581
        7677          407
        7678         5794
        7681          854
        7684         4285
        7688         1308
        7692         3367
        7704          243
        7705            0
        7718           93
        7722         5575
        7723           18
        7726          265
        7736          757
        7742         4845
        7748         5518
        7752         1632
        7754          144
        7762         1491
        7763         1274
        7769         1176
        7772            8
        7781         3552
        7786         5051
        7788         1066
        7789          160
        7792            2
        7795         1068
        7796         4081
        7799            4
        7801         8772
        7806         7412
        7812          551
        7820         4463
        7821          131
        7823         2780
        7826          854
        7834          569
        7840         7427
        7842          199
        7847          288
        7850           49
        7851         3150
        7854          637
        7872         4380
        7875          854
        7892          456
        7895          263
        7901           39
        7905           55
        7912           17
        7921          516
        7922         2527
        7926         6834
        7931         1105
        7942          513
        7945          283
        7949         7570
        7950           30
        7958           73
        7960         3289
        7964         1045
        7978          241
        7984         2988
        7988          852
        7996         1742
        7999          804
        8006           52
        8008         1587
        8015          102
        8017          693
        8020         3275
        8025         6037
        8029         4417
        8037           95
        8038          307
        8040          865
        8053          310
        8061         8801
        8074          311
        8075          311
        8080          378
        8083         5950
        8084         1044
        8088          254
        8095           70
        8101           18
        8102          288
        8103          289
        8119         3731
        8122         8340
        8123         2324
        8124         6648
        8126         4257
        8134         6536
        8135         2301
        8140          288
        8153            0
        8159         1022
        8164         5712
        8167          442
        8170           20
        8171          394
        8183           65
        8188          102
        8192         3684
        8195          718
        8196          775
        8199         8215
        8200          500
        8205          947
        8210          896
        8212           79
        8215          422
        8216         6547
        8222         1782
        8236            3
        8243          135
        8257         6279
        8260         6124
        8261            5
        8264          199
        8267            3
        8271          124
        8272          352
        8273          355
        8287         2767
        8288          225
        8291         2984
        8301          601
        8303          170
        8310         3652
        8316         8595
        8318         5237
        8321          170
        8331           93
        8336         2708
        8338         8137
        8344           17
        8352         4211
        8353         1212
        8357          163
        8360         2989
        8375          230
        8381           53
        8390            0
        8391         2425
        8394         5166
        8401          226
        8403         1016
        8405            0
        8417         1179
        8428          383
        8437         3617
        8438          314
        8439          776
        8456         4203
        8473          513
        8480           10
        8481          167
        8490          201
        8493           57
        8498          616
        8514         7963
        8521          861
        8524           93
        8531         2748
        8549         3555
        8552          689
        8556            0
        8563           97
        8564         2967
        8586         2074
        8593         1960
        8594         7220
        8605         2184
        8615           39
        8628           24
        8629           26
        8636            8
        8638          302
        8639           17
        8641         5527
        8642          206
        8643            0
        8653         5166
        8654          569
        8655         3956
        8657         2672
        8666         1905
        8676         1288
        8678           19
        8697         1321
        8702         2864
        8714         2691
        8720          103
        8727         5030
        8750            0
        8755           56
        8756           10
        8771          447
        8777          753
        8795           70
        8814         2499
        8834         1822
        8847          477
        8854         7061
        8859           97
        8867           33
        8878         5521
        8884         5673
        8886         1845
        8888          658
        8895           20
        8906         6324
        8907          155
        8908         5897
        8913         7355
        8924          582
        8939           28
        8943         7820
        8948          390
        8958            1
        8959          313
        8961         2324
        8968           24
        8989          753
        9002            0
        9036          949
        9037         4073
        9041           15
        9044           92
        9046          392
        9047         1590
        9052         5052
        9058         2280
        9062         1667
        9063           15
        9064         2091
        9077         5495
        9080          339
        9082         4340
        9104           84
        9108          875
        9109         3605
        9121         3544
        9127          357
        9134          604
        9152         3181
        9157          244
        9180         1220
        9181            2
        9182          617
        9203          163
        9206         8799
        9207         3652
        9213         1966
        9219           40
        9224         6572
        9232          183
        9290          161
        9301          196
        9304            9
        9306          374
        9309         4734
        9311          105
        9325         2832
        9326         1807
        9330         4447
        9347           39
        9357           99
        9373         4122
        9380          447
        9388           59
        9391          313
        9392          274
        9396         1468
        9398          745
        9403          380
        9406         8060
        9423         2939
        9430         1456
        9444         1323
