# HaloID(1) HaloID(2)
           0            0
           1            0
           2          221
           3          167
           4          117
           5            1
           6            6
           7            7
           8          633
           9         3448
          10            2
          11           79
          12           12
          13           13
          14         1392
          15         3893
          16          109
          17          112
          18           18
          19           19
          20           82
          21           22
          22          144
          23         8614
          24         1151
          25           26
          26           35
          27         1393
          28           29
          29          837
          31          245
          32         1140
          33            2
          34          814
          35         3226
          36         1129
          37           70
          38           38
          39           67
          40            0
          41          153
          42         3872
          43          185
          44          198
          45         4702
          46           17
          47           68
          48           73
          50           35
          51         2548
          52          671
          53         2622
          54         8264
          55          144
          56         7171
          57          691
          58          887
          59          250
          60          194
          61         2190
          62         1953
          64           64
          65            0
          66           51
          67         1537
          68          131
          69          547
          70          312
          71          300
          72         3316
          73           71
          74           18
          75           15
          76         1411
          77         2598
          78         5014
          79          698
          80           83
          81          715
          82          841
          83         3048
          84           86
          85         7479
          86           88
          87            3
          88          209
          89         5960
          90         2333
          91          216
          92         5550
          93         3659
          94         8634
          95         1602
          96          801
          97         8936
          98            0
          99          141
         100         8169
         101         8893
         102         2332
         103         5768
         104         1639
         105         1655
         106         6825
         107           73
         108         1256
         109         2043
         110          202
         111          112
         112           13
         113          470
         114          113
         115          252
         116         5411
         117         1224
         118         1186
         119          194
         120            1
         121          120
         122          633
         123           56
         124         6752
         125          162
         126         4971
         127         1833
         128          744
         129         3517
         130         5533
         131         3884
         132         7302
         133         1790
         134          644
         135         5461
         136          778
         137          218
         138         4206
         139          149
         140         2628
         141         4098
         142         1530
         143           29
         144         4572
         145          313
         146         5394
         147         1593
         148         6484
         149         1100
         150         7300
         151         7926
         152         2501
         153          142
         154            0
         156         1923
         158         2336
         159          452
         161         6264
         162           71
         163          868
         164            3
         165         4228
         166          200
         167          846
         168         2636
         170         2084
         171         6248
         172         3970
         173           40
         174            0
         175         1485
         176         2432
         177         4397
         178         1011
         179          601
         180         1994
         181           29
         182          514
         183         7791
         184         4972
         185          556
         186         8614
         187         2311
         189          927
         190          709
         191          879
         192         1023
         193         1287
         194         1722
         195          312
         197         4221
         198          115
         199         4312
         200         1478
         201          206
         202         2953
         204          537
         205         8975
         206         8374
         207         1148
         208         1734
         209         3931
         210          113
         211         5933
         212         2258
         213           90
         214         1931
         215         1637
         216         4596
         217         8213
         218         2871
         219         4292
         220           48
         222         7323
         223         5645
         224         1189
         226          649
         227          329
         228          220
         229         1268
         230          232
         231          233
         232         2760
         233          235
         234         5416
         235         3209
         236         3165
         237          241
         238         5465
         240         1166
         241         2067
         242         6154
         243         2666
         244         8077
         245          245
         246          751
         247         2814
         248         1497
         249         4133
         250         1783
         251         1454
         252         4857
         253         5690
         255         1188
         256          227
         258         2191
         259         5436
         260         3010
         261         8307
         262         1628
         263         4283
         264          259
         265          112
         266          732
         267          283
         268         5460
         269         8282
         270         5444
         272           71
         273         3151
         274         1824
         275         1613
         276         4764
         277         2243
         278         4986
         279         2968
         280           81
         281         4126
         282         4926
         283          565
         284         2553
         285          508
         286          948
         287         6686
         288          296
         289         4011
         290         5345
         291          224
         292            6
         293           12
         294         1167
         295         1561
         296         1351
         297          512
         298         4359
         299           74
         300         3135
         301           70
         302          523
         304         8879
         305         8002
         306         3990
         307         1568
         308          678
         309         1453
         310         2758
         311         2808
         313         1473
         314          191
         315         4541
         316          158
         317         7696
         318         2043
         320         7609
         322         1441
         323         1036
         324          216
         325         6033
         327         6213
         328         4533
         329         1652
         330         5992
         331         3509
         333         1007
         334         1285
         337         6484
         338         7048
         339          194
         340          162
         341          521
         342         1087
         344          362
         345         6792
         346         2143
         349           98
         350         1170
         352         7716
         353          354
         354          107
         355            4
         356           40
         359           91
         362           56
         363          484
         364          639
         365         5540
         367          445
         368         2855
         370         3716
         371         5235
         372         6208
         373         3251
         374          162
         375         8781
         376           68
         377         2482
         378         1178
         381         6003
         382          180
         384           26
         385         6363
         386         3048
         387          392
         389            7
         390          609
         391         3448
         392         1478
         393          194
         394         3050
         395          509
         396         3347
         397          935
         398         5687
         400           82
         401         3236
         402          343
         404         4034
         405         2644
         406          837
         408         1660
         409         7705
         412         3266
         413         2292
         414         2803
         415          752
         416          837
         417           86
         418         3952
         419         7889
         421         2881
         422         1922
         423         6464
         424         1957
         425         1768
         426          332
         427           93
         428         3130
         429          247
         431         8764
         432         8630
         434         2801
         435          435
         438          436
         440         4878
         441         2515
         442         4517
         444           56
         446           45
         447         5217
         448         5359
         449         1083
         450         1968
         452          463
         453          551
         454           17
         456          455
         457         1085
         458         4558
         459         8313
         460         3930
         461           83
         462         5277
         463          354
         464          702
         465         2355
         466         3909
         467         4330
         470          198
         471          313
         472         7888
         473         8284
         474         8861
         475          465
         476         6794
         478          182
         479         1498
         480         1204
         482          342
         483            0
         484         6171
         485         3521
         486         3089
         487         2023
         488         6211
         489          570
         490         2853
         493           12
         495          389
         496          483
         497           59
         498           29
         499         1307
         500          189
         501         4362
         502         2067
         503          821
         504         7918
         505          502
         506         3382
         507          232
         509         2125
         513         2514
         514          900
         515         4302
         517         2512
         518         6657
         519            6
         520         3188
         521         8398
         522         2102
         523         8334
         524         1375
         525          666
         526         4366
         528         1426
         529         5274
         530          145
         531         4915
         532           43
         533          880
         535          634
         536          225
         538         1962
         541          955
         542         8570
         543         4570
         544         7225
         545            1
         547         8894
         548          533
         549         1642
         550          976
         551         1867
         552         6755
         555          202
         556          432
         558           72
         560          567
         561           91
         562         3035
         563         5594
         564          498
         565         1701
         566          313
         568          242
         569         4827
         570         3190
         571          891
         572           45
         573           26
         576         1270
         577         1588
         579         2021
         580          814
         581         3309
         582         8961
         583           62
         584         1090
         585         2994
         586         7241
         587          571
         588         1530
         589          635
         591           34
         593         2036
         594         2648
         595          605
         596          216
         597         2278
         598         4215
         599         1949
         602         3018
         603           29
         604           66
         605          209
         606         4198
         607          859
         608           70
         611         1624
         612          268
         613         7373
         614         1387
         616         1167
         617         2085
         619         1249
         620         2835
         623         1212
         624          982
         626         1151
         627          281
         628         3034
         629          619
         630         2878
         631         7629
         632          250
         633         1723
         634           73
         636         3434
         639         2719
         642         1997
         644         2263
         647         7751
         648          659
         650          728
         651         1035
         652           87
         654           66
         655         2832
         656         7544
         658         3184
         659         5936
         660         2140
         661         1166
         662         3475
         663           77
         664         6462
         666         1268
         668          354
         669          198
         671          655
         672          601
         674         3661
         677          279
         679         4313
         680         6547
         682         3173
         683         4435
         684          312
         685         1049
         686         1790
         687         4849
         688         8645
         690          795
         691         6631
         692         6130
         694         1077
         695          760
         696           71
         697          111
         698           24
         699          137
         700         1580
         701         4255
         702         1339
         705         5362
         706           74
         707          148
         709         5078
         710         6153
         714         3705
         715         2385
         717         5341
         718          329
         719         7057
         720         7914
         721         8219
         723         3135
         725         5458
         726         4845
         728         1417
         729         2124
         732          630
         733         5055
         735         3810
         736          988
         737         1406
         738          305
         739          109
         740         3195
         741            0
         743           28
         744         3613
         747         3184
         748           34
         749          126
         750          756
         751         1327
         752         6891
         753         5337
         754          742
         755         2122
         757          764
         758          487
         759         5536
         760          226
         761         6465
         762          676
         765          211
         766            0
         767         1249
         769         3119
         770          178
         771         2528
         772          677
         773          994
         774         1585
         775          771
         777         2922
         778         2428
         780         7640
         782         2029
         784         1981
         785         1692
         787         2419
         789         1186
         790          426
         791         7764
         792          928
         793         1454
         794           13
         796           19
         798         5604
         799         6215
         800         3513
         801         7900
         802            3
         803         6555
         804          528
         805         6584
         806         6091
         808         4013
         810            5
         812         6668
         815         5948
         816         1940
         817         8145
         819          440
         823         2535
         825         1454
         827          313
         830         7523
         832          838
         833          775
         834         5817
         835         1198
         836         3137
         837         3812
         838          790
         840          303
         841         2654
         842         5533
         843         4965
         844          405
         845         5748
         846         1885
         847         8661
         849         2628
         850         1621
         851         6697
         852          848
         853          161
         855         1303
         857         1143
         859           19
         861         6747
         862          198
         863         1349
         866         8701
         867         2768
         870         1901
         871         3359
         872           35
         875         1056
         876         3269
         881           73
         882          182
         883         5754
         884          874
         886         1244
         887          982
         889          270
         890          511
         891         8634
         894          898
         895         1430
         896          173
         898         2832
         899          924
         901          110
         902         1833
         903         2797
         904          978
         906         1011
         907         2971
         909          520
         911         2081
         912          114
         913          552
         914         6978
         915          221
         917            6
         920          160
         921         1192
         923         4162
         924          926
         925         2788
         926          144
         927         5783
         929         1007
         931          246
         934         1543
         935         2585
         936          853
         938         4650
         941         4871
         943         1243
         944         4469
         945         3979
         946          817
         947         1374
         949          250
         951         5472
         952          193
         953         8204
         955          369
         956         5317
         957          356
         958          144
         959         3072
         960         7626
         962         5646
         963          154
         965          373
         967          116
         969         3453
         970         1189
         971           39
         972         2998
         975         2979
         978           41
         979         2103
         980          210
         981         2560
         983          952
         984          239
         987          917
         988         1000
         989          981
         990          994
         991         2292
         994         2995
         996         1311
         997         2448
         998         6672
         999         1124
        1002           11
        1003         7600
        1007         1751
        1008          976
        1009         4373
        1010         3858
        1011         8531
        1012         4809
        1015         3990
        1017          581
        1018         2336
        1019          562
        1020         6639
        1022         1041
        1023          144
        1024         3360
        1027           57
        1028         2254
        1030         1150
        1031         1543
        1032          577
        1034         1034
        1039         8990
        1045          103
        1046            3
        1047         4934
        1048          432
        1049         1881
        1050           56
        1053         3308
        1054          585
        1055            1
        1056         1427
        1057         1073
        1059         1014
        1060         4265
        1061         2668
        1062         3751
        1063         4682
        1065         2071
        1066         6473
        1068         2936
        1069         1991
        1070            8
        1071         5852
        1073         4954
        1074           15
        1077          782
        1078         7559
        1080         7830
        1081         6811
        1082         8558
        1083         8056
        1085         2885
        1086         7769
        1087         1089
        1088         1403
        1091           28
        1095           47
        1097          906
        1098         4319
        1099         4050
        1100         4876
        1101         1130
        1103         1487
        1105         3722
        1107          311
        1109          196
        1110          116
        1112         5559
        1114          669
        1115          451
        1116          330
        1117         1456
        1118         8298
        1119         1106
        1121         1119
        1122         6672
        1125         1133
        1126         1146
        1127          425
        1128         1641
        1129           32
        1132         3535
        1134          292
        1135         5607
        1136         4798
        1137         2081
        1140         5162
        1141          317
        1142         1007
        1145         2406
        1146         2583
        1149         3506
        1150         3557
        1151         2284
        1153          463
        1154         3590
        1158           81
        1159         5733
        1160         1454
        1162          226
        1163         6805
        1165            4
        1166          595
        1167           63
        1168         1427
        1169         7121
        1170         1518
        1171         6250
        1175           81
        1176         4177
        1177            2
        1178         3023
        1181         2679
        1183         7815
        1184         3202
        1185         6441
        1186         3812
        1188         1175
        1192         6637
        1193         1598
        1194         1382
        1195         8250
        1196         5383
        1197          251
        1198          301
        1199         4852
        1201         2336
        1203         2471
        1204         6103
        1205         1613
        1206         3577
        1207         2743
        1210         2043
        1213         7541
        1214          300
        1215         1216
        1216          169
        1217          150
        1219         4064
        1221          174
        1223           38
        1224         1827
        1225         4832
        1229         5028
        1231         7167
        1232         4900
        1233         6081
        1234         2344
        1236         1841
        1238          160
        1239         2186
        1240         4764
        1242         3047
        1243          363
        1244         6792
        1246         3058
        1247          404
        1249         1003
        1251         4115
        1253         6517
        1254          154
        1255         8405
        1256          325
        1259          276
        1260         1456
        1261         2444
        1262         1197
        1265         6845
        1267         6233
        1272         1303
        1273         3104
        1274         1022
        1276         5491
        1281         4077
        1282         3242
        1287         5443
        1288         4109
        1289         1464
        1290         2853
        1291         4494
        1292         8216
        1293           32
        1295            6
        1296          608
        1298         3777
        1299         5799
        1300         1207
        1301         4252
        1302         4884
        1303           39
        1304         3304
        1306         1301
        1308           35
        1310         3314
        1313         2295
        1314         2619
        1316         6565
        1320         1530
        1321          189
        1323         7768
        1324           74
        1325           72
        1327         2146
        1329         5262
        1330          649
        1333         5647
        1335         3668
        1336         2465
        1337          714
        1338         4400
        1339         1561
        1340         3414
        1342         3077
        1343           19
        1344         1026
        1346         1945
        1347         2393
        1349         2143
        1350         3276
        1351           15
        1352         1383
        1354         7622
        1357         1385
        1359         5807
        1360         3762
        1361          117
        1365          211
        1369         5247
        1370         1471
        1371         1398
        1372         2119
        1374         3872
        1375          103
        1376         2150
        1377          778
        1378         8817
        1379          834
        1382         8614
        1383         8446
        1384         1811
        1385            9
        1388         4515
        1390         3928
        1391          635
        1392          432
        1394          219
        1396         2337
        1398         4154
        1399         1393
        1400         1575
        1401          185
        1405         1731
        1406         1594
        1407         1425
        1409          435
        1410            1
        1411         6981
        1412         2378
        1413         8804
        1415         6511
        1420         5740
        1422            1
        1424         2650
        1425         1955
        1426         2190
        1427         6671
        1429         3786
        1432         3129
        1434          314
        1435         1426
        1437         2444
        1442          133
        1443           45
        1447           77
        1449         3236
        1450          908
        1451          562
        1454         1333
        1455         1465
        1456          838
        1458         7154
        1460         1263
        1461          387
        1462         1776
        1465         1107
        1467         3915
        1468         1307
        1469          221
        1470           74
        1471          476
        1473         1478
        1474         2094
        1475         1394
        1477          355
        1479         1485
        1480         3858
        1482          544
        1483         1700
        1485         3322
        1490          581
        1491         1090
        1492         2048
        1493          955
        1494         8262
        1495         3956
        1496          955
        1498          455
        1500          206
        1502         2538
        1503           18
        1505         1445
        1506         4431
        1507          180
        1508         3079
        1509         1031
        1511         2063
        1512         1824
        1514         6475
        1515         3657
        1516         1464
        1520         1675
        1521           75
        1527          202
        1528          571
        1530         2622
        1532         7634
        1535         1751
        1538         1560
        1541         5520
        1542          194
        1543          289
        1544          561
        1546         1006
        1548         1570
        1549          662
        1550         2183
        1552         2723
        1553         1122
        1554         8558
        1555           83
        1556         1655
        1561         6005
        1562         7887
        1563         3915
        1564         3207
        1569         1769
        1570           39
        1571          280
        1572         6211
        1573           91
        1574         2051
        1576         1506
        1577         2722
        1579         6343
        1582          311
        1587         3779
        1588         2074
        1589         1577
        1593         1170
        1594          388
        1597          387
        1599         1063
        1601         1214
        1603          681
        1606          574
        1607         4749
        1610         2931
        1611         2445
        1612         4430
        1613         1625
        1615         1602
        1617         6852
        1618          200
        1619          578
        1620         7551
        1622          836
        1623         1660
        1624          868
        1627          887
        1633           17
        1634         5900
        1637         8005
        1638          783
        1639         8187
        1642          536
        1643         3513
        1644         3078
        1646         2297
        1647         1639
        1648          135
        1649         5739
        1650          387
        1651         6953
        1655           57
        1656         1296
        1657         2507
        1659         1374
        1661         3304
        1667         1865
        1669         6465
        1672         1547
        1673         1385
        1674         3481
        1675         1683
        1677         4369
        1681          329
        1686         1685
        1687           31
        1689           84
        1690         1253
        1692          858
        1693         8187
        1695          308
        1696         8824
        1698         4702
        1699         3896
        1700         5675
        1701          731
        1703          281
        1704          577
        1706         3586
        1707          162
        1708         6613
        1709         1613
        1710          275
        1712         1121
        1714         2011
        1716         1413
        1717           79
        1719         1122
        1725         4138
        1730          200
        1732         3753
        1734         7738
        1736          140
        1738          541
        1744         7660
        1746         2931
        1747         1478
        1755           63
        1756         1404
        1757         5160
        1758         4911
        1759         4175
        1760         2544
        1762           71
        1764         2428
        1765          544
        1766         4292
        1767           18
        1770         2629
        1772          476
        1773         1796
        1777           43
        1778         4911
        1779         7731
        1781         1793
        1782         2336
        1783         1975
        1786         5175
        1787         1749
        1789         1259
        1790         1789
        1791         3558
        1792          351
        1795          126
        1799            2
        1800         3040
        1806         3438
        1808          162
        1809            5
        1810           45
        1812         1900
        1813         1246
        1814         2089
        1815          139
        1816         1128
        1818           62
        1819          888
        1820         4118
        1823           27
        1825          635
        1826          460
        1827          387
        1828         3709
        1829         8284
        1832         3534
        1833         4375
        1834         1720
        1837          979
        1838         2474
        1841         1315
        1843         4399
        1844         1866
        1848         2873
        1849         1285
        1850         6453
        1851          591
        1852         1790
        1853         6484
        1855         5258
        1858         3288
        1861         7914
        1864         4005
        1866         6120
        1867         2625
        1868           45
        1869           27
        1872         2515
        1873         2219
        1874          661
        1875         4562
        1877         3428
        1878          290
        1881         2922
        1884         2598
        1885         2817
        1887          518
        1889         1632
        1894         2629
        1901         1804
        1904         1870
        1905          326
        1908         2352
        1912         1007
        1914         4126
        1915         1930
        1916         6728
        1917         2473
        1921          200
        1923         6132
        1924         5592
        1925          714
        1926         1914
        1932         3712
        1935            1
        1936          369
        1939         4594
        1941          769
        1942         1945
        1944           60
        1945            2
        1947          318
        1948         5333
        1951         1958
        1952         5272
        1953         7459
        1955         5104
        1957         8219
        1958         1988
        1959         5017
        1960         1007
        1961           67
        1962          430
        1963          361
        1964         7571
        1976         4059
        1977         6775
        1978         2417
        1985         6697
        1986         7983
        1989         7152
        1991          565
        1993          135
        1995           63
        1998          158
        1999         2021
        2001          286
        2002         1951
        2003         7193
        2005         1922
        2006         4876
        2007         5644
        2009         5503
        2015         1588
        2016         4075
        2017          957
        2018          933
        2019         8216
        2023           38
        2025         2051
        2026          615
        2027          110
        2029         1121
        2030          204
        2031          138
        2034         1975
        2035         3970
        2036          305
        2040         4640
        2045          375
        2047          576
        2057         6020
        2058         3086
        2065         5716
        2066         6091
        2070          495
        2072          221
        2073         2719
        2074         4479
        2075           27
        2076         2637
        2078         5704
        2079         5820
        2081           78
        2083         8990
        2086         1253
        2087         4772
        2088         7895
        2090          863
        2094         1101
        2096          596
        2105          182
        2107          263
        2111          181
        2112          401
        2113         2125
        2114         8676
        2116         1041
        2117          173
        2118          537
        2119         5717
        2120         2102
        2122         2153
        2123         3122
        2124         1015
        2125         3158
        2127         7052
        2130          158
        2131          266
        2133         4317
        2135          185
        2139          428
        2140         1944
        2142          676
        2143          264
        2144         4597
        2146         6228
        2147         8122
        2148         2067
        2153         6542
        2154         2966
        2157         1390
        2160         2513
        2161          403
        2162           61
        2163         1874
        2167          509
        2168         3371
        2169          217
        2173          182
        2174         4588
        2177         3226
        2178         5247
        2180         5443
        2181          862
        2183           73
        2186          374
        2187         2205
        2193          819
        2196         6939
        2197         8307
        2198         8876
        2200         1640
        2201         2284
        2207         2450
        2209         1650
        2210          664
        2211          807
        2212         5461
        2214          332
        2215         2002
        2217         3316
        2218         1416
        2220         5320
        2222         4441
        2223         2191
        2225         7108
        2227           46
        2228          373
        2232         2583
        2233         3532
        2234         2232
        2236          232
        2237         1950
        2238         7618
        2240         4280
        2244          114
        2245          862
        2246          222
        2248         2866
        2250         5637
        2251         1454
        2252         2045
        2255          382
        2256          509
        2258          536
        2260          118
        2264          158
        2266         1615
        2270         1497
        2271         3297
        2272          447
        2273         4382
        2275         1067
        2277         2233
        2278           28
        2281         5625
        2282         8091
        2283         3579
        2286         3054
        2287          728
        2290         1845
        2291         6565
        2295         6950
        2298         4402
        2299         2225
        2301          270
        2303           27
        2304         2619
        2305          111
        2308          278
        2313          691
        2314         4279
        2320         3992
        2322           48
        2323         4351
        2324          622
        2325          790
        2326          212
        2327          645
        2329            0
        2332            0
        2333         3690
        2336         4317
        2338          696
        2339         9005
        2341         1240
        2349          502
        2351         2931
        2353         3289
        2354            0
        2355         3943
        2359           75
        2362          705
        2363          114
        2364          479
        2367          926
        2368         6385
        2370         4257
        2371           26
        2373         5692
        2374          609
        2376          463
        2377         2369
        2379          626
        2380          358
        2381           60
        2383         1605
        2384          112
        2386         1277
        2387          215
        2390           45
        2391          959
        2397          627
        2399          675
        2402         7291
        2403          859
        2404          645
        2406         1011
        2409         5296
        2412         1959
        2414         8252
        2418         4518
        2419          693
        2421         3383
        2423           16
        2424           81
        2425         2443
        2426          259
        2427         8634
        2429           85
        2431         1225
        2434         2953
        2435          947
        2438          697
        2439         3917
        2444         1105
        2445         7024
        2446           51
        2447         1275
        2448           30
        2452          336
        2453          681
        2454          557
        2464         2243
        2466          510
        2467          359
        2468          752
        2469           62
        2472         3767
        2473         5657
        2476         1923
        2477          277
        2480          185
        2483           45
        2484         6644
        2489         3374
        2493          504
        2494          816
        2496          317
        2501          909
        2504         2079
        2506         3848
        2507         4181
        2510         1266
        2511         6456
        2513         1270
        2516          343
        2518         2030
        2520         1351
        2521          642
        2522         3287
        2523          836
        2525          215
        2528         2604
        2530          916
        2531         2979
        2533         3018
        2534         5495
        2537           59
        2539          826
        2541         2687
        2542         5261
        2543          425
        2551         5720
        2555         4166
        2557            0
        2559         3884
        2560         2604
        2562          876
        2563         5202
        2564           65
        2568          150
        2569         4198
        2570          296
        2573         4359
        2577          721
        2578          691
        2579            0
        2581          486
        2583           14
        2584          324
        2586         2049
        2587         6247
        2588         1523
        2589         1390
        2590          360
        2592         8169
        2594         2544
        2596           32
        2600         5918
        2601          174
        2603          125
        2609          725
        2613         2840
        2614          225
        2616          586
        2617         1585
        2618         2747
        2619         1453
        2620         3661
        2621           31
        2622         1465
        2625         1629
        2629         5627
        2635          418
        2637          403
        2640         1119
        2642           98
        2643           13
        2644          308
        2648         6314
        2650          330
        2653         7939
        2654         1962
        2660          131
        2662         2814
        2663         4918
        2667         4681
        2670         3156
        2671         7779
        2673         2577
        2677         5148
        2678         2540
        2679         5085
        2681           48
        2684         1522
        2685         1007
        2692          655
        2693         1588
        2698         4089
        2701         7014
        2702         2799
        2706          828
        2707         1723
        2708          343
        2710         5507
        2711         6347
        2715          793
        2716            0
        2717          496
        2718         1010
        2719         5073
        2725         4022
        2726          275
        2727         4795
        2728          771
        2729         1929
        2730         1656
        2737         3914
        2738         1496
        2739          562
        2743          169
        2744         5404
        2750          357
        2751          395
        2753          184
        2754         1726
        2755         2795
        2756         4452
        2757           25
        2762         2984
        2763          649
        2766           66
        2767          916
        2769          130
        2771         1366
        2774         2199
        2775         4595
        2777          578
        2778          630
        2781         3242
        2784           81
        2785         1118
        2786         7798
        2787         2415
        2789         5724
        2797         5328
        2799           72
        2803         1192
        2804         3918
        2808         8350
        2812         4915
        2815          244
        2816           19
        2820         6264
        2821         2803
        2823         5198
        2824          345
        2825         1319
        2826           74
        2831         2784
        2834         3942
        2835          570
        2836         8205
        2839          928
        2841         5126
        2843         2864
        2845         2229
        2849         1056
        2852         7488
        2853          367
        2856         1397
        2863           25
        2865         1075
        2871         8112
        2872           28
        2874         2995
        2877         5532
        2880         2450
        2881         2471
        2884          206
        2885         5890
        2887         2637
        2889         7128
        2890         6735
        2891         1167
        2892           11
        2894         8236
        2895         2916
        2897         3571
        2898         3125
        2899         2273
        2901         2535
        2903         4838
        2904          925
        2906         2818
        2908         8941
        2914         1039
        2918         6778
        2921         2916
        2923         1172
        2924         4452
        2927          274
        2930           90
        2931         4818
        2935          398
        2937         6758
        2938         1138
        2943         4850
        2944         3930
        2945           70
        2949            8
        2952         2403
        2953          560
        2957         8898
        2958          630
        2959         1282
        2960         1615
        2962         5246
        2967          621
        2968         2053
        2970          404
        2973         5723
        2974         1709
        2976          519
        2979          345
        2984         3706
        2985          915
        2987            0
        2989         1257
        2992         5605
        2993          307
        2996         4582
        2998         1336
        3003         2886
        3004         6232
        3006         8550
        3007         3617
        3008           15
        3010         6264
        3012         4714
        3013         7901
        3015          463
        3016         1711
        3020          443
        3021          682
        3025         1889
        3026         2669
        3028         1077
        3030         6135
        3033         6072
        3035            3
        3039         7789
        3040          158
        3046         4702
        3047         3044
        3049           91
        3050         1962
        3058          213
        3061         6475
        3062          323
        3063           43
        3064          296
        3067         7575
        3068          579
        3071         4917
        3072          348
        3077         5114
        3078         8087
        3079         1174
        3081          772
        3082         1371
        3083          639
        3086         3286
        3088          278
        3090          997
        3092         3477
        3093         1385
        3095            6
        3098         1374
        3105           31
        3107          437
        3114         3118
        3115         7217
        3117          914
        3118           82
        3122         7003
        3125         1272
        3126          831
        3128         2348
        3129         4233
        3132         2521
        3133           87
        3135           65
        3136          287
        3138          278
        3141          714
        3144         2431
        3150         3579
        3151          899
        3154          144
        3159         7757
        3162          229
        3165          336
        3166         4941
        3168         1107
        3169          778
        3173         6920
        3176         8840
        3178          354
        3179          620
        3180         2494
        3182          859
        3194          496
        3195         5998
        3197         8832
        3201            0
        3202         4518
        3204         2171
        3207         7631
        3210         5347
        3212          685
        3217            5
        3218         2224
        3219         8205
        3220         8027
        3221         2350
        3224         3198
        3227           47
        3229         3024
        3230           45
        3233         7479
        3236          471
        3238          199
        3240            0
        3242          343
        3246          552
        3248           82
        3253          121
        3255         2334
        3257          501
        3261          175
        3262         8598
        3263          298
        3264         2425
        3266         3810
        3271          334
        3272          940
        3274         3339
        3275          138
        3277         1692
        3283         1928
        3285         5764
        3288         3234
        3289          585
        3293          634
        3294         6034
        3297          486
        3299         6078
        3300         1805
        3307         6453
        3308         2212
        3311         1205
        3319         1715
        3321          150
        3322          149
        3324         1054
        3325          259
        3329          220
        3330         4889
        3331         6007
        3334         2493
        3335         2045
        3336          275
        3337         8219
        3339         2243
        3341         7587
        3342         3045
        3345         7454
        3348          185
        3351          880
        3354         1483
        3356         1737
        3358            9
        3361         3340
        3364          223
        3365         3509
        3367          154
        3368         1318
        3370         1499
        3371         1848
        3373           12
        3375         2619
        3378          505
        3379         1074
        3383         2554
        3385         6817
        3386         5787
        3387           82
        3392         3458
        3394         1750
        3395         2199
        3397         3278
        3399         3153
        3405         1828
        3407          275
        3410         3385
        3421          831
        3422         1859
        3424          292
        3425         2726
        3427         3089
        3428          271
        3432         4558
        3434           70
        3440          320
        3441          667
        3442           49
        3443         1008
        3447          513
        3449         1793
        3450          275
        3451          590
        3452         3505
        3455           65
        3459         1429
        3461          201
        3463           36
        3465         3477
        3466         1230
        3469         6552
        3473         1502
        3475          411
        3477         6006
        3479         5622
        3483         4675
        3484            7
        3486            9
        3488         7566
        3492          533
        3494           61
        3498          184
        3502         6315
        3505           89
        3511         7875
        3512         4177
        3513         3475
        3514         5227
        3516         3321
        3517          981
        3518         7134
        3525          302
        3526         8101
        3528         2518
        3529         3121
        3533         4115
        3535         2336
        3540           18
        3541         3512
        3542         2078
        3543          267
        3549         3809
        3555         6586
        3559          412
        3560           69
        3561         4790
        3564          537
        3566         2912
        3567         4710
        3571         4325
        3574          301
        3578         5879
        3581          571
        3583         8970
        3586           12
        3587         5715
        3590          465
        3591          218
        3594         4018
        3595          986
        3598         5932
        3600          290
        3606          933
        3612         2617
        3616          671
        3621           20
        3622         1051
        3626         2334
        3628          194
        3631          105
        3632         3350
        3637          416
        3638         4393
        3643          547
        3644           97
        3645         4770
        3646         1055
        3648          839
        3649           62
        3652         2361
        3654         7521
        3660         4635
        3662          250
        3669           26
        3671         1563
        3673         6868
        3676         5985
        3678          106
        3679         3527
        3680         1998
        3682          476
        3688         2464
        3689         1659
        3691          155
        3692         4489
        3693         1529
        3697          206
        3698         4133
        3702          216
        3707         3370
        3712          343
        3713         7600
        3719         7783
        3720         1011
        3721         5164
        3722          801
        3723         2024
        3729         1868
        3730         1859
        3731          387
        3732           81
        3734         3174
        3735           53
        3740         1028
        3744           12
        3746         1399
        3748          312
        3749          160
        3756         5790
        3762          857
        3763          219
        3765          130
        3768          382
        3770         7061
        3771          124
        3772         5006
        3773         1025
        3774           31
        3775           73
        3776            6
        3780          443
        3783           14
        3784         1364
        3785         5714
        3788           49
        3789         1230
        3794         2628
        3796         7632
        3798         4796
        3804         2476
        3810           35
        3812          897
        3814         6537
        3817         3018
        3818          909
        3822          160
        3824         7866
        3825          819
        3827           63
        3832          579
        3842         2186
        3843         3676
        3846         1970
        3847         3688
        3848         3408
        3852            0
        3853         6586
        3858         2486
        3859          809
        3860         1230
        3861         2784
        3863           17
        3864           15
        3866          278
        3868         6837
        3870          817
        3872          986
        3876         3048
        3878         1498
        3879          399
        3883            9
        3884         8444
        3887          108
        3889         1002
        3892         4914
        3893            0
        3896          175
        3903          351
        3906         1770
        3910         6837
        3915          591
        3916         3588
        3917         1870
        3922          720
        3925           30
        3927         1207
        3929         3735
        3930           75
        3931         6914
        3934          966
        3938            0
        3939          158
        3940          998
        3942         1197
        3943           16
        3947          692
        3955          637
        3956         3105
        3957         3433
        3958         2114
        3961          219
        3962          330
        3963         2211
        3965         1165
        3968         6420
        3971          180
        3975           26
        3977          585
        3979          436
        3984         2053
        3989          897
        3990           90
        3991         1833
        3998           16
        3999         3303
        4001          189
        4004          571
        4005          143
        4008         4233
        4010         3791
        4015         5254
        4016          206
        4018         5702
        4022          810
        4024         2819
        4025          529
        4029          523
        4031          138
        4034         6915
        4035          365
        4036          809
        4038         1111
        4039          109
        4041           84
        4046         2690
        4047         5525
        4048            6
        4054         4013
        4059            6
        4061          205
        4063         6545
        4065          556
        4068          158
        4072         4051
        4075          452
        4076         8240
        4077          162
        4087         1427
        4089         5328
        4092          812
        4094         5458
        4095         7238
        4097          627
        4098          114
        4099          137
        4101         5540
        4102          645
        4106          405
        4117          131
        4119          473
        4122         8638
        4127          717
        4129         4069
        4133         1874
        4138         4805
        4141           25
        4143         6215
        4145          558
        4146         3102
        4147          215
        4151         1581
        4156         3463
        4159         1631
        4161          304
        4162         1007
        4171         7846
        4176          417
        4181         3804
        4183         3028
        4185         1731
        4191         5709
        4193         4159
        4194         4386
        4198         7490
        4205         1934
        4206          654
        4207          929
        4208         6782
        4210           59
        4212         2097
        4213         1196
        4215          192
        4220           65
        4223          362
        4224         2333
        4225         2154
        4226         5883
        4228         1253
        4229          298
        4230         7610
        4231         2122
        4234          365
        4236         8103
        4244         1020
        4246          936
        4247         1563
        4248          357
        4251         4979
        4252         1958
        4258         8956
        4259         5041
        4261         4158
        4263          195
        4267         6250
        4270         1248
        4272          193
        4274           26
        4277         4926
        4279         1351
        4283         1018
        4285         2913
        4287         1039
        4290         5031
        4293          316
        4294          757
        4295          131
        4296          260
        4297          141
        4298         5874
        4304         1946
        4306         1430
        4307          138
        4309         8434
        4312         7898
        4315          613
        4316         2298
        4317         7348
        4321         4382
        4323          255
        4325         4333
        4328            5
        4330         6911
        4338         7860
        4340         5087
        4341          107
        4343         1727
        4345          133
        4351         2669
        4353          369
        4355          659
        4360          181
        4361         2361
        4363         2992
        4365         3123
        4366          640
        4367         2889
        4376         4431
        4377           17
        4378         2321
        4382          114
        4385          174
        4387          140
        4388          777
        4389         1660
        4392         4419
        4395         1733
        4398           79
        4404         1870
        4406           36
        4409         2832
        4412           69
        4418         4410
        4420         6779
        4430           27
        4431         1546
        4434         2399
        4435         4614
        4436         2119
        4441         6795
        4443         4540
        4444           34
        4448          312
        4455          258
        4457         4280
        4460          330
        4461           98
        4472          162
        4473         2183
        4474          768
        4478         1960
        4479           38
        4492          160
        4498            3
        4501         1090
        4502          952
        4513          235
        4514          662
        4516         8609
        4518          533
        4519         1649
        4520         1570
        4522          287
        4523         2699
        4525         1023
        4528         1224
        4532         3183
        4545         2030
        4548          728
        4554         3032
        4558          325
        4559         3009
        4560          318
        4564         2493
        4566         6737
        4568         2764
        4570          750
        4572         1667
        4576          196
        4577         3844
        4580         8895
        4581         3716
        4583          410
        4585         1653
        4586         1023
        4588         3896
        4594          232
        4601         1897
        4602           37
        4603         2317
        4607         3395
        4611         4261
        4619          228
        4620         4131
        4622           70
        4623         6845
        4624         2887
        4625          560
        4627         1172
        4632         5837
        4638         3206
        4640         4260
        4642          428
        4647         3617
        4652         3969
        4656          225
        4657         3215
        4658         5913
        4663          760
        4666         1225
        4670         4803
        4672         1748
        4673          253
        4677         3681
        4680          218
        4684         4667
        4692          223
        4693           24
        4694          534
        4696         6842
        4697          317
        4700          155
        4701          149
        4704          270
        4711         6117
        4714          173
        4715         3558
        4717         4168
        4720          179
        4725           73
        4727         8847
        4728           32
        4734          805
        4736          107
        4737            3
        4744         5579
        4748          359
        4750          259
        4755           11
        4756         8811
        4757           70
        4759         6403
        4761          896
        4765          173
        4772         8348
        4773         4100
        4775         3492
        4780         3959
        4784         1221
        4791         8273
        4793          211
        4795         5668
        4797         6480
        4800         5420
        4807         7539
        4808         7156
        4809         7832
        4819         1442
        4820          443
        4826         1167
        4831         3993
        4832         3670
        4835          676
        4836         1261
        4837         6782
        4838          267
        4840          472
        4844          594
        4845          170
        4848          477
        4851         5836
        4856            4
        4857         8774
        4859         2025
        4871         3518
        4875          643
        4881           61
        4886         1220
        4887          590
        4890          519
        4891         6231
        4893         2937
        4894         5821
        4896         7028
        4899          525
        4903         4491
        4904          366
        4907           58
        4918          278
        4922           36
        4923         2311
        4924         1390
        4933           91
        4936         7378
        4938          245
        4941         5047
        4945           53
        4949         1147
        4951            6
        4952          924
        4955         6677
        4957          882
        4966         4434
        4968          379
        4969          971
        4972         4136
        4973           26
        4975         2527
        4979          133
        4982          835
        4986         4254
        4987         5478
        4993          957
        4996         5498
        4997         7699
        4998         6805
        5001         7539
        5005          914
        5006         3701
        5007         5908
        5013          675
        5019         2334
        5022         6815
        5026         5939
        5028           25
        5029         4290
        5047         6657
        5049            6
        5050           26
        5052         1398
        5060          524
        5061         4881
        5063         3847
        5064         2948
        5065         2465
        5067           43
        5069          486
        5070         8741
        5074         3142
        5080         4108
        5081         4487
        5083         7727
        5085          644
        5086          140
        5087          620
        5089          178
        5090          659
        5095           31
        5097         7134
        5098         4444
        5099         5128
        5100         4372
        5101         4755
        5102         5150
        5104         8985
        5107         1790
        5108         2124
        5113          592
        5115           47
        5123         1015
        5125         1379
        5130         1474
        5134          326
        5137         2468
        5138            0
        5141         3292
        5142         1090
        5143          318
        5148         5651
        5150         1186
        5153         5391
        5155         5925
        5157         3112
        5158         8207
        5161         8024
        5162            3
        5163         4923
        5165          562
        5168          570
        5169            3
        5172           27
        5174         5563
        5177          554
        5181            0
        5182          582
        5189          874
        5193            7
        5197           66
        5201          181
        5206           35
        5208         2125
        5209         3958
        5213          658
        5218         1714
        5224         1492
        5225         2092
        5232         1028
        5233         1831
        5238           70
        5240          154
        5241         5511
        5245           91
        5248         1075
        5249         3316
        5252         5874
        5254         3744
        5259         2079
        5263          411
        5265          212
        5266         3567
        5269          859
        5270            0
        5273         6199
        5274          416
        5275          585
        5281         1187
        5285          217
        5289         1150
        5302            0
        5307         4134
        5310          952
        5313         1134
        5316          179
        5322            0
        5323         4336
        5324         5303
        5325          512
        5328          472
        5331         5693
        5333         1530
        5336           93
        5342         3156
        5348          181
        5350          488
        5352         5196
        5356          157
        5358         1420
        5364          197
        5368           17
        5369         2588
        5371         4239
        5375          448
        5376          343
        5379           60
        5380         1526
        5381         8609
        5383         5605
        5386          204
        5389            0
        5391         1325
        5393            1
        5396         7539
        5398           38
        5399         1039
        5408         8946
        5410          534
        5416         3429
        5422         4050
        5426          405
        5430          612
        5431         6109
        5434           14
        5437          250
        5438           13
        5439         5988
        5440           61
        5444           14
        5445           18
        5453         7115
        5454           60
        5457         4304
        5459           75
        5460          290
        5461           27
        5468          401
        5469         4804
        5472         2456
        5479         3327
        5483          325
        5486         5614
        5492         2022
        5499         2992
        5500         2530
        5501         8097
        5511         1636
        5512         5837
        5513         1090
        5515         2919
        5516         4260
        5517         4213
        5521         5364
        5526         1375
        5527            5
        5529          110
        5535         6544
        5539         6868
        5540         3698
        5543           15
        5544           40
        5546         2119
        5547          241
        5549           16
        5552         4639
        5555           32
        5560         2879
        5562          688
        5565         3078
        5567         1041
        5571         4696
        5573         1223
        5576          633
        5579            7
        5580          416
        5581         7038
        5583         5243
        5584          211
        5586         6833
        5590          184
        5601         2785
        5603         5294
        5609         7104
        5612         3676
        5613         2997
        5614         4047
        5615         1252
        5616         5189
        5623          216
        5638         2708
        5640           97
        5642         2036
        5643         6658
        5651          168
        5658         1393
        5661          558
        5663         1844
        5674         1217
        5676         3242
        5677         4226
        5682         3292
        5685         1700
        5689         6419
        5693          356
        5695          233
        5698          353
        5700          204
        5702         1839
        5704         1796
        5708           86
        5712         2632
        5714         3344
        5724         2801
        5728          132
        5729         1317
        5734         5358
        5738         1659
        5743          351
        5745           34
        5746         2712
        5753          273
        5754         3260
        5757         3421
        5758         6862
        5763         1951
        5778         1358
        5781            4
        5782         3020
        5784         4801
        5786           19
        5787            6
        5788          911
        5789          271
        5792         1628
        5797          760
        5798         4708
        5799           14
        5802          519
        5810          148
        5817         6422
        5820          161
        5823         6778
        5825         8105
        5828          221
        5829          635
        5831         3252
        5835          483
        5838         3680
        5843            0
        5847         5834
        5850          836
        5856         1890
        5860         3952
        5864         1430
        5866          591
        5876         2164
        5882         2074
        5885         7375
        5886         8311
        5891          994
        5893         8742
        5896          465
        5897         3051
        5900          986
        5901         2461
        5902           14
        5906         1023
        5907          898
        5908         4144
        5911         2307
        5913         1788
        5919           74
        5923         1464
        5935         6823
        5936          118
        5937         1793
        5938         1487
        5942           48
        5943          233
        5950          510
        5955         7704
        5960         5684
        5962          161
        5964         2984
        5965          127
        5966         5997
        5970         1506
        5972          979
        5978            0
        5988           74
        5989            3
        5993           58
        5998          768
        6001         7479
        6002         5031
        6011         5656
        6022           53
        6026         6030
        6036          537
        6048         6907
        6049           51
        6053          544
        6055          560
        6059          140
        6061         1750
        6064          152
        6066         2998
        6071         3009
        6072           61
        6073         1688
        6079         1752
        6090          148
        6091         2520
        6094          269
        6105         8213
        6110          195
        6111         1386
        6114         2235
        6116         3589
        6118         3886
        6127          238
        6131         4039
        6133         2453
        6137          366
        6138         1072
        6140          137
        6143         2146
        6145         2648
        6158         4381
        6159         2622
        6160          635
        6161         1106
        6162          531
        6168          415
        6171         1073
        6177         7056
        6178          246
        6180          239
        6183          399
        6190         3099
        6193         5069
        6196          401
        6197           91
        6198          608
        6206         6620
        6209           18
        6211          578
        6218         3955
        6225          844
        6229          682
        6233          277
        6236         1124
        6240         1198
        6244         4201
        6246         5253
        6257         3005
        6261           60
        6264         4710
        6266         3215
        6267          632
        6268         7445
        6269          876
        6270         3986
        6272         1446
        6274           45
        6276          712
        6280          188
        6286          190
        6287         2962
        6288         1426
        6289         1034
        6293          126
        6295         6329
        6296         4122
        6300           74
        6313          114
        6325          554
        6328         5876
        6330           55
        6334          230
        6337         1149
        6339          703
        6343         2908
        6345          608
        6346         2224
        6363          237
        6367          488
        6372         4823
        6380            0
        6389          387
        6391           71
        6396            1
        6397          392
        6409          554
        6410          392
        6411         2375
        6415          833
        6419          103
        6422         3540
        6430         1066
        6431            0
        6433          104
        6435         1640
        6437          151
        6443          495
        6445            5
        6449          589
        6450          857
        6452         5175
        6454           26
        6455            6
        6457         5971
        6466         3329
        6467         4813
        6470          119
        6471          428
        6479         6422
        6482          158
        6485          194
        6491         5328
        6495           74
        6501         2515
        6504         1127
        6506         4548
        6507          155
        6509         1273
        6511         8598
        6514           51
        6515         1783
        6526          532
        6530          705
        6532            9
        6534         2747
        6535            5
        6552         5936
        6555          392
        6556         2583
        6562         1957
        6563         6344
        6564         3134
        6567          103
        6572         4102
        6576          422
        6577         3584
        6578         7386
        6579         4120
        6580         2987
        6585         1442
        6588            0
        6597         4554
        6601         6620
        6602            7
        6604          712
        6611         3398
        6612           26
        6615            3
        6616         1613
        6617         1142
        6630         3707
        6633          960
        6636         3833
        6639         7434
        6642         5075
        6651         5913
        6655           32
        6659         3623
        6666          560
        6675         2925
        6677           40
        6679          289
        6681          432
        6683         1733
        6686         2124
        6690          428
        6703         4663
        6707         4260
        6710         8841
        6714          677
        6718           62
        6719          546
        6720         2456
        6721         5132
        6724         1381
        6725           91
        6728         2074
        6732         4566
        6733         5358
        6735          255
        6737         1965
        6738          408
        6749         2453
        6750         5590
        6752         6902
        6755          784
        6757         3773
        6763           91
        6765         1351
        6770          903
        6771          249
        6774         1240
        6780          334
        6788         2764
        6789          544
        6795         1115
        6797            1
        6799           40
        6804         6215
        6807         2061
        6808         4220
        6817         8215
        6818         3824
        6819         3242
        6820            1
        6826         4915
        6832          517
        6838          291
        6841         1793
        6847          409
        6850         5199
        6854         1409
        6859         1266
        6860         1503
        6863         2350
        6865         1403
        6869          188
        6873         3826
        6876         1861
        6880         6879
        6884         1362
        6886         2972
        6888         3311
        6894         7869
        6897         5038
        6901         5443
        6906         1932
        6928          480
        6933            2
        6936          848
        6943           45
        6948         1348
        6950         8180
        6956         5013
        6962         6919
        6968          840
        6974         8503
        6975          335
        6987         4836
        6991          470
        6993          534
        7001          420
        7003          557
        7007         6795
        7009         3249
        7016         2270
        7023         3707
        7032          131
        7036         3943
        7039         2617
        7040         2974
        7046         3836
        7051          822
        7053         3584
        7060         1602
        7064           72
        7066         1524
        7067         1214
        7069         4650
        7073         6102
        7074         2084
        7080         4840
        7088         1001
        7090           74
        7092          495
        7097         2880
        7099         6437
        7130          840
        7133         3449
        7135           75
        7139         8679
        7141         6982
        7142         5985
        7144         1298
        7147         6024
        7148           36
        7153           62
        7155           42
        7157            1
        7166         1039
        7170         5336
        7172           54
        7174         1057
        7183           35
        7191         1364
        7192          496
        7197          407
        7200         1211
        7202           84
        7212            7
        7219           26
        7228         2320
        7231          158
        7238           79
        7242         6360
        7258           74
        7268           13
        7274          667
        7275           40
        7276         7421
        7283          594
        7284            0
        7285            7
        7288         1073
        7297         3695
        7315         4467
        7316         7587
        7319         4592
        7321         3135
        7328          618
        7333           25
        7334           69
        7339          197
        7340          140
        7343         3953
        7349          277
        7352          531
        7363          967
        7365         8588
        7366         3062
        7370           64
        7371         4527
        7378         6291
        7383         5881
        7384          731
        7385         1434
        7388           13
        7391           79
        7407          190
        7408          185
        7412         4561
        7413         4294
        7415          257
        7416          188
        7419         7356
        7421         5900
        7423         1116
        7424         6279
        7434         2322
        7436          115
        7444          127
        7449          741
        7457         3802
        7461            0
        7468          925
        7469         2434
        7474          589
        7477         4318
        7478          382
        7488         7813
        7489         2775
        7490          406
        7491         4399
        7492         2182
        7503         1685
        7505         4463
        7506         3969
        7513            3
        7524           73
        7526         1699
        7536           62
        7540         2277
        7541          327
        7542         3650
        7544         3671
        7546         3677
        7549         3098
        7554         1235
        7563         2465
        7566         2631
        7576         5125
        7584         1636
        7590         4940
        7591           35
        7592           52
        7599         2595
        7604            1
        7606          167
        7608          270
        7610           31
        7611         2636
        7621            6
        7622          243
        7633          806
        7634          139
        7638          127
        7644          264
        7646         7565
        7650         4061
        7656         3155
        7674         7416
        7700         3478
        7701         1287
        7704         1535
        7706         3675
        7716          329
        7717           57
        7718          304
        7724           99
        7728          138
        7733          395
        7737          184
        7741         3319
        7743         1179
        7745            0
        7766           83
        7769          195
        7780         7767
        7783         4575
        7784         5258
        7787          775
        7794          425
        7803          457
        7804          794
        7813          881
        7826          416
        7830            9
        7838          150
        7860          804
        7866         2605
        7869         1136
        7875          455
        7878           33
        7886         2072
        7890         2494
        7894            6
        7899          708
        7901         1366
        7904           58
        7907         2718
        7914         1685
        7915          208
        7916            2
        7918         4639
        7919          111
        7927         1131
        7929           36
        7933         2322
        7934          575
        7936          267
        7942         7762
        7944           12
        7945           36
        7948          605
        7949          515
        7950           94
        7955         1470
        7958          344
        7964         3999
        7966         2961
        7978         3107
        7980          292
        7984          267
        7993         1322
        8002          357
        8003           21
        8006          174
        8014           41
        8023         2820
        8026         4639
        8035            6
        8052         1147
        8056           16
        8057         1746
        8067         1997
        8072            4
        8074         8127
        8075          243
        8076         3706
        8081          114
        8083          387
        8090           81
        8091          477
        8094         8772
        8096         3236
        8099           62
        8101           26
        8104          452
        8107          393
        8114         3978
        8116          118
        8122         1524
        8126         1376
        8131           33
        8133          672
        8136            0
        8141         4836
        8152          741
        8153         5162
        8155         2483
        8160            8
        8175          657
        8178         3579
        8185         1021
        8190           19
        8194         4118
        8195           38
        8197          114
        8199         7132
        8203         8117
        8211         3519
        8215         1398
        8217         1970
        8222           28
        8223         3158
        8224         1804
        8227           13
        8228          168
        8230         3220
        8232          243
        8250         6616
        8252          600
        8259         5885
        8267         4379
        8274         2469
        8281           40
        8284            1
        8289         1077
        8298          979
        8301         1257
        8310         4254
        8321         5009
        8337          372
        8338          775
        8367          741
        8381         5308
        8390          255
        8391          199
        8398         5647
        8401         7362
        8402         1060
        8409          320
        8431          703
        8434         5514
        8443         4499
        8446          182
        8462         2461
        8465          893
        8480          199
        8495         2434
        8504          344
        8529         6689
        8536         1499
        8538         2430
        8561          317
        8565         3105
        8567          897
        8574         2720
        8580          419
        8590           24
        8603           27
        8616         8798
        8617          455
        8618         3193
        8633         2528
        8638          109
        8639          123
        8647         7100
        8650          213
        8660         5219
        8666          215
        8684         1000
        8690          930
        8709         4678
        8724          101
        8726           32
        8728          399
        8735         2984
        8737          197
        8759         3952
        8764         2070
        8774         1751
        8790            3
        8799         8820
        8815         8656
        8822         5088
        8824         4852
        8826         1194
        8832           84
        8840         2777
        8845         8744
        8853          501
        8854          667
        8859           63
        8872         3165
        8888            0
        8889          693
        8902           15
        8914          842
        8928         5515
        8932         2998
        8935         5558
        8954           82
        8955         3503
        8962          128
        8964         1430
        8967         3191
        8972          119
        8975          737
        8985            0
        8986          355
        8991           76
        8998         5466
        9000         3422
        9016          111
        9020         2123
        9021          741
