# HaloID(1) HaloID(2)
           0            0
           1           19
           2          182
           3            0
           4           76
           5           27
           6          170
           7          200
           8          666
           9          254
          10          425
          11          132
          12          471
          13            0
          14          283
          15           18
          16          274
          17          246
          18          141
          19          125
          20           84
          21          203
          22            7
          23          133
          24           53
          25           22
          26           21
          27          212
          28          138
          29          899
          30           34
          31            7
          32          388
          33          401
          34           81
          35          237
          36          177
          37          605
          38          331
          39            4
          40           19
          41          209
          42          210
          43           25
          44          205
          45          230
          46          214
          47          286
          48          664
          49          109
          50          281
          51           22
          52           41
          53          348
          54           21
          55          210
          56          138
          57         1167
          58           45
          59          549
          60          275
          61          457
          62          150
          63          450
          64           12
          65           75
          66          168
          67            9
          68          641
          69            2
          70          204
          71           63
          72          379
          73          182
          74          200
          75          247
          76          205
          77           27
          78            1
          79         2107
          80           84
          81           66
          82          388
          83           49
          84          230
          85          188
          86         1249
          87          109
          88           15
          89            4
          90           14
          91          320
          92           97
          93          112
          94          196
          95           86
          96          133
          97           29
          98            0
          99          316
         100           75
         101          302
         102         1051
         103          101
         104           76
         105          193
         106          323
         107          856
         108           12
         109         1404
         110          144
         111          716
         112          141
         113           84
         114          385
         115            9
         116          199
         117          149
         118           22
         119          195
         120          388
         121         2269
         122           28
         123           92
         124          302
         125          381
         126         1144
         127          130
         128          672
         129          856
         130          828
         131          196
         132          491
         133          139
         134          207
         135          403
         136          200
         137            3
         138          134
         139         2827
         140           25
         141           18
         142            6
         143          141
         144           72
         145          703
         146          202
         147           12
         148          220
         149          467
         150           93
         151            3
         152           48
         153           55
         154           47
         155          168
         156          837
         157          120
         158           42
         159          245
         160          110
         161           27
         162          590
         163         2763
         164          103
         165           30
         166          700
         167         1022
         168          425
         169          725
         170          122
         171          586
         172          339
         173           11
         174          711
         175          275
         176          144
         177          150
         178          158
         179           31
         180         1377
         181          355
         182           75
         183          851
         184           21
         185          120
         186         2400
         187         2404
         188          523
         189          166
         190          202
         191          274
         192         2536
         193           34
         194           85
         195          205
         196          245
         197          320
         198            0
         199          225
         200          117
         201          383
         202           15
         203          815
         204         1163
         205          212
         206          471
         207           31
         208          403
         209          636
         210          117
         211          579
         212           48
         213           31
         214           97
         215           84
         216            5
         217          671
         218         2280
         219          254
         220          201
         221           28
         222           11
         223            5
         224          286
         225          820
         226           22
         227         2213
         228           66
         229           40
         230          795
         231          127
         232           48
         233          128
         234         2367
         235          664
         236          579
         237          504
         238            1
         239          210
         240         1861
         241          246
         242          733
         243          170
         244           40
         245          680
         246         1109
         247            1
         248          739
         249           53
         250           21
         251          462
         252           31
         253          603
         254            8
         255          882
         256         3175
         257          778
         258           76
         259         3149
         260          708
         261           32
         262          576
         263          133
         264          200
         265          225
         266          234
         267           21
         268           17
         269           87
         270          612
         271          631
         272         1072
         273           54
         274            0
         275           79
         276         1005
         277          203
         278          188
         279          234
         280         2236
         281           72
         282            3
         283          498
         284           45
         285           19
         286         2132
         287           45
         288          334
         289           22
         290           18
         291           11
         292         1015
         293            7
         294          318
         295           19
         296          114
         297          253
         298          222
         299           52
         300         1164
         301          475
         302          711
         303          245
         304          388
         305         1376
         306          107
         307          124
         308           55
         309           22
         310          593
         311          822
         312           28
         313          125
         314          187
         315           86
         316           76
         317          120
         318           53
         319          101
         320           53
         321          636
         322          172
         323           17
         324          266
         325          125
         326          125
         327           92
         328          138
         329           54
         330         1072
         331          109
         332          183
         333           46
         334          672
         335          216
         336         1737
         337           22
         338          970
         339          286
         340          158
         341          156
         342         2352
         343          302
         344          442
         345          815
         346          214
         347           21
         348         3595
         349          174
         350           22
         351          198
         352          379
         353          119
         354            1
         355          192
         356          664
         357          636
         358          601
         359          247
         360         3201
         361          192
         362           29
         363          433
         364          429
         365           22
         366           12
         367          502
         368          816
         369           29
         370         2814
         371         2524
         372          172
         373         3024
         374         1163
         375         2509
         376         1106
         377         1012
         378         2218
         379           35
         380          379
         381          897
         382          789
         383          245
         384          215
         385          899
         386            0
         387          173
         388          833
         389          116
         390         1003
         391          176
         392           66
         393            7
         394          150
         395           76
         396          121
         397            2
         398           25
         399          488
         400           58
         401            3
         402          379
         403          545
         404          109
         405          122
         406          486
         407          139
         408          906
         409          286
         410          150
         411           35
         412          274
         413          370
         414          286
         415          245
         416          470
         417          568
         418         1987
         419          740
         420          170
         421          417
         422           28
         423          370
         424          115
         425         1178
         426         1213
         427           22
         428          199
         429          207
         430          545
         431           49
         432          266
         433          138
         434           84
         435         1035
         436           25
         437          500
         438          942
         439          417
         440           20
         441          185
         442          429
         443          760
         444          145
         445            0
         446          275
         447           76
         448          856
         449           26
         450          331
         451           52
         452          758
         453           11
         454          210
         455         1404
         456          141
         457         2427
         458         2253
         459          417
         460          138
         461         1481
         462          385
         463          450
         464          189
         465         1175
         466          204
         467          168
         468           21
         469          957
         470           44
         471          739
         472           60
         474          205
         475          549
         476          815
         477         2779
         478         1038
         479         1477
         480         1005
         481         1197
         482          358
         483           30
         484          246
         485          248
         486         1005
         487          155
         488           34
         489          318
         490          593
         491          261
         492          575
         493          170
         494          216
         495          334
         496          545
         497          354
         498           75
         499           28
         500          890
         501          158
         502           15
         503            3
         504           28
         505           14
         506         2903
         507           11
         508          110
         509         1490
         510          274
         511          254
         512          109
         513           10
         514          230
         515          672
         516           13
         517          200
         518          584
         519           50
         520          448
         522          287
         523          331
         524            1
         525          205
         526          864
         527          471
         528          109
         529          401
         530          897
         531          502
         532          132
         533          145
         534           75
         535         2367
         536         1243
         537          274
         538          413
         539          141
         540           42
         541          170
         542          514
         543           97
         544          892
         545            0
         546         1309
         547         1373
         548           47
         549           36
         550          498
         551          194
         552          674
         553           92
         554          562
         555           40
         556         2779
         557          530
         558            3
         559          101
         560          230
         561          109
         562          200
         563          256
         564          168
         565         3261
         566           31
         567          212
         568          188
         569           37
         570          516
         571          141
         572          899
         573           13
         574         1175
         575           26
         576          192
         577          549
         578          493
         579          445
         580           55
         581          203
         582           26
         583          144
         584          885
         585          486
         586          286
         587           14
         588          174
         589          109
         590          801
         591          877
         592          547
         593          512
         594            5
         595           52
         596          851
         597         1240
         598          133
         599          514
         600          131
         601          470
         602         1036
         603          819
         604          201
         605          168
         606            0
         607          114
         609          107
         610          586
         611          182
         612          107
         613           92
         614           80
         615          467
         616          664
         617          205
         618           14
         619          388
         621         1288
         622          182
         623          445
         624          133
         625          953
         626          125
         627          738
         628           48
         629          214
         630           21
         631          259
         632          760
         633          168
         634          425
         635          605
         636          828
         637          202
         638          636
         639          248
         640           72
         641           58
         642          274
         643           84
         644          212
         645          168
         646          247
         648           12
         649            3
         650         1085
         651          371
         652          196
         653          334
         654          577
         655          869
         656          141
         657          481
         658           47
         659           22
         660          283
         661           44
         662          193
         663          102
         664           36
         665         2174
         666           19
         667          429
         668          256
         669           74
         670          499
         671          551
         672          461
         673          154
         674           41
         675          461
         676          212
         677          308
         678           76
         679         2718
         680          232
         681          177
         682          425
         683          156
         684          245
         685          471
         686          647
         687          383
         688          942
         689          141
         690          119
         691         1164
         692          595
         693          168
         694           21
         695          445
         696          760
         697          713
         698          198
         699         1090
         700          205
         701          732
         702           52
         703           40
         704           23
         705          173
         706          156
         707         1794
         708           20
         709         1341
         710            4
         711          222
         712          109
         713          197
         714          777
         715          738
         716           42
         717          232
         718           69
         719          429
         720          514
         721          380
         722           40
         723          116
         724          150
         725          725
         726         3301
         727           49
         728           35
         729         1312
         730          467
         731          203
         732         1591
         733          133
         734          356
         735           25
         736          154
         737           85
         738          523
         739           18
         740           22
         741          941
         742          166
         743          724
         744          182
         745          579
         746          837
         747          245
         748          586
         749          802
         750          150
         751          485
         752         2778
         753          138
         754           17
         755         1015
         756           44
         757          205
         758         1213
         759         1106
         760           55
         761           36
         763         1051
         764           34
         765            5
         766         1465
         767           74
         768           28
         769          220
         770          544
         771          527
         772          334
         773          549
         774          703
         775           38
         776         2061
         777          314
         778          174
         779         1214
         780          764
         781          246
         782          502
         783           14
         784          289
         785          641
         786          584
         787           60
         788          488
         789         1144
         790           26
         791          281
         792          425
         793          212
         794          549
         795           54
         796          193
         797            7
         798         1968
         799          601
         800          196
         801          466
         802          703
         803          375
         804          352
         805           14
         806          124
         807          892
         808          185
         809         1037
         810          433
         811          588
         812           12
         813          584
         814          899
         815           22
         816           63
         817          220
         818          166
         819          230
         820          210
         821          478
         822          196
         823          370
         824          471
         825          704
         826          672
         827         1163
         828           49
         829          661
         830            0
         831          471
         832          433
         833         2509
         834           92
         835           92
         836          489
         837          711
         838          354
         839          577
         840           14
         841            2
         842           81
         843          339
         844            2
         845          300
         846          314
         848           35
         849          199
         850          429
         851          828
         852          244
         853           97
         854          203
         855          471
         856          605
         857           38
         858          392
         859            3
         860           92
         861           48
         862         2566
         863           21
         864          320
         865          199
         866         1195
         867          329
         868          126
         869          443
         870           52
         871           42
         872          101
         873           44
         874          516
         875           97
         876          100
         877          182
         878          479
         879         1647
         880          882
         881           14
         882          777
         883          225
         884           76
         885          371
         886          717
         887           19
         888          199
         889          308
         890          245
         891          520
         892            9
         893          127
         894          538
         895          275
         897          237
         898           31
         899          986
         900         1035
         901           35
         902          117
         903           49
         904          518
         905         1240
         906            5
         907          181
         908          150
         909          127
         910          257
         911          795
         912          538
         913           58
         914          882
         915          149
         916          215
         917          332
         918          545
         919          131
         920          776
         921          107
         922          187
         923          234
         924          595
         925           30
         926          286
         927            4
         928           77
         929           85
         930          839
         931          530
         932           88
         933           25
         934           72
         935          136
         936           27
         937          116
         938          246
         939         2427
         940          344
         941          601
         942           65
         943           31
         944          164
         945          174
         946          738
         947            7
         948           55
         949          834
         950          332
         951         1243
         952           28
         954          425
         955          204
         956           97
         957          429
         958          354
         959          170
         960           67
         961          114
         962           86
         963           42
         964          601
         965          516
         966          788
         967          576
         968          117
         969           87
         970          302
         971          225
         972           76
         973          138
         974          553
         975           22
         976          368
         977         1051
         978         1004
         979          549
         980          530
         981          331
         982            2
         983          246
         984          117
         985         1580
         986          176
         988         1090
         989          371
         990           26
         991          776
         992          592
         993          756
         994          588
         995          370
         996          100
         997          549
         998          239
         999          114
        1000          586
        1001          605
        1003          703
        1004            4
        1005          199
        1006          116
        1007           40
        1008          161
        1009           52
        1010           56
        1011          805
        1012            7
        1013         2461
        1014          284
        1015          470
        1016          173
        1017          196
        1018          117
        1019          639
        1020          433
        1021         1001
        1022           12
        1023          577
        1024          925
        1026           40
        1027          475
        1028          120
        1029         2292
        1030          491
        1031           68
        1032         2796
        1034          133
        1035          156
        1036            7
        1037            1
        1038          487
        1039          829
        1040          134
        1041         1434
        1042           76
        1043          287
        1044          110
        1045          413
        1046           12
        1047           49
        1048          518
        1049          331
        1050          267
        1051          448
        1052         2912
        1054           42
        1055         1008
        1056          403
        1058          138
        1060           45
        1061          677
        1062           91
        1063          168
        1064          605
        1065          531
        1066          747
        1067           11
        1068          126
        1069          281
        1070          149
        1071         1112
        1072          457
        1073          200
        1074          103
        1075         1080
        1076          133
        1077           40
        1078           48
        1079          388
        1080         1209
        1081          348
        1083          203
        1084           81
        1085          266
        1086          209
        1087           52
        1088          107
        1089           44
        1090           45
        1091          725
        1092            3
        1093           40
        1094           22
        1095          130
        1096           22
        1097           85
        1098          200
        1099          127
        1100          212
        1101          323
        1102          141
        1103           55
        1104          700
        1105          892
        1106          286
        1107           76
        1108          487
        1109          302
        1110          275
        1111          177
        1112          133
        1115           66
        1116          185
        1117           14
        1118          267
        1119           86
        1120           12
        1121          154
        1122          195
        1123         2299
        1124         1166
        1125          310
        1126          525
        1127          125
        1128          363
        1129         1376
        1130         1623
        1131           12
        1132           97
        1133          475
        1134            7
        1135          173
        1136          188
        1137          379
        1138          173
        1139           22
        1140          487
        1141          164
        1142           14
        1143         1015
        1144           53
        1145          739
        1146          613
        1147          746
        1148          267
        1149          932
        1150          355
        1151           52
        1152           72
        1153          115
        1155           29
        1156           19
        1157          141
        1158            4
        1159           19
        1160           22
        1161          380
        1162          193
        1164            7
        1165          156
        1166          952
        1167           21
        1168           74
        1169          708
        1170          234
        1171          331
        1172          761
        1173          158
        1174          448
        1175          132
        1176          156
        1177           22
        1178          212
        1179           37
        1180          133
        1181          631
        1183          448
        1184           91
        1185           11
        1186          220
        1187          110
        1188          332
        1189          210
        1190           21
        1191          286
        1193          568
        1194           55
        1195          264
        1196          109
        1197          740
        1198          605
        1199          229
        1200          115
        1202          205
        1204          103
        1206           14
        1207           58
        1208           35
        1209           22
        1210          310
        1212           40
        1213          572
        1214           86
        1215          887
        1216           47
        1217          236
        1218            4
        1219          267
        1220           85
        1221            4
        1222          149
        1223          626
        1224          199
        1225          202
        1227          481
        1228           48
        1229           92
        1231          677
        1232          725
        1233            7
        1234         1037
        1236           17
        1237          193
        1238          131
        1239           12
        1240          187
        1241          828
        1243          186
        1244          205
        1245          381
        1246          305
        1247          199
        1248           45
        1249          104
        1250           11
        1251          370
        1252           96
        1253         2061
        1254           22
        1256          310
        1257          625
        1258          331
        1259          226
        1260          485
        1261          385
        1262          354
        1263          232
        1264          213
        1265          254
        1266          580
        1269          185
        1270          245
        1271           44
        1272          662
        1273           97
        1274            5
        1275          780
        1276          470
        1277          197
        1278          442
        1279          214
        1280          725
        1281           14
        1282          672
        1283           28
        1284          725
        1285           97
        1286          156
        1287          133
        1288           50
        1289          476
        1290          204
        1291          115
        1292          538
        1293          230
        1294          504
        1295          572
        1296          476
        1297           41
        1298          584
        1299          677
        1300          754
        1301          238
        1302          102
        1303           97
        1304          230
        1305           14
        1306          425
        1307          283
        1308           51
        1309          784
        1310          402
        1311          101
        1312         1112
        1313          208
        1314           68
        1317          138
        1318          504
        1319           19
        1320          602
        1321           19
        1322          761
        1323          198
        1324          288
        1325          599
        1326          357
        1327          949
        1328         1406
        1329           30
        1330           26
        1331          110
        1333          467
        1335            5
        1336           40
        1337          844
        1338           40
        1340          214
        1341          138
        1342          233
        1343           52
        1344          711
        1345          147
        1347          286
        1348          239
        1350          446
        1351          138
        1352           45
        1353          641
        1354          266
        1356          484
        1357          358
        1358          170
        1359          120
        1360            0
        1362          222
        1364          388
        1365          236
        1366           12
        1368          193
        1369          110
        1370          596
        1371           19
        1372           42
        1373          244
        1374          131
        1376          261
        1377           12
        1378          917
        1379           92
        1380         1237
        1381         1590
        1382          530
        1383          129
        1384          986
        1385          525
        1386           12
        1387          221
        1388           41
        1390          820
        1391           34
        1393          133
        1394          654
        1395           48
        1396           77
        1397           74
        1398           14
        1399          232
        1400          178
        1401           44
        1402           74
        1404            2
        1405           12
        1406          182
        1407          186
        1408          524
        1410          132
        1411           31
        1412          234
        1413           60
        1414          327
        1416           21
        1417           31
        1419           87
        1420          120
        1421           24
        1422          310
        1423           59
        1424          393
        1425          409
        1426          232
        1427         1005
        1428           18
        1429          101
        1431          173
        1432          177
        1434          414
        1435          658
        1436           10
        1437          211
        1439           40
        1440           37
        1441          157
        1442           76
        1443          216
        1444           86
        1445          136
        1446          417
        1447           85
        1448          236
        1449          176
        1450          110
        1451           76
        1452          429
        1453          278
        1454           92
        1455          149
        1456          184
        1457          549
        1458           43
        1459          892
        1460          114
        1461          280
        1462          110
        1463            9
        1464          209
        1465           70
        1466           93
        1468          158
        1471          191
        1472            9
        1473          332
        1474            0
        1475          476
        1476          729
        1477           40
        1478          191
        1480           45
        1481            0
        1482           21
        1483          204
        1484          109
        1485            9
        1487         1727
        1488           58
        1489          409
        1491           11
        1492           22
        1493           12
        1494           58
        1495           90
        1496          413
        1497          662
        1499          376
        1501          196
        1502          403
        1503           19
        1504          103
        1505          246
        1506          144
        1507          809
        1509          584
        1510            1
        1511          685
        1512          371
        1514          226
        1515          323
        1517          623
        1518          109
        1519          833
        1520           35
        1521           49
        1522           92
        1523          237
        1525          877
        1526          287
        1527           48
        1528           63
        1529          725
        1531          256
        1533          147
        1534          117
        1535          739
        1538          725
        1539           22
        1540            0
        1541          207
        1542           19
        1543          125
        1548           55
        1549          210
        1550          239
        1553          244
        1554           59
        1555           58
        1556            9
        1558           19
        1559           74
        1561           76
        1563          884
        1564          417
        1565          358
        1566          128
        1567           10
        1569           97
        1573          141
        1574          176
        1575          124
        1576          539
        1578            1
        1580          717
        1581          197
        1582          230
        1583           12
        1584          101
        1585          795
        1586           14
        1587            9
        1588           89
        1591           21
        1592            3
        1593          314
        1594           24
        1595           87
        1598          230
        1601           49
        1602          242
        1603          283
        1604          484
        1605           21
        1611          311
        1612          121
        1614          125
        1618           12
        1620          499
        1622          146
        1623          196
        1625           95
        1626          331
        1627           18
        1629            2
        1630          237
        1631           74
        1632           16
        1633          116
        1636          219
        1637           20
        1638           21
        1641          197
        1642          197
        1643          151
        1645            9
        1646          474
        1648           18
        1649          362
        1650          202
        1651           53
        1654           40
        1655          342
        1657          464
        1658          905
        1661          197
        1663           54
        1665          714
        1668          114
        1669          469
        1670            9
        1673           92
        1675          230
        1676            9
        1677          878
        1678           28
        1679          156
        1680          186
        1681          925
        1683           61
        1684           44
        1686           20
        1687          170
        1688           58
        1689          110
        1691            7
        1693          168
        1694           83
        1695          316
        1696          283
        1698          154
        1699          142
        1704          135
        1705           82
        1706            9
        1713          530
        1715          207
        1718           74
        1719           52
        1722          102
        1724           42
        1726          471
        1727          219
        1729            0
        1730          837
        1734          287
        1736          608
        1737          102
        1738           37
        1739          212
        1747            3
        1748          216
        1749          237
        1751          113
        1752          170
        1753           48
        1756          259
        1757           49
        1758           21
        1762          469
        1763          156
        1765          407
        1766          455
        1768          356
        1772          654
        1776          107
        1777           76
        1778            6
        1781           91
        1783          300
        1784          553
        1785          310
        1786          281
        1788           80
        1791          811
        1793          230
        1795           21
        1796          164
        1802           46
        1803          468
        1804           52
        1805           73
        1806           44
        1808           91
        1810          313
        1811            3
        1812          232
        1813          366
        1815           39
        1816          554
        1818            0
        1820          149
        1822          757
        1823           12
        1824          747
        1826            9
        1827          207
        1828            5
        1829            1
        1836            3
        1838           21
        1839          116
        1841          114
        1842           14
        1843          654
        1845           11
        1849          335
        1850          266
        1851          146
        1853          144
        1854          102
        1855           37
        1856          281
        1857          388
        1858          209
        1859            0
        1861           13
        1863          133
        1865           14
        1867         1572
        1868          248
        1875            0
        1880           76
        1882           37
        1883          276
        1886          107
        1887           16
        1891          646
        1892           49
        1894          135
        1898          228
        1900           15
        1904          170
        1910          126
        1912          711
        1917          141
        1918          403
        1921           21
        1922           13
        1927           90
        1928           26
        1934          212
        1935           76
        1936          188
        1938          133
        1940          483
        1941          313
        1951          213
        1953           71
        1954          124
        1957           15
        1958           74
        1964           22
        1969            2
        1970            0
        1971          151
        1974           37
        1975           22
        1977           50
        1981          314
        1985           14
        1991          185
        1992           69
        1997           12
        2000          188
