# HaloID(1) HaloID(2)
           0            0
           1          142
           2          187
           3          556
           4            4
           5         4412
           6         1879
           7           39
           8          375
           9           10
          10         1264
          11          103
          12           13
          13          150
          14           79
          15          936
          16          432
          17         1290
          18           12
          19           19
          20          729
          21         1573
          22           59
          23           25
          24         1889
          25          570
          26          985
          27         2192
          28          135
          29         1242
          31           32
          32           34
          33          351
          34           91
          35          178
          36           68
          37          684
          38         6293
          39          991
          40            7
          41           44
          42           69
          43         5856
          44           29
          45          204
          46         4117
          47            5
          48          533
          49         5338
          50          787
          51         1123
          52         2149
          53          245
          54           91
          55           57
          56           62
          57         5088
          58           61
          59          188
          60          140
          61          433
          62         2127
          63         3656
          64         2066
          65           61
          66          895
          67            8
          68          498
          69           37
          70         3642
          71         1978
          72          359
          73          969
          74         6303
          75           62
          76          187
          77         2058
          78          519
          79          773
          80           80
          81           83
          82          171
          83          115
          84         1779
          85           88
          86           45
          87         1187
          88           70
          89           98
          90          591
          92           46
          94          262
          95         2096
          96          100
          97          462
          98         1992
          99           34
         100          120
         101         1824
         102          219
         103          267
         104         4163
         105         1136
         106            1
         107          997
         108            4
         109         1897
         111           39
         112         1338
         113          110
         114          340
         115          114
         116          492
         117           10
         118         3414
         119           13
         120         1611
         121         2065
         122          381
         123          172
         124          575
         125            1
         126           88
         127         1968
         128         2454
         129         3178
         130         3700
         131          426
         133         2291
         134          187
         135         1824
         136            1
         137         2906
         138          951
         139         6553
         140           40
         141          222
         142         1227
         143         1752
         144         2160
         145         3126
         146          604
         147            1
         148          991
         150           34
         151         2203
         152          134
         154          154
         155          244
         156         5723
         157         6303
         158          153
         159         4710
         160         1125
         161          117
         162         4173
         163          494
         164         3713
         165         6020
         166          166
         167         2911
         168           81
         169         1537
         170          432
         172         4267
         174          186
         175         3178
         176          335
         178         3454
         179          183
         180           37
         181         2830
         182         2811
         183          181
         184            4
         185         1178
         188         1079
         190          200
         191          113
         193            0
         194         2377
         195          162
         196         4439
         197         3457
         198           65
         199          642
         200          171
         201          185
         202           39
         203          855
         204           62
         205          531
         206          377
         207           87
         208          197
         209          117
         210          194
         211           10
         212          131
         213         3701
         214         2451
         215         3634
         216         1925
         217         3544
         218          270
         219          701
         221          204
         222          282
         224          224
         225          335
         227         2435
         228          231
         229           27
         230         1478
         231         1253
         232         2234
         233         4108
         234         2702
         235         5842
         239         4072
         240         4624
         241         4395
         242          368
         243         2860
         244          145
         245           40
         246          243
         248         3082
         249         1442
         250         1312
         251         5216
         252         2202
         253          222
         254         1982
         255          134
         256          247
         257          445
         258         3600
         259          511
         260           13
         263          394
         264         2494
         265          757
         266          131
         268         1868
         269           38
         272         3233
         273         2638
         274          737
         275          804
         276         1696
         277         1727
         280          171
         282         5752
         284          269
         285           29
         286         6353
         288         5072
         290         3416
         291          757
         292          785
         294         1500
         295          284
         296         2569
         298          350
         299           14
         300         3999
         301          715
         302          311
         305         1164
         307           23
         309          615
         310         6412
         311         1559
         312         4865
         313          803
         314         1009
         315         2217
         316           74
         317         4257
         318         1065
         319         2221
         321          656
         322          716
         323          739
         324         2603
         325         3863
         326          138
         327           25
         328           34
         330         4035
         331         1459
         335          167
         336          678
         337         1215
         338           29
         339         3388
         340            2
         341         1359
         343           73
         345         3677
         346         1081
         347          166
         348          487
         349         6313
         352         4367
         353         3374
         354           58
         355         3668
         357         2638
         359            0
         361          161
         363         3321
         364         2910
         365          432
         366           28
         367          121
         368         1011
         369           25
         370            0
         372         4031
         373         1932
         375          878
         376          368
         377          428
         379          609
         380         4607
         381           34
         382          194
         383         1822
         384          487
         386            1
         387           39
         388          412
         389          943
         391           81
         392          645
         395         2008
         396         1721
         397          110
         398          578
         399          844
         400         2443
         401         1579
         402          245
         405         1452
         406          349
         407          916
         408          186
         409          270
         411          255
         412          243
         414         2526
         415         2395
         416          113
         417         3912
         418         1792
         419          670
         420          157
         421            1
         422          455
         424          100
         426            0
         427           59
         428         2025
         429          361
         431           86
         432           64
         434           12
         435           29
         436           51
         437          438
         438         1016
         440          847
         442          214
         444         1022
         446           17
         447          102
         449          330
         450          831
         452         2160
         454          478
         455         6217
         456          527
         457         5389
         458         1512
         459         4594
         461         1026
         463            1
         464          464
         465           81
         466            9
         467         3108
         468            0
         469         3447
         471         1100
         473         4160
         474          455
         479          195
         480         1095
         481         4157
         482          495
         483         1135
         484          878
         485          943
         487         1421
         488          529
         489          334
         490          564
         491          171
         493         1230
         494            3
         497           88
         498          507
         499         1215
         501           24
         502          195
         504         1512
         508         1289
         509           53
         510          890
         511         2913
         512            8
         513         3933
         514         1075
         515         3347
         516          151
         517          501
         518           43
         519           12
         521         5988
         523          533
         524         2532
         525         2860
         527         2287
         529         2860
         530          130
         531         3347
         532         1006
         533            7
         535           41
         536         1111
         540          237
         541          145
         542           71
         544          689
         545          252
         546           23
         547         5412
         548         1015
         549         2192
         550         2221
         552          135
         554         1061
         555          462
         558           67
         559         1559
         560         3545
         561         1737
         562          553
         563            6
         564          552
         565          103
         566          114
         569           70
         570         3933
         572            8
         574          226
         575         1781
         576          195
         578            5
         579          282
         580          462
         581           13
         582           35
         583          678
         584          335
         585            3
         586           25
         587           62
         588           49
         589          208
         593           70
         597          249
         599         3014
         600          175
         602         4855
         604         3588
         606           86
         608          822
         609         3301
         610            1
         611           37
         612          697
         613         1111
         616         4186
         617           74
         623           49
         624          253
         625          815
         627         2822
         630          639
         632          900
         634         4246
         635           68
         638         2705
         640          981
         641         5176
         643          654
         644          108
         645          128
         650         2833
         651          361
         652          143
         655         1432
         658          470
         660            1
         661         4608
         662         3946
         663           34
         664           77
         665          743
         667         2830
         668          244
         670           14
         671           45
         672         3905
         673          280
         675          936
         676         2379
         677         1493
         678          709
         680          135
         681           44
         682         1582
         684         1515
         685          718
         686         1309
         687         1443
         689           92
         690          511
         691         3266
         692         2782
         693         1273
         694         1242
         695          939
         697            9
         698         1026
         699         1103
         701          244
         702          680
         703          308
         705          731
         706          791
         709          262
         710         2065
         711         1105
         712           60
         713           99
         714         1573
         717          149
         719         1123
         720          147
         721          903
         722           35
         723         4268
         725          445
         726         3388
         727           60
         728         1384
         729         3109
         730          822
         732          270
         733          762
         735         3354
         736          308
         738          278
         739         3980
         741           25
         742           19
         743          110
         744         2173
         746          335
         747         1984
         748          218
         751         2853
         752           19
         753          107
         755           35
         759         1723
         762         2351
         764         2484
         766           74
         767         1798
         768         1325
         770          804
         771          302
         773         4175
         774          163
         781         3284
         783          727
         784          162
         785          472
         787          716
         788           13
         789         3498
         792         1214
         793         3251
         795         2193
         796         4487
         799         1075
         800          270
         802         2492
         804          377
         805         2440
         807         2244
         809          154
         812         2213
         813          833
         814         1626
         815          271
         816          281
         818          994
         821           13
         822          111
         823          969
         824           10
         825          140
         829          341
         831          131
         832         2096
         833           29
         834          875
         835          325
         836         1224
         837           28
         838           14
         839         4119
         840          114
         841         4723
         842          134
         847           45
         850           80
         851          777
         852           67
         853         5708
         855           42
         857           19
         859           69
         861         3179
         862          126
         864         1096
         865         3604
         866         1508
         867         1884
         868           23
         870         1215
         871          110
         872         2407
         873         2407
         876         2021
         879         1420
         882          171
         884          110
         886         3370
         889           16
         890         5745
         891         1561
         892          937
         893          850
         894          842
         895          786
         896          377
         898          523
         900         4667
         901         1081
         903            1
         904           88
         905          208
         906          740
         907         2525
         912          147
         915           23
         917          397
         918            6
         919         2785
         921          187
         922           60
         923         3800
         926         2612
         927         1798
         930           12
         932         1274
         934         2192
         935         4395
         936         3080
         939          962
         945            7
         947          285
         948           59
         949          225
         950           20
         952          256
         954          996
         957         2049
         958          120
         960           36
         961         5433
         962          851
         965          570
         966           70
         967         1391
         969         1809
         972          103
         974         4003
         975          131
         977         1136
         980          140
         981          397
         983         1471
         984          125
         985          160
         990          974
         991          781
         995           88
         996         2127
         998         3877
         999          230
        1000         5145
        1001         1237
        1004            0
        1006          281
        1013          120
        1014          459
        1015          245
        1016          224
        1017          208
        1018           88
        1024           12
        1028          244
        1029         2705
        1030          117
        1031          482
        1032           33
        1035         1187
        1036           39
        1038          427
        1041           13
        1042         3933
        1043         5728
        1044            5
        1047           99
        1049         1739
        1050          142
        1051          282
        1054         1161
        1056         4439
        1057         1091
        1058         1638
        1059          145
        1060           69
        1061         4891
        1063          695
        1064          533
        1065         3109
        1069           13
        1071         2979
        1074          177
        1075          716
        1076         1149
        1078           17
        1081           62
        1083          959
        1084           57
        1085         1840
        1087          423
        1088          718
        1091         4163
        1092         1516
        1093         3951
        1095           19
        1096            4
        1097         4365
        1099          686
        1100         4617
        1102          315
        1106           68
        1107         3438
        1110          189
        1115           34
        1116         2160
        1117          187
        1118           10
        1120          325
        1121          270
        1124          935
        1125         4609
        1126           91
        1127         2270
        1130         3917
        1131          172
        1133           10
        1134         3687
        1135           22
        1136         4400
        1139          438
        1140          844
        1143         1590
        1146          607
        1148           29
        1150          432
        1152          771
        1155          821
        1156          316
        1163            5
        1167         2261
        1169         1579
        1170          800
        1172          441
        1176         2926
        1177           62
        1179          193
        1180          145
        1182          348
        1183           26
        1184         2694
        1185          187
        1187         2501
        1188         1035
        1191           22
        1194          144
        1198          923
        1200         1177
        1202         1395
        1203          104
        1207           16
        1208         4914
        1216         5296
        1219         3055
        1222         5695
        1223           90
        1225          872
        1227         2202
        1228         6217
        1234          521
        1236         4269
        1237           41
        1240         3946
        1242          265
        1243          427
        1246          894
        1247          135
        1248          301
        1250         1253
        1252          852
        1253         6353
        1254         1215
        1255          390
        1257         1458
        1259           34
        1260            1
        1261          285
        1265         1573
        1268          194
        1270          315
        1272         3883
        1279         2038
        1280           13
        1284           22
        1286          208
        1287          171
        1288         2494
        1289         4175
        1292           55
        1297         6270
        1298          678
        1299         1214
        1300          550
        1301            7
        1302            4
        1303          331
        1305         2174
        1306         3127
        1307           36
        1308          706
        1311          940
        1314          707
        1315            3
        1316          263
        1318          265
        1319          301
        1322            7
        1325         5162
        1326         1948
        1328          237
        1329         2012
        1335           88
        1337           37
        1339          255
        1340         2201
        1343         5114
        1344          331
        1348           10
        1351         3233
        1353          128
        1356           98
        1357         1397
        1359         3506
        1361         1680
        1363          100
        1365            3
        1368          909
        1370          941
        1372           57
        1375         2571
        1376           30
        1378           41
        1381         2484
        1382         2825
        1383           51
        1384          224
        1386          349
        1389           96
        1394         2002
        1395           19
        1396          417
        1398          154
        1400            1
        1402          939
        1405           15
        1407          791
        1410         4855
        1411          167
        1412          575
        1413         1445
        1414         4440
        1415           29
        1416         4675
        1417           26
        1425          279
        1426          442
        1427            9
        1428          150
        1433           49
        1434           14
        1435          565
        1436          139
        1437         3209
        1443         2002
        1444          104
        1445           13
        1446          470
        1447          432
        1448         1652
        1455         1869
        1456         3874
        1457          642
        1458          185
        1459         2618
        1461         1371
        1462          173
        1465            0
        1471          432
        1474            1
        1475          854
        1476         1238
        1478           44
        1484           61
        1485          321
        1492         2058
        1499         1287
        1501          208
        1502         1823
        1504         2370
        1506          235
        1510          144
        1512          869
        1513          871
        1514           24
        1516         3961
        1517         2127
        1519          852
        1520         3254
        1521          103
        1522         1267
        1523         1123
        1526         2593
        1530         1013
        1531          565
        1532           61
        1533          757
        1537         4404
        1541         1792
        1544          435
        1546           38
        1553           29
        1554         1418
        1555           82
        1557         4640
        1561         4221
        1562          642
        1563          506
        1571           12
        1572           57
        1576         2937
        1577          431
        1580         3604
        1581           13
        1582         2597
        1585           62
        1588           10
        1590         2340
        1594           69
        1596         3331
        1598          127
        1599          704
        1600         2460
        1603          357
        1607           74
        1609          852
        1615           51
        1616          222
        1619          722
        1620         1812
        1625          528
        1629         1740
        1632            9
        1637          103
        1639           57
        1640          475
        1641          388
        1644         1372
        1646           62
        1647         1679
        1649          431
        1650         1721
        1651          781
        1652         1000
        1654            1
        1656          678
        1660         1522
        1661          315
        1662            2
        1663          121
        1670         2407
        1672         5869
        1674          472
        1677         4027
        1678         3139
        1679            1
        1681         1452
        1683         1508
        1684           10
        1685         3515
        1687           61
        1688          525
        1689          134
        1698          679
        1700          171
        1701          591
        1704         1741
        1707         1288
        1708          588
        1709          759
        1713           44
        1716         3415
        1718         1701
        1719          975
        1722          864
        1728          214
        1729           32
        1733          607
        1736         1065
        1741          463
        1742          187
        1744          244
        1746          494
        1755           47
        1757          402
        1764          144
        1765          135
        1770         1436
        1773           23
        1774         1596
        1776           81
        1778          138
        1779         2375
        1780          131
        1781         1565
        1782          213
        1786          248
        1787           20
        1789          101
        1790            4
        1794           96
        1796          382
        1797         3650
        1802         1251
        1803           31
        1806         2233
        1807            3
        1810          784
        1811          245
        1813         2192
        1814         1573
        1815         1826
        1816         1826
        1824          269
        1828         2202
        1830         2443
        1831           21
        1837         3313
        1839         1263
        1846         2586
        1851         1242
        1852           80
        1853          846
        1854         2736
        1857            7
        1858           86
        1862         2351
        1869           88
        1870          943
        1871          397
        1872           21
        1875          133
        1876          328
        1883         2458
        1884          245
        1885         1409
        1886          389
        1891           84
        1892           17
        1893          651
        1895         1889
        1896           10
        1897           78
        1899          449
        1902         1450
        1904         2968
        1911         1033
        1919         3384
        1922          130
        1923          951
        1926         3701
        1927           93
        1929         3792
        1930         2025
        1931          823
        1932          517
        1936         2524
        1937          169
        1939         1006
        1940         2350
        1943           61
        1946           34
        1955          125
        1956         2752
        1957         1459
        1958          450
        1959         3433
        1962          303
        1968           42
        1971            5
        1976          203
        1977           64
        1987         5708
        1988         1423
        1990           29
        1991         2836
        1994         1680
        1995          554
        1996           16
        1997         3792
        1999         2497
        2000         2058
        2001         1015
        2002           38
        2003           44
        2004         3145
        2005          435
        2006          244
        2008            0
        2009         2526
        2011          719
        2017           70
        2018         1009
        2019         4487
        2020          100
        2028          194
        2029         5216
        2033         2087
        2036         1242
        2037           29
        2038          890
        2040           28
        2041         1986
        2046          243
        2049         2039
        2052          524
        2054          941
        2056            3
        2060          987
        2063           61
        2064         3392
        2069           72
        2070           91
        2076          320
        2077         2725
        2080          187
        2087         1187
        2092         3161
        2093         1475
        2095         4498
        2096          719
        2097           92
        2102         1126
        2106          397
        2107         1096
        2108           32
        2112         3145
        2120          308
        2121         2128
        2133            2
        2137            2
        2140         3144
        2142         1218
        2143         1533
        2147           12
        2156          815
        2157         2203
        2159          316
        2160          846
        2165         1123
        2166         1934
        2167         1136
        2169           44
        2176          623
        2179          154
        2182          144
        2184            7
        2186         1392
        2188         1774
        2189          244
        2190           49
        2193         1000
        2198           14
        2202         1066
        2203         1776
        2204         2328
        2205          365
        2206            0
        2213          625
        2220         3426
        2221          171
        2222          327
        2224          146
        2225         2173
        2226          806
        2227         3700
        2232          524
        2238          897
        2241           17
        2242         3601
        2243          208
        2244          872
        2245          639
        2246         1862
        2251           53
        2252          120
        2253         1076
        2258           57
        2262           69
        2264          140
        2267          961
        2269           88
        2274           98
        2276          288
        2279          160
        2281         2459
        2290            6
        2291         2586
        2293           88
        2296         1913
        2298         1909
        2302          231
        2305         2514
        2308         1477
        2323         1042
        2324          231
        2327         1388
        2342          745
        2343         1374
        2345           31
        2346          308
        2347          759
        2349         1992
        2353         3199
        2355         1270
        2356          130
        2366         3553
        2368           35
        2370         4365
        2371            6
        2372         3650
        2374           98
        2377          145
        2378          347
        2390         4873
        2392           69
        2394         2225
        2395           65
        2397          985
        2398          762
        2406         1117
        2407          187
        2408          815
        2409          366
        2417          327
        2424           79
        2425         1537
        2426         1701
        2428          274
        2432          903
        2433          869
        2434            1
        2437          247
        2442         2477
        2445          276
        2448          894
        2456          258
        2461          143
        2465          138
        2466         2865
        2469         1256
        2473          647
        2475          657
        2476          167
        2477          247
        2478          100
        2479          151
        2480         3126
        2481         3655
        2485         1050
        2487           61
        2492            6
        2494            2
        2495         3274
        2498           28
        2499           16
        2501         1392
        2504           15
        2507         3805
        2510         1700
        2514          388
        2515         1066
        2523          997
        2526         1951
        2527         2648
        2528           20
        2529          595
        2539         2160
        2540          192
        2541         5305
        2542          103
        2543           13
        2544            0
        2546         1129
        2549         2707
        2552          192
        2553           68
        2555          434
        2566         3522
        2567          170
        2568           14
        2569         1871
        2574         6511
        2576           27
        2578          668
        2580          194
        2581          217
        2585          150
        2587            0
        2589           18
        2597           37
        2601           57
        2605           81
        2606         1980
        2609          567
        2610          150
        2611          203
        2614          222
        2617          150
        2622         4431
        2624         6220
        2630          244
        2631          117
        2632          229
        2638          131
        2640            5
        2644         2452
        2647           93
        2650          823
        2651         2552
        2652          144
        2654            3
        2655          204
        2661         2407
        2666         2159
        2672          547
        2673           82
        2680           59
        2682          837
        2685          725
        2689            0
        2695         6558
        2696           39
        2697         2244
        2700           34
        2701          646
        2702         5775
        2707          134
        2708         2377
        2712          778
        2716         2831
        2721         2411
        2729          112
        2731            3
        2734          178
        2742          411
        2744         3992
        2745         2070
        2747         6020
        2750         1718
        2751          731
        2752           13
        2757         3973
        2762          639
        2763         1707
        2768          550
        2770          866
        2773          934
        2774         1201
        2778           10
        2780         4117
        2781          140
        2787            0
        2789          494
        2796            0
        2797          848
        2798           49
        2803          214
        2811         3144
        2814         1739
        2822          494
        2823          139
        2825         1680
        2829         1582
        2831         4395
        2832          462
        2833           89
        2838            1
        2841         1441
        2842          142
        2843         2161
        2848           19
        2851         4154
        2852            4
        2858           29
        2861           39
        2862          190
        2867         3094
        2875          943
        2884         1790
        2885          149
        2886         4157
        2889          701
        2890         2377
        2892          222
        2894         1515
        2895          869
        2904          669
        2906         3094
        2909          151
        2913         2736
        2914           57
        2921           93
        2922         3292
        2924          668
        2929         1637
        2933         2293
        2934         1781
        2936         1127
        2937         1878
        2943           14
        2945         2628
        2946          364
        2948         1855
        2951          234
        2953           57
        2955           70
        2957           34
        2961          120
        2963          592
        2964          203
        2971         2197
        2975           22
        2976            0
        2978          100
        2982          118
        2983          558
        2984          237
        2987         5389
        2989           47
        2995           88
        2997         3523
        3000           93
        3004         2458
        3008         1417
        3017          103
        3024         1726
        3026         1432
        3034           34
        3036          531
        3037            7
        3041          204
        3043          657
        3048          330
        3050         1353
        3051          146
        3053            3
        3055         1254
        3056          621
        3064          517
        3068         3280
        3069            2
        3077          222
        3079           63
        3081            1
        3087          462
        3089           34
        3095           17
        3102           73
        3103          385
        3107         3170
        3108            7
        3109          881
        3111           42
        3119           84
        3124          406
        3130          903
        3134         1333
        3137         2025
        3147         4386
        3148            3
        3163            3
        3164          122
        3165         3301
        3173         4570
        3174            7
        3175         2860
        3182           29
        3186            1
        3189          528
        3193         5770
        3195          110
        3201          416
        3203           61
        3204            4
        3206          759
        3210         1289
        3218           81
        3223          117
        3226          157
        3228          855
        3230           21
        3238         3184
        3239           12
        3241         3684
        3242         5996
        3245            1
        3246         1048
        3249           23
        3253          382
        3255           14
        3257         5712
        3272         4996
        3274         5069
        3283          332
        3293         1048
        3296           92
        3298          276
        3305         1392
        3321           57
        3322         1177
        3324         1403
        3330           13
        3333          372
        3334          556
        3336           13
        3342         2619
        3344         2141
        3354          110
        3356           12
        3367          898
        3370          500
        3388         3682
        3392          539
        3395            1
        3401          139
        3405         4679
        3415         1762
        3417         2824
        3425          558
        3427          281
        3429         4889
        3430          578
        3437         2597
        3441          667
        3448          883
        3451           86
        3457          538
        3459         3386
        3462         1159
        3464           70
        3465         3129
        3472         1144
        3476            6
        3477          194
        3480          143
        3483         1879
        3487           80
        3489           41
        3490          405
        3493           47
        3495          360
        3499          214
        3512           86
        3517           33
        3520         2833
        3521           36
        3523            3
        3525            0
        3527         1521
        3535           34
        3541         3521
        3552           62
        3555          639
        3560           32
        3564            5
        3572         2618
        3576          208
        3594          231
        3595           16
        3599         1951
        3602         4608
        3606           13
        3613          146
        3619         3751
        3620         1280
        3627          274
        3628           72
        3634         6712
        3635           37
        3638          288
        3644          148
        3648          846
        3657         1611
        3669          306
        3671         2443
        3677          258
        3686           44
        3690          588
        3693           44
        3699           98
        3701         1719
        3711          494
        3714         4098
        3715         1637
        3718           18
        3719         2047
        3720           31
        3721         1876
        3725            6
        3726          270
        3727           88
        3728         3979
        3732           13
        3735         3271
        3738          424
        3749          135
        3751         4448
        3753         1723
        3754           20
        3759          443
        3760         3538
        3761            0
        3766         2742
        3768          226
        3776         4078
        3777         3334
        3778         3634
        3790          985
        3791           34
        3798          388
        3799            4
        3802          907
        3804          299
        3810         2193
        3811         2659
        3815          192
        3819          692
        3821            0
        3825          689
        3826         1242
        3827         3447
        3830           37
        3831         1206
        3832           17
        3844         1516
        3845           15
        3849          131
        3856         1022
        3857           75
        3869          106
        3875           10
        3876         3487
        3887          538
        3888           88
        3895          194
        3902          237
        3903          202
        3905           21
        3912            6
        3917          119
        3919         2618
        3921          327
        3928          846
        3934          110
        3935         2320
        3940          208
        3946           45
        3953           12
        3956          857
        3957          224
        3958           88
        3959          247
        3960           50
        3967           70
        3974          494
        3975           12
        3976           88
        3977           39
        3979          245
        3981          374
        3986         1027
        3994         1137
        3995         1601
        4005          159
        4006          349
        4007          802
        4008          774
        4015         4434
        4020            1
        4024         1287
        4030         2553
        4040         2765
        4045          586
        4052           60
        4059           14
        4062           29
        4064         1094
        4071         2008
        4074           64
        4075          159
        4077         2403
        4114         2084
        4115           13
        4134          193
        4139          886
        4150           60
        4151           82
        4153          627
        4156          200
        4160         3365
        4167         1185
        4169         2638
        4178          325
        4187         1114
        4195          837
        4212           53
        4219          143
        4220         1153
        4228          322
        4231          656
        4232          735
        4247           22
        4248         5775
        4250          128
        4253          117
        4257           51
        4265         2011
        4267         1498
        4276          385
        4281           80
        4285           76
        4289            7
        4291           54
        4292          969
        4294          189
        4302          105
        4305         1290
        4314          667
        4320           34
        4326            8
        4327          128
        4333            9
        4339           36
        4340            1
        4344         5019
        4349         4996
        4353          837
        4360           12
        4372          972
        4375         2442
        4400           86
        4403           31
        4404         2469
        4418         2248
        4424          128
        4441            1
        4449            0
        4474          848
        4486          144
        4489         3913
        4496           61
        4498         1001
        4500          556
        4524         5322
        4525           19
        4534          904
        4540          425
        4566         2104
        4569          729
        4570          556
        4578         2379
        4581           76
        4583         1500
        4607          173
        4625           60
        4631         3414
        4633          890
        4650           63
        4665          104
        4672           27
        4677          831
        4681          173
        4697           74
        4706           38
        4723         1454
        4750            6
        4754          110
        4755          244
        4771         3360
        4799          730
        4811            0
        4833           86
        4864            5
        4866          512
        4872           11
        4879           34
        4887         2316
        4894          255
        4899          280
        4912         3468
        4942           27
        4953         2069
        4958         3672
        4972            0
        5002           10
        5003          238
        5033         1213
        5053          745
        5062         1454
        5108          997
        5117         1999
        5120          405
        5174            0
        5200            9
        5207            8
        5210         1782
        5246         4400
        5261         2501
        5271            6
        5302           74
        5303           22
        5304           29
        5394           62
        5397           28
        5418            8
        5424          332
        5429         2549
        5444         2641
        5453          179
        5455            0
        5468           16
        5497          900
        5511           70
        5516           14
        5519         1407
        5528          254
        5548         1997
        5551          332
        5583           17
        5610          990
        5624           86
        5672         2339
        5674            0
        5710         1323
        5740          178
        5744          179
        5782         1066
        5808          227
        5837          850
        5838          449
        5843            0
        5850           34
        5860         2710
        5862         1341
        5871           19
        5878          204
        5883           98
        5925         2449
        5928          437
        5939          808
        5999          258
        6004          440
        6050           42
        6069            5
        6073           24
        6083         1575
        6124           22
        6128         1513
        6152           19
        6193          549
        6236          108
        6241          446
        6247            0
        6334          119
        6337           77
        6340           77
        6358          526
        6369           62
        6372            2
        6382         3183
        6386           55
        6460         1168
