# HaloID(1) HaloID(2)
           0            0
           1            1
           2            2
           3            3
           4            5
           5          255
           6            7
           7          529
           8            9
           9           10
          10          208
          11           11
          12           13
          13           14
          14          102
          15          842
          16          331
          17          442
          18           18
          19           20
          20           21
          21           22
          22            0
          23           23
          24           25
          25           28
          26           26
          27           27
          28           30
          29         1896
          30           24
          31         1416
          32           33
          33         2815
          34           34
          35           15
          36           86
          37           38
          38           61
          39           40
          40           39
          41           23
          42         2433
          43           43
          44           44
          45            8
          46         1327
          47         2953
          48          739
          49           49
          50          152
          51         1655
          52           52
          53          496
          54           54
          55           55
          56           56
          57          557
          58           60
          59           58
          60          841
          61           62
          62           63
          63          230
          64           34
          65          535
          66         2912
          67          482
          68         1051
          69           71
          70          183
          71         1451
          72         2670
          73          156
          74          608
          75            8
          76          695
          77           30
          78           38
          79         4784
          80           81
          81         3225
          82          984
          83         1311
          84         1066
          85           38
          86           89
          87           87
          88           62
          89            1
          90           90
          91         4818
          92         1878
          93           93
          94          122
          95           95
          96         3654
          97         1594
          98           96
          99          311
         100           97
         101           99
         102           35
         103          100
         104          101
         105         5929
         106          497
         107         1685
         108          271
         109          107
         110          108
         111           59
         112          170
         113          180
         114         4729
         115          167
         116         3921
         117          731
         118         5911
         119         4405
         120           16
         121          137
         122         6262
         123          102
         124         3351
         125          930
         126          126
         127          125
         128          127
         129          143
         130          132
         131          241
         132         1079
         133          820
         134          161
         135         1025
         136         2123
         137          479
         138         1088
         139          138
         140          139
         141         7210
         142          142
         143         2337
         144          572
         145          740
         146         3816
         147          150
         148          107
         149           14
         150          151
         151           50
         152         4160
         153          797
         154          534
         155           21
         156          245
         157          154
         158           67
         159          141
         160          699
         161          160
         162          162
         163         2709
         164          606
         165          555
         166          166
         167          267
         168           23
         169         4219
         170           33
         171          171
         172           59
         173           67
         174         1244
         175          181
         176         3959
         177          183
         178         3845
         179          174
         180         2118
         181         3671
         182         4763
         183           14
         184          550
         185          116
         186          188
         187           27
         188         1495
         189           72
         190          140
         191          196
         192          185
         193         7668
         194          195
         195          589
         196         1986
         197          198
         198         4758
         199          204
         200           30
         201          470
         202         1486
         203           59
         204           25
         205           54
         206         4985
         207         2710
         208          207
         209         4295
         210         2151
         211          241
         212         5854
         213          215
         214          193
         215         1959
         216         3285
         217           56
         218          526
         219          281
         220         3157
         221         2946
         222          328
         223          206
         224          224
         225          229
         226           25
         227         1734
         228          408
         229          230
         230         3182
         231          993
         232          918
         233          664
         234         1440
         235         2215
         236          239
         237          179
         238          399
         239         2635
         240         2519
         241           25
         242         1421
         243           82
         244          246
         245           44
         246          249
         247         1994
         248          193
         249          116
         250          254
         251         7540
         252         2418
         253          131
         254           88
         255          256
         256         5162
         257          822
         258          265
         259           62
         260         1465
         261         2070
         262           50
         263          260
         264         4186
         265         1339
         266           37
         267          368
         268          263
         269          271
         270         1426
         271          599
         272         2716
         273         4517
         274          434
         275          580
         276            6
         277          275
         278         3509
         279          136
         280          350
         281          280
         282          285
         283          783
         284           80
         285          287
         286         1206
         287           38
         288         1089
         289         5342
         290          314
         291          282
         292         1954
         293            2
         294         6588
         295           44
         296         2277
         297          296
         298         1112
         299          946
         300         5018
         301          309
         302          717
         303          304
         304          140
         305         1910
         306           22
         307          284
         308         6584
         309          136
         310         1605
         311         1034
         312          315
         313         5279
         314          415
         315         4447
         316           54
         317          354
         318          111
         319          316
         320         3177
         321         5924
         322          386
         323         2636
         324          375
         325         2819
         326          330
         327         4179
         328          790
         329          337
         330          814
         331         7016
         332          327
         333         6206
         334         5887
         335         6220
         336         3566
         337            9
         338          129
         339         4245
         340           94
         341         3439
         342           94
         343         5109
         344         3683
         345          515
         346          363
         347          442
         348         7928
         349         3318
         351           95
         352         2193
         353         2183
         354           22
         355         4250
         356           38
         357           54
         358         5232
         359         6605
         360          134
         361          358
         362          371
         363         1688
         364          348
         365          769
         366          249
         367            8
         368          572
         369          311
         371           15
         372           28
         373         3327
         374         1426
         375         2028
         376         1021
         377         3581
         378          363
         379         1402
         380          291
         381         2636
         382          373
         383          384
         384         1227
         385          369
         387          808
         388         5001
         389          621
         390         1160
         391          376
         392           81
         393         7087
         394         6073
         395          379
         396         4465
         397          741
         398          444
         399          396
         400          503
         402           83
         403          227
         404         1825
         405           10
         406          245
         407          128
         408          347
         409          414
         410          402
         411          413
         412           62
         413          303
         414         2588
         415         3977
         416         4587
         417          207
         418          397
         419           59
         420         6728
         421          422
         422         4390
         423         2121
         424         4386
         425          421
         426          418
         427          428
         428         6794
         429          521
         430          423
         431           62
         432           88
         434          460
         435          420
         436           43
         437           42
         438         4424
         439         1427
         440         1907
         441         2179
         442         6184
         443         1377
         444           30
         445         4231
         446         3358
         447         5399
         449         2615
         450           70
         451         1445
         452         3117
         453         4107
         454          351
         455          452
         456          773
         457         2298
         458          929
         459           14
         460          153
         461           38
         462         1213
         463          481
         464           38
         465         3000
         466          258
         467          348
         468           30
         470          465
         471          171
         472           67
         473         1446
         474          479
         475          486
         476            8
         477           61
         478         5561
         479           20
         480          527
         481           38
         482         5339
         483           56
         484          156
         485           20
         486         1325
         487         2265
         488          471
         489         1761
         490         1098
         491           67
         492         5888
         493          122
         494           13
         495         3896
         496         6486
         497          454
         498          495
         499          435
         500         6884
         502          387
         503          930
         504         2589
         505          505
         506          923
         507          520
         508           38
         509         6094
         510          345
         511          255
         512           72
         513          107
         514         2042
         515          329
         516          136
         517          313
         518         7185
         519          519
         520           15
         521         1663
         522          536
         523         2009
         524          562
         525         2390
         526          994
         527           87
         528          348
         529         7878
         530          572
         531         6535
         532         6489
         533         1036
         534          156
         535         1868
         537         2060
         538         1826
         539            3
         540         1304
         541         1277
         542          484
         543           66
         544           75
         545         1429
         546         6495
         547          542
         548          553
         549          494
         550          161
         552          113
         553          511
         554         7650
         555          180
         556         7822
         557         5372
         559         1182
         560           54
         561         3924
         562         2670
         563          577
         564          359
         565          802
         566          482
         567          574
         568          573
         569         1304
         570          579
         571         1439
         572          567
         573          592
         575         6628
         576           42
         577         5187
         579          610
         580          773
         581          499
         582         3432
         583          782
         584         5875
         585          230
         586          183
         587         2902
         588         2730
         589         3351
         590          492
         591          270
         592          817
         593          612
         594          156
         596          549
         598         1783
         599         2078
         600         8037
         601         4265
         602           50
         603          611
         604         1793
         606         1308
         607         3772
         608          424
         609          407
         610         5180
         611           46
         612         2769
         613         1098
         614           39
         615           38
         616            4
         617           24
         618           54
         619         1787
         620          625
         621          627
         623          116
         625          755
         626          172
         628          152
         629          638
         630          436
         631         4860
         632          187
         633          952
         634          636
         635          995
         637          645
         638         4875
         639           62
         640         1912
         641          752
         642          258
         643           10
         644          191
         645          279
         646           94
         649         3080
         650          655
         651         6589
         652         4487
         653          317
         654          382
         655           34
         656          641
         657          660
         658          110
         659         1749
         660         4254
         661           49
         662          665
         663         6972
         664         5810
         665         4308
         666           14
         667         3622
         668          662
         669         3266
         670         6729
         671          189
         672            8
         673          690
         674         1190
         675           94
         676         3250
         677         7287
         678         3820
         682          686
         683            2
         684          966
         685          681
         686          800
         687         6870
         688         2117
         689          447
         690          694
         691         1250
         692         4980
         693         3144
         694          387
         695         1600
         696          164
         697          756
         698         1272
         699          703
         700          477
         702         3729
         703          681
         704          185
         705          718
         706          462
         707          615
         708          611
         709          277
         710         6033
         711         2181
         712         4057
         713          157
         714         2374
         715         1573
         716         7991
         717           38
         718         2908
         719          570
         720         1866
         721          726
         723          721
         724          723
         725         1545
         726         1135
         727         1594
         728          388
         729          184
         732           12
         733          114
         735         2368
         736          711
         737           30
         738         2124
         739           70
         740         3390
         742           39
         744         1037
         745           57
         746          938
         747           30
         748           25
         749          569
         750         1128
         751           13
         752          751
         753         1999
         754          136
         755         5202
         756          208
         757          776
         758         6014
         759          729
         760           21
         761         1986
         762           38
         763         3904
         764         6098
         765          759
         766           69
         768          764
         769          161
         772         3129
         773          768
         774         1300
         775           67
         776          770
         777          784
         778         2595
         779           61
         783         3357
         784           20
         786         2681
         787          353
         788          155
         789         4373
         790            6
         792          822
         793           38
         794         5385
         795          792
         796          121
         797         2167
         798          743
         800          270
         802          801
         803         1503
         804          936
         805         4858
         806         3263
         807         1424
         808           69
         809          815
         810          666
         811           27
         812          812
         813          304
         815         5127
         816          839
         817         1329
         818         4852
         819         1083
         820          840
         821         4266
         822           30
         823           23
         824          228
         825         4708
         826          694
         827          808
         828          208
         829           38
         830          219
         831           31
         832         4838
         833          856
         834          727
         835          885
         836           25
         837         1706
         838         1169
         839          422
         840         1324
         842            6
         844         6740
         846          844
         847          713
         848         4836
         849         2170
         850         4905
         851         2017
         852           17
         853         3808
         854         5144
         855           60
         857         7552
         858          853
         859         4737
         860         1691
         861           51
         863          870
         864           67
         865          569
         870          919
         871          869
         872         2204
         873         1231
         874           38
         875         7023
         877          154
         878         3234
         879         1465
         880         4505
         881          741
         882         7657
         883         5912
         884           25
         885          561
         886          467
         887          613
         888          259
         889          702
         891          884
         892           72
         893         3539
         894          841
         895         1539
         896          982
         897          893
         898          786
         899          896
         900          852
         901         4220
         902           78
         903          400
         904          857
         905          129
         906         6748
         908           19
         909         4336
         910           53
         912          907
         913         7885
         914         5062
         915          889
         917         1364
         918          629
         919          258
         920          131
         921          870
         923          917
         924          411
         925         2847
         926          160
         927         6287
         929           39
         930         4373
         931          952
         932         6012
         933          449
         934         7619
         935         1350
         936         4779
         938           51
         939         2239
         940         4321
         941         3465
         942          994
         943          245
         944          939
         945         7980
         946          957
         947          951
         948         1053
         949         1606
         950         6068
         951          161
         952         1008
         953          114
         954            6
         955          633
         956         1197
         957           60
         958          167
         959          123
         960         1689
         963          135
         965          895
         966         1680
         967         4393
         968         4478
         969         2566
         970           39
         971         6383
         972          144
         973         3824
         974          477
         975           12
         979         1760
         980           84
         981           25
         983          468
         984           62
         985          987
         986           39
         987          668
         989            1
         990          820
         993           38
         994         7078
         995           30
         996          136
         997         1015
         998         7243
         999          996
        1000         2359
        1001          158
        1002          199
        1003         6478
        1004           34
        1005          454
        1006         3652
        1007           88
        1009         4628
        1010          524
        1011         3707
        1012          878
        1013         1011
        1014         6003
        1016          753
        1019         1022
        1020         1068
        1021         1044
        1022         3467
        1023         1023
        1024           65
        1025         3084
        1026            3
        1027          314
        1028         1017
        1029         3650
        1030         1396
        1031         2570
        1033         1140
        1034          592
        1035         4873
        1036         6474
        1037         7749
        1038          462
        1039           27
        1041           10
        1043          411
        1044         1950
        1045          200
        1046         1032
        1047         6444
        1048          860
        1049         1981
        1051         1047
        1052          310
        1053           75
        1054         6322
        1056           67
        1057          375
        1058          276
        1059          151
        1060         7167
        1061         1147
        1062          122
        1064           13
        1065           66
        1066          733
        1067           18
        1068          122
        1069          250
        1070           86
        1072           27
        1074           67
        1076         1266
        1077         1080
        1078          172
        1079         5524
        1081          995
        1082          464
        1083          331
        1084         2150
        1085         3528
        1086          938
        1087         1436
        1088         7578
        1089         1090
        1090         4086
        1093         1076
        1095          174
        1096           70
        1098          258
        1099         1074
        1101          165
        1102           24
        1103          461
        1105          223
        1106         3812
        1107         1082
        1108         3209
        1110          168
        1111         2073
        1112         3190
        1113         1126
        1114         4315
        1115           16
        1116         1114
        1117         1560
        1118         6348
        1120         1123
        1121         5521
        1122         3029
        1123         6247
        1125          390
        1126         4653
        1127         4411
        1128         1013
        1129         2732
        1130         1063
        1131          553
        1132         3726
        1133           48
        1134          138
        1135         1834
        1136         3306
        1139          394
        1140           70
        1141         1132
        1142         8033
        1143          151
        1144         2476
        1145         6444
        1146         1131
        1147          175
        1148         3395
        1150           39
        1151         1120
        1152          176
        1157          457
        1159          304
        1160            6
        1162         3364
        1163           68
        1164          290
        1165          237
        1166         6912
        1167         2074
        1168          182
        1170         2308
        1172         1179
        1173         4826
        1174         1089
        1175           25
        1177          303
        1180         1206
        1181         1173
        1182         2232
        1184          317
        1185         3482
        1187           70
        1188           59
        1189          162
        1191           24
        1192         4250
        1194         7364
        1195           67
        1196         2178
        1197           25
        1198           97
        1199         5778
        1200         1184
        1201         1204
        1202         6037
        1203         1291
        1204         1174
        1207         1185
        1208          966
        1209         5721
        1210         1205
        1211          610
        1213         1289
        1214         2405
        1215          949
        1216         1425
        1217         2988
        1218         2794
        1219          406
        1220         1927
        1221         1194
        1222         6034
        1223         1359
        1224           12
        1225         3598
        1226         2363
        1227         1599
        1228          634
        1229           22
        1231         5874
        1232          123
        1233          265
        1234         1998
        1235           92
        1236         1056
        1237         1237
        1238           97
        1240          492
        1241         5827
        1242          733
        1243         1678
        1245         1226
        1246            9
        1247         3215
        1249         2226
        1250         1593
        1251         1480
        1252           25
        1254          183
        1255          352
        1257         4163
        1258         1241
        1260          660
        1261          692
        1262          169
        1269         3885
        1271         2006
        1272           37
        1273         7640
        1274          498
        1275          195
        1276         4892
        1278           14
        1279           38
        1280          166
        1283          563
        1284          197
        1285         2161
        1286           12
        1287          345
        1288          258
        1289           72
        1291         1042
        1292         5386
        1293           22
        1298           38
        1300         2282
        1301         7961
        1302           67
        1303           78
        1304           54
        1306          613
        1307           73
        1310         4498
        1311         4930
        1312          875
        1314           30
        1316          258
        1317         1272
        1318         1570
        1319         1312
        1321         1216
        1323            4
        1325         1576
        1326          961
        1327          410
        1330           40
        1331          590
        1334            5
        1335         1302
        1339          104
        1340         3814
        1342         4346
        1343         3299
        1344         6234
        1345         3667
        1347         1319
        1348          769
        1349          214
        1350         1328
        1351            0
        1352         1304
        1354         5870
        1355          860
        1356         1542
        1358         3046
        1360         1418
        1361         3358
        1363         1490
        1364           18
        1366          880
        1367         2868
        1368          831
        1369         1406
        1370         1332
        1371           70
        1373         1084
        1374           25
        1375         1378
        1376          232
        1377          240
        1379           62
        1381          122
        1382         2143
        1383           51
        1384          111
        1385          206
        1386            1
        1389         4363
        1390         1258
        1391            1
        1392         1283
        1393            5
        1394          403
        1395         4369
        1396         1390
        1397           25
        1399            7
        1400           68
        1401         1340
        1402         1376
        1403         1128
        1405         5899
        1406         5764
        1408         5863
        1409         1243
        1410         3244
        1411          132
        1412           20
        1414         4862
        1415         5371
        1416         1418
        1417          180
        1419         2232
        1420           69
        1421         7499
        1423         1620
        1424         1422
        1425         2276
        1427         1399
        1428         5785
        1429           16
        1430          218
        1431         2496
        1432          189
        1433         1773
        1434         4667
        1435          563
        1436         2036
        1438         2523
        1439           48
        1440         1232
        1442         3653
        1443          430
        1445         3290
        1446         1114
        1448         7160
        1450         5426
        1451          140
        1453          244
        1455          241
        1456          799
        1458         7010
        1459         1444
        1460         1539
        1461         4283
        1463         3062
        1465          589
        1466          734
        1467         2820
        1468         2746
        1470            6
        1471          391
        1472          976
        1473         1450
        1474         1754
        1476           98
        1477          209
        1478         3340
        1480         7320
        1481         4479
        1482           22
        1483          108
        1485          164
        1486          846
        1487         7330
        1490         5195
        1492           71
        1493         7774
        1494           61
        1496          570
        1497         2398
        1500          557
        1501          762
        1502          659
        1503          305
        1505         7856
        1506           64
        1507         1542
        1510         1507
        1511         1816
        1513         1457
        1514           51
        1515          823
        1516          189
        1517         6887
        1518          886
        1519           70
        1520         1340
        1523         1372
        1526           10
        1527         1230
        1528         1998
        1529         6155
        1534          318
        1535          589
        1536         6523
        1538         7286
        1539         1518
        1541         4499
        1542           16
        1543         1277
        1545         1950
        1546           40
        1547         1303
        1548         4025
        1549           12
        1552          242
        1553         1734
        1555          255
        1557         1697
        1558         5921
        1559         4033
        1560          722
        1561           51
        1562         1528
        1564         2363
        1565         2238
        1566         1552
        1570           80
        1571          560
        1572         5813
        1574         2125
        1575         1590
        1577          269
        1580         5765
        1582           85
        1583         5527
        1584          306
        1585          396
        1586         1586
        1587           66
        1588           82
        1589          364
        1590          356
        1591         1776
        1592         1484
        1593         4912
        1594         3031
        1596          200
        1597          110
        1600          278
        1601         2794
        1602         1560
        1603           39
        1604         7469
        1605         1894
        1606         1387
        1607           36
        1610         1615
        1611          110
        1613         1185
        1614         6659
        1615         2955
        1616           72
        1617          396
        1618           30
        1619         1004
        1620         6823
        1622           88
        1623          847
        1624          577
        1626         1611
        1630          168
        1632         4149
        1634           27
        1635           65
        1636         7422
        1637           78
        1639          474
        1640         1625
        1641          703
        1642            6
        1644         2933
        1645          341
        1647           51
        1649           80
        1651         1167
        1652          164
        1653         1648
        1655         4193
        1656         5850
        1657         5913
        1658         1640
        1659         4575
        1661         6928
        1664           65
        1665          258
        1666         3838
        1667         7458
        1668          194
        1669         6443
        1670          309
        1671         3662
        1672          669
        1673         2383
        1674          607
        1675          328
        1680         5207
        1683          111
        1684          498
        1685            5
        1686         4504
        1689         1709
        1690          213
        1693           30
        1695          212
        1696          369
        1699          116
        1702          106
        1703         5029
        1705          181
        1706         3691
        1707         1768
        1708         1674
        1709          128
        1713          101
        1714         7413
        1715         4340
        1716         1920
        1717         2497
        1726         4359
        1727           33
        1728           55
        1729           29
        1731         1381
        1732         7171
        1733         1762
        1734          386
        1735            3
        1737         2098
        1738            3
        1739           64
        1740         7441
        1741          354
        1743         3493
        1745           36
        1749          248
        1750         1119
        1751         1354
        1752         1339
        1753          170
        1755         1556
        1765         1083
        1767         2600
        1769         1134
        1770          174
        1771          122
        1775         5493
        1776         2582
        1778          925
        1780          404
        1783         5771
        1785          564
        1788         6402
        1791          183
        1792           99
        1794         1941
        1795         1073
        1797          302
        1799          911
        1800          399
        1802         5072
        1805         2449
        1807         1796
        1808         1864
        1809         4961
        1810          199
        1812          583
        1813         2194
        1814            0
        1815          212
        1817         1742
        1820         2337
        1821          494
        1823         1833
        1824         3721
        1825          913
        1828           19
        1829          267
        1831          369
        1832         2070
        1834          324
        1839          797
        1840          727
        1841         2500
        1842         1888
        1843         7941
        1844         1774
        1845          653
        1847         1310
        1848           70
        1850         1233
        1853           33
        1854          154
        1856         1862
        1857         2477
        1858         1832
        1859         1920
        1860         1885
        1861          509
        1862         3679
        1863         1904
        1866           38
        1867          273
        1871         2053
        1872           39
        1875          463
        1878           46
        1882          660
        1883          190
        1884          132
        1885          387
        1886          133
        1887         1226
        1888          762
        1889          980
        1892           71
        1895           18
        1897         1907
        1899         1882
        1900           38
        1901           12
        1902          621
        1903          161
        1908         4295
        1909          166
        1910          901
        1914          351
        1915         3601
        1917         1984
        1918         8051
        1919         1088
        1920          142
        1922         2592
        1923         1891
        1924           18
        1925          152
        1927         2748
        1928          147
        1929            5
        1930         2506
        1931         6185
        1934          149
        1935          879
        1936         1254
        1939          668
        1940          419
        1942          208
        1943         7344
        1944         1708
        1946         1787
        1947         2569
        1948         1925
        1949         4341
        1950          264
        1952         3110
        1954         2029
        1956         1148
        1958          443
        1959          171
        1961           53
        1962         3013
        1963          723
        1964          726
        1965         6634
        1966          114
        1969         3741
        1971         4374
        1972           41
        1973         1489
        1974         2096
        1975         4346
        1977           50
        1978          668
        1979         1956
        1980          273
        1983         2660
        1984         1368
        1985         3359
        1986         2031
        1991           40
        1993         1969
        1994         3002
        1995           20
        1996         2460
        1997         3703
        1999          990
        2003         4992
        2005          106
        2006         1151
        2007         4516
        2009         2420
        2010          151
        2011          236
        2013           53
        2017         6831
        2019          170
        2024          990
        2025         7193
        2026         2016
        2028           39
        2029            8
        2032         1252
        2033          171
        2035          850
        2036         1371
        2037         5030
        2038         1850
        2039          154
        2041          636
        2043          447
        2044          134
        2046         4960
        2049         4815
        2050           46
        2051           38
        2054          286
        2056          125
        2057          112
        2059         1113
        2062         5088
        2063          187
        2065         3979
        2068           60
        2069           30
        2070         2050
        2071         2210
        2072         3547
        2074           67
        2077           39
        2078         1051
        2079         1517
        2080           49
        2081           85
        2083         6976
        2084         1352
        2085         1243
        2086          289
        2088         6285
        2089          185
        2090          368
        2091          295
        2094          553
        2098            0
        2100          119
        2101           22
        2102           80
        2103           47
        2104           76
        2105          573
        2106          119
        2107          117
        2108         2087
        2109         4011
        2110         3240
        2111         2077
        2113         2299
        2114         3876
        2116         5802
        2117         1174
        2118         3036
        2119          404
        2125          140
        2127         2877
        2133         2274
        2134          785
        2135           16
        2137          200
        2138          303
        2139           76
        2140           26
        2141          798
        2144          140
        2146          270
        2148          463
        2149         3154
        2151          578
        2152         2624
        2153          515
        2154         2424
        2155         3868
        2156          227
        2158           80
        2160            6
        2165         4341
        2166         2180
        2169           30
        2170            0
        2171          826
        2173            6
        2175          375
        2176           18
        2179          620
        2182           49
        2183         6322
        2187          939
        2188         4062
        2189          766
        2190         4586
        2192           62
        2193           51
        2194          117
        2195         2253
        2198          199
        2200         5264
        2202            6
        2203          415
        2205         4116
        2208           25
        2209         2220
        2213         2187
        2216            0
        2217          249
        2218         6231
        2221         1078
        2223         2195
        2224         2206
        2225         1948
        2227         1825
        2228         7799
        2229           64
        2230         3053
        2234            5
        2239         7710
        2240          152
        2242         3113
        2243          796
        2244          690
        2245          500
        2248          126
        2251         2322
        2252         3730
        2254           12
        2255           49
        2258         1234
        2259         4057
        2260         5565
        2261         2222
        2262         2142
        2263          350
        2264          123
        2266          928
        2268           59
        2269         7454
        2270         1151
        2271           58
        2272          714
        2274          405
        2279         1383
        2280          760
        2281         4808
        2285          978
        2286           10
        2287         6600
        2289           70
        2291         2264
        2295         6247
        2296         5818
        2297          763
        2298          324
        2299          304
        2300          134
        2301         5529
        2303         1053
        2307         2172
        2309         1766
        2310         6888
        2311         1954
        2312          704
        2314           45
        2316           97
        2317          570
        2320           30
        2321         2333
        2322          414
        2325          315
        2326          621
        2327          217
        2328          719
        2331          163
        2333         5834
        2334          242
        2335          234
        2336          363
        2339           54
        2340           83
        2342           14
        2343         1669
        2344           95
        2346         5086
        2347           64
        2351         2370
        2352         4757
        2353         7877
        2355         2321
        2357         1478
        2360           38
        2361          572
        2364         2450
        2366         2093
        2367          904
        2368         3919
        2371         3910
        2374          664
        2375          389
        2376          296
        2377           96
        2379          257
        2381         2318
        2382           11
        2384         1160
        2387         1227
        2390            0
        2391          386
        2393            0
        2394         5376
        2397          186
        2403         3721
        2404          203
        2409         4677
        2412         2818
        2413          689
        2414         2422
        2415           10
        2417         2660
        2419          608
        2422          335
        2423         1969
        2426         2250
        2427           12
        2429           39
        2430          182
        2431            2
        2433          741
        2435          182
        2439          155
        2443          238
        2446           86
        2447          937
        2450          405
        2451           43
        2452         1182
        2453          209
        2456            2
        2459          106
        2463           42
        2465         2107
        2466         2908
        2469          475
        2471          238
        2472          406
        2477          502
        2479          161
        2483          104
        2484          358
        2485          139
        2486          856
        2488         3792
        2489         5218
        2491         4057
        2492          679
        2494          456
        2495         4950
        2497         1810
        2499          466
        2501         6014
        2502            0
        2503         2439
        2504         2517
        2506         2446
        2507         1352
        2509         3013
        2511          248
        2513         7446
        2515         2457
        2517         4400
        2518         2530
        2520            5
        2522         5457
        2523         2509
        2527         2616
        2528         4774
        2530         7063
        2532         3785
        2534         2496
        2535         5774
        2538         4550
        2547           11
        2548         1783
        2549         2213
        2550         4194
        2551         5578
        2553          181
        2555         1317
        2558          969
        2559         1205
        2561         1314
        2562         6425
        2564         7189
        2567          405
        2568          961
        2569         5945
        2570         3222
        2573         2922
        2574         4185
        2575          160
        2576         3961
        2577          743
        2580         5176
        2581         2551
        2585         2587
        2586          185
        2587         3148
        2588           96
        2590         2456
        2591         5360
        2592         2759
        2595         7458
        2596          763
        2597          250
        2598          188
        2599           23
        2600         2879
        2604           67
        2606            3
        2607          639
        2608         1711
        2612           14
        2613          270
        2615          262
        2616           64
        2617          212
        2619         2527
        2621         2691
        2623          268
        2624          309
        2627         2177
        2628          876
        2629           74
        2634          208
        2635         7347
        2637          344
        2638          667
        2639         4365
        2640          485
        2642           60
        2646          903
        2648          257
        2649         2716
        2651          420
        2653           31
        2654          320
        2655         1913
        2660         1538
        2661          215
        2662         1079
        2664         1796
        2669         2174
        2670           92
        2671         2543
        2672          446
        2673          168
        2675          777
        2679            1
        2680         5150
        2681          167
        2689          554
        2690          888
        2694           55
        2695          114
        2700          542
        2703           44
        2705         2629
        2706         2607
        2707            8
        2710           39
        2711         1706
        2714         2850
        2716           57
        2719         1751
        2722            3
        2723         4052
        2728         2637
        2729          660
        2730          687
        2733         4564
        2734          116
        2740           24
        2741           65
        2742           49
        2743         2234
        2744         7971
        2746         3164
        2747          965
        2748            2
        2749           43
        2750            3
        2752         1661
        2755           88
        2756            4
        2757         1454
        2758          372
        2759          957
        2761         2740
        2764         1615
        2766          251
        2768         4030
        2772         1933
        2774         1317
        2775         1310
        2776         1688
        2777          815
        2779          598
        2780          121
        2781          157
        2783         1026
        2784         4837
        2786          101
        2788          242
        2789         4953
        2790         2773
        2791         2846
        2794         3287
        2798         2720
        2801         2799
        2802         1294
        2803          491
        2805         2791
        2806          752
        2808         3411
        2812         6829
        2813         2804
        2814           60
        2815           72
        2816         7885
        2819           65
        2820          493
        2824          857
        2826          139
        2829         3522
        2831          408
        2839          406
        2842         1283
        2843         2903
        2844          634
        2846           61
        2848          349
        2849           44
        2850         1078
        2851           30
        2854          177
        2858           34
        2860            0
        2861           44
        2862         3535
        2863           12
        2864          495
        2866         2391
        2867           31
        2868         2917
        2874          369
        2878           54
        2881          377
        2883           14
        2887         4408
        2888         1613
        2889          726
        2891         4093
        2892           98
        2893         7593
        2894          431
        2896         2118
        2898         2444
        2900         2812
        2906          475
        2907            3
        2909         6989
        2911         2851
        2912         2850
        2914         1254
        2915         6914
        2916           12
        2917          252
        2918         1961
        2919          411
        2922         1836
        2924         2919
        2925         1609
        2926         4865
        2928          593
        2929           12
        2930         3902
        2932          598
        2935         2250
        2936           89
        2937         3406
        2938         6357
        2939         1453
        2941         1141
        2942         1135
        2943         5746
        2946          166
        2948          808
        2949         1112
        2951         7279
        2954          137
        2957          130
        2959          187
        2963           70
        2966         4364
        2968         1786
        2970         1858
        2973         2856
        2974          139
        2977           29
        2979          986
        2980           32
        2981          120
        2984         5514
        2988         2965
        2990         1699
        2992         7789
        2994         2367
        2995         5922
        2997         7004
        2999         2248
        3001          844
        3004         1215
        3007         6111
        3008          304
        3014         6137
        3015          265
        3019          312
        3022         1254
        3025         2602
        3026         7443
        3030         1659
        3032          858
        3033         2807
        3035          343
        3039          984
        3041         3319
        3043           35
        3044           50
        3045          474
        3049         1716
        3050         1880
        3051          184
        3056          305
        3058         1216
        3061          112
        3063         1727
        3065          149
        3066          207
        3069         3012
        3071           48
        3074         3025
        3078          521
        3080          309
        3081          161
        3082          812
        3083            0
        3084           58
        3087          381
        3090         1339
        3094         5739
        3096         1685
        3097          609
        3098          232
        3101         3017
        3102           47
        3106         2989
        3111          295
        3113         4829
        3114         3100
        3118         3923
        3120           17
        3124          589
        3126            0
        3129         4346
        3133            0
        3135          632
        3136           71
        3137         3786
        3140         1183
        3141          108
        3142          204
        3145           82
        3146          666
        3148           17
        3149          103
        3151         1218
        3157          139
        3159          636
        3161          721
        3163           74
        3165         2077
        3167            1
        3174         1489
        3176          101
        3178         1285
        3179         4047
        3181           48
        3182         4134
        3183          100
        3185         4854
        3186         4819
        3188           44
        3189         1528
        3190          142
        3196          327
        3198         4280
        3199         1147
        3203          683
        3204          166
        3206         3187
        3207         1314
        3208         6520
        3209         5445
        3210          261
        3212          121
        3213         5010
        3214           11
        3215          932
        3218         6744
        3221         2242
        3224          235
        3226           35
        3228         2909
        3229           67
        3237         3439
        3238         2552
        3239         1703
        3242          146
        3244         1467
        3245         1243
        3246           91
        3248           12
        3250          272
        3254          244
        3255          781
        3256         2510
        3257         2059
        3258          414
        3259         1266
        3260            0
        3270           16
        3271         1489
        3273          326
        3277         3294
        3281         3986
        3284           76
        3285         3265
        3290         2036
        3291          197
        3293          345
        3294          397
        3296         2824
        3298          408
        3301         3984
        3305           49
        3309         2526
        3310         2407
        3311         3037
        3322         1291
        3323         3507
        3327          269
        3330          659
        3332          369
        3333         5237
        3335           69
        3338         2963
        3339           34
        3340         3693
        3346          321
        3347         5877
        3348          477
        3350         1790
        3351          648
        3358         1572
        3359          559
        3362           39
        3367         2114
        3369            3
        3370            2
        3372            6
        3373            2
        3376           61
        3380         1925
        3381          301
        3382          553
        3383         2793
        3386          176
        3388         4096
        3390           92
        3391         7151
        3393          869
        3395         2283
        3400          233
        3401           20
        3402         7026
        3403          710
        3405           28
        3406          961
        3408          652
        3410            0
        3411          993
        3412           54
        3415           76
        3417         1037
        3418         1402
        3423          919
        3424         3329
        3426         1608
        3427          878
        3429         1892
        3430         1969
        3434          927
        3435           97
        3436         1034
        3440         4107
        3441         4434
        3442            7
        3443         4212
        3444          952
        3456         1715
        3457           66
        3460         1664
        3461         3208
        3462          270
        3464         1794
        3466          137
        3468         6590
        3470         2273
        3474         3430
        3477          856
        3484         6658
        3486          556
        3488           14
        3489         2712
        3494           60
        3496          312
        3500          597
        3501          470
        3502          354
        3506           46
        3507         1703
        3508          236
        3509           48
        3511         1366
        3515         3460
        3522           21
        3524          418
        3525           13
        3526         3480
        3529         3606
        3533            1
        3534         6383
        3535           31
        3536         5411
        3537          885
        3538          537
        3541         3585
        3542          177
        3543          293
        3549          220
        3552         3590
        3555         1847
        3556          117
        3558         1374
        3559         1410
        3560            3
        3562         3858
        3564            0
        3565         3205
        3566           18
        3570            3
        3576          311
        3577         6392
        3579         3500
        3582         1754
        3583           98
        3586           97
        3593         3803
        3602          125
        3604           77
        3608         5871
        3609           59
        3612          338
        3615            8
        3616         1888
        3617         2600
        3618         1321
        3620          314
        3621         6493
        3623           73
        3624         1317
        3626         1217
        3627         3585
        3636          305
        3641         3986
        3643           22
        3644         1785
        3647          161
        3651            1
        3658          295
        3659         1111
        3661          236
        3662          505
        3669           11
        3671          130
        3672         2072
        3674          474
        3675         7034
        3677         1084
        3678           46
        3680           53
        3684          443
        3687          222
        3690         3607
        3691         1609
        3693           26
        3695         1369
        3696         5921
        3697            6
        3701         1397
        3706         3632
        3709           74
        3711           74
        3712         1979
        3714          236
        3722          440
        3723           61
        3729          159
        3732         1659
        3733         5042
        3734           12
        3736           50
        3737         4698
        3743          501
        3744         4475
        3745           66
        3749           58
        3756            9
        3758         2399
        3759           45
        3761         3924
        3766         7559
        3768         7553
        3773         1300
        3774         2485
        3777         1379
        3780         3766
        3781         2720
        3786         3704
        3788          214
        3791          375
        3796           10
        3799          128
        3800         3200
        3801         1773
        3804          226
        3807         4574
        3808           39
        3810          281
        3815         2483
        3817         3397
        3819           63
        3822          938
        3823         3140
        3824           19
        3827          337
        3832         6316
        3833            4
        3834           37
        3837         3607
        3838         1321
        3845          173
        3847          268
        3851          456
        3855          216
        3858           18
        3862            0
        3863         1302
        3864          107
        3865          741
        3866         2556
        3867          513
        3870         1530
        3875         3863
        3877         4734
        3879          232
        3882          774
        3883           11
        3884           30
        3886          269
        3887           88
        3888          127
        3889           40
        3892          185
        3913          254
        3914         3668
        3927         3006
        3929         2566
        3930           11
        3934          632
        3935         5971
        3936           35
        3937         7955
        3938           91
        3940          140
        3942         1349
        3946           98
        3950          133
        3952         4325
        3955         3658
        3957           18
        3959          408
        3962          101
        3963            7
        3968          726
        3969          168
        3970          125
        3971         6665
        3973          530
        3980         5528
        3983         5441
        3985           12
        3987         7798
        3988         3938
        3991         3215
        3994         5586
        3995          354
        3997          230
        3999          493
        4000          147
        4001         2705
        4003          668
        4005          177
        4006          346
        4007          569
        4009         5611
        4010          271
        4013          552
        4014         1177
        4015         1892
        4016         4161
        4017          553
        4018         2592
        4020          137
        4021         1270
        4022          108
        4023         3896
        4025          310
        4028         3518
        4032         3424
        4033          962
        4036         2121
        4037          244
        4040         1143
        4042         1043
        4043          157
        4044         7120
        4045          147
        4049         1959
        4050          880
        4052         1148
        4058          489
        4059          528
        4060           97
        4062         3743
        4063          553
        4067           27
        4069         3849
        4070         2465
        4074          930
        4075         1111
        4076          513
        4077          285
        4078           28
        4080          817
        4084         3101
        4085         2369
        4088          115
        4092         1223
        4095          470
        4098          252
        4099         2166
        4100          140
        4103           75
        4106          304
        4113          488
        4114            2
        4115          376
        4116         3414
        4118          278
        4120          597
        4122         2034
        4123         6875
        4125          142
        4129          153
        4130            9
        4131          608
        4133          621
        4135         1161
        4143            4
        4144          207
        4145           44
        4146         6839
        4150            0
        4152            0
        4155            0
        4156            3
        4157         6320
        4158          233
        4166          290
        4168          265
        4170         6045
        4174          306
        4176         1484
        4177         4138
        4178         3206
        4179         1996
        4181         1114
        4183          792
        4190         4700
        4191          822
        4192           18
        4193           12
        4195         1896
        4196            4
        4197          351
        4203          386
        4206         1775
        4208            0
        4211          472
        4212            9
        4213         3925
        4220         1715
        4221         1599
        4223           95
        4227          415
        4228         2833
        4234         4234
        4235         1529
        4238            1
        4241          997
        4242          839
        4243          104
        4244           18
        4245          527
        4248         1087
        4249           61
        4252          229
        4256           40
        4257         2979
        4258            1
        4260           12
        4261          513
        4265         4051
        4266          249
        4269         7283
        4270          290
        4272         3811
        4273          166
        4275          200
        4276         3031
        4277            0
        4280            9
        4286          257
        4288            1
        4292         4242
        4294           83
        4296         5092
        4297           39
        4305            0
        4309            3
        4310           83
        4313          145
        4318         4819
        4322         7536
        4327           65
        4332            6
        4334         1631
        4339          903
        4341          747
        4346           80
        4347          512
        4348         1615
        4349         1134
        4353          858
        4358          575
        4361          251
        4364          135
        4369         1842
        4375           84
        4379          847
        4380          123
        4381         1610
        4383          863
        4384         4721
        4387         3431
        4393           36
        4396           23
        4397          104
        4403          833
        4405         5219
        4406           14
        4409           60
        4410         1865
        4412         1941
        4416           68
        4418          248
        4428            8
        4429          217
        4438         3096
        4439         4833
        4441         3863
        4445           47
        4447         1034
        4448         5296
        4449         2401
        4452         2973
        4454         2067
        4456           28
        4457          695
        4458         7362
        4459          599
        4463            4
        4464            0
        4468         3017
        4469         5395
        4470           63
        4471          180
        4472            1
        4473         3502
        4476          902
        4480          414
        4482         5650
        4486         5010
        4487         6956
        4488          261
        4490         1257
        4491         6220
        4506           81
        4511         1761
        4512            3
        4513           36
        4515         4445
        4516         1089
        4521         3236
        4525            3
        4526           12
        4527          549
        4528          597
        4529         4423
        4537         4123
        4538            7
        4545         5321
        4549          831
        4555            6
        4556           13
        4558         1700
        4559         4568
        4563          488
        4564         5004
        4567          406
        4569         3726
        4572         1786
        4581           48
        4583          687
        4585          440
        4586         5444
        4587         2128
        4590         3003
        4593         2538
        4594          799
        4595           14
        4596            0
        4598            0
        4599           97
        4600          115
        4605           23
        4609            0
        4610         3737
        4611           32
        4613         4602
        4615           26
        4617         2243
        4620         7626
        4623            0
        4624         1352
        4627         1029
        4631         4566
        4632          168
        4634         6316
        4641         5445
        4644          559
        4646         1216
        4652           57
        4655         1832
        4658          825
        4662          129
        4663          123
        4664         2032
        4665         4652
        4666          188
        4667          151
        4671           84
        4676          104
        4678         6691
        4681         1529
        4682         2469
        4686         2981
        4690            6
        4693           89
        4700            0
        4704           59
        4705         1425
        4707          207
        4712            0
        4713          310
        4715          998
        4722           26
        4723            8
        4728         1791
        4732         6411
        4733         2786
        4734          172
        4738         4480
        4739          369
        4744          117
        4745         3842
        4747          250
        4749         4725
        4752           26
        4760         1122
        4765          208
        4767          358
        4768           37
        4769         4055
        4770          190
        4773         1585
        4775          365
        4776         1665
        4778           69
        4782            0
        4783           74
        4784          294
        4786           11
        4788          115
        4794         4867
        4796          948
        4797         5393
        4798         4239
        4803          295
        4805         3802
        4806          585
        4813         1072
        4816          112
        4820            9
        4823          293
        4824         4750
        4829           69
        4833          272
        4834          468
        4835          420
        4840          750
        4841            3
        4845         2132
        4852          848
        4853          570
        4856            3
        4857          275
        4861          922
        4864            0
        4866          481
        4868            3
        4871           90
        4872          127
        4874          668
        4876         4924
        4880          131
        4882           68
        4883            1
        4889         2728
        4892         5094
        4893          957
        4896          479
        4899            8
        4900            8
        4904          708
        4906           36
        4909            3
        4911          207
        4912         1212
        4916           37
        4923           37
        4924         4900
        4926          589
        4933          704
        4934         1609
        4938           57
        4940         2386
        4943         3622
        4944           70
        4949          129
        4955          185
        4956         3948
        4965          131
        4968          375
        4971          941
        4972            3
        4976           76
        4982         5014
        4983          682
        4985            0
        4986         4261
        4988          278
        4993         3032
        4997         2963
        4998          266
        5009         4991
        5010           87
        5011         1508
        5017          542
        5019         3819
        5024         1479
        5025          747
        5027          195
        5031           31
        5032          633
        5033          145
        5038            0
        5040          110
        5042         6465
        5043          449
        5045         2166
        5051           43
        5052         2667
        5058         3740
        5063            0
        5064          773
        5067         2754
        5068         3102
        5074         5974
        5075          902
        5077            4
        5078         1054
        5080          512
        5081          248
        5085          621
        5089         4640
        5090           10
        5093           80
        5098         2755
        5099          207
        5100           23
        5102         5034
        5103          843
        5105          976
        5106         1026
        5112         1297
        5113          260
        5115          390
        5118         1916
        5123           53
        5124          600
        5128           18
        5133          134
        5134         6514
        5135           18
        5137          257
        5144         2966
        5148         3780
        5150         3282
        5154         4041
        5156          170
        5157         4043
        5163            0
        5165         6957
        5169           65
        5177         5105
        5178          500
        5179         1779
        5181            6
        5184           43
        5188         7783
        5194           26
        5198           31
        5201           68
        5203          177
        5207          881
        5209           19
        5212          120
        5215          106
        5216            0
        5217          660
        5220         1355
        5225            4
        5226         5246
        5231           41
        5236          434
        5240         1099
        5243          120
        5246          594
        5248           50
        5257         1000
        5263         3343
        5266         1170
        5279         4136
        5281         3590
        5292           13
        5293          278
        5294            0
        5297          121
        5298          437
        5305           45
        5308         1439
        5311         2734
        5318         1121
        5321         5415
        5324         4614
        5325         3499
        5326          520
        5328          139
        5331         5988
        5333         1547
        5337          986
        5341            0
        5343         1885
        5346          131
        5352          588
        5354            0
        5366          474
        5368          249
        5369         1912
        5374          315
        5375          292
        5377          665
        5379          165
        5380         3032
        5381          554
        5382          992
        5388          202
        5389            3
        5390         1393
        5395           90
        5404         5653
        5407         2801
        5412         1095
        5419         1674
        5421          226
        5422           48
        5424         2224
        5425          155
        5427          668
        5437         2869
        5451          682
        5452          328
        5462         1125
        5464            8
        5469          184
        5470            8
        5471            3
        5481          692
        5486         2058
        5488            3
        5495         5599
        5496          332
        5501           77
        5502         2773
        5508         1441
        5509          310
        5510          960
        5515            6
        5522         5070
        5524         2522
        5525         6650
        5526         2289
        5527          210
        5528         1416
        5531           40
        5533         1722
        5534          210
        5535           76
        5536         5785
        5542         1646
        5551          901
        5553         2608
        5557          541
        5558          586
        5559            0
        5564          594
        5565         1047
        5567         4639
        5568          632
        5569         3156
        5574          683
        5577         5980
        5580            0
        5581           44
        5584         2011
        5586          723
        5589          796
        5591          171
        5592           45
        5594          148
        5600         2532
        5601            0
        5603          250
        5608          960
        5609         5673
        5614          148
        5615         3346
        5618          215
        5623          292
        5628         5557
        5629         3414
        5631         2298
        5632           33
        5640         5862
        5641          137
        5644          112
        5645           11
        5650           28
        5653          295
        5656         5489
        5659          275
        5662          847
        5666          103
        5672           63
        5687          310
        5691           90
        5692            3
        5693          238
        5696         3239
        5700           57
        5701          547
        5703            1
        5707         2589
        5709         1157
        5711          462
        5714          926
        5717         3009
        5723           60
        5728         5507
        5737         1502
        5738          267
        5740          139
        5741          215
        5744            3
        5746         1914
        5748           20
        5749         5816
        5751          175
        5753         1355
        5754          395
        5760            0
        5761          625
        5763           47
        5764         1918
        5765           95
        5766         2469
        5768           18
        5769            8
        5770         4379
        5793         1316
        5794          129
        5800           74
        5801         3862
        5806            8
        5807          493
        5818          782
        5822          238
        5825         7362
        5831         4455
        5832         6284
        5833          547
        5844          597
        5845           95
        5847         1244
        5852         1216
        5854          157
        5857           20
        5861           24
        5863          120
        5868           11
        5869          204
        5876         1699
        5877         5882
        5882         3161
        5883          351
        5884            0
        5888         1562
        5891          113
        5892          121
        5893          473
        5894          621
        5898          129
        5900         4143
        5904         1678
        5907          608
        5909         1299
        5913         1053
        5915         2472
        5918            0
        5921          370
        5931         1615
        5937          382
        5938          333
        5948           83
        5959          130
        5967         2318
        5972          113
        5973         6212
        5978          165
        5979         1974
        5986         1746
        5989          182
        5992           23
        5994           16
        5998          231
        5999         5943
        6000          172
        6001          256
        6010           77
        6013         2726
        6018          651
        6020         1247
        6022          204
        6032          433
        6033            5
        6038         5473
        6046         1549
        6048         4201
        6051         1672
        6057         7424
        6060         1313
        6062          506
        6064         5028
        6065          941
        6069          157
        6070          688
        6071         1787
        6072          111
        6080           77
        6082         4400
        6085         1257
        6086            0
        6093         2050
        6096         1163
        6098         1749
        6101         2425
        6105         1999
        6107         2965
        6108         3848
        6117           69
        6118          753
        6122         4646
        6126           68
        6127          204
        6135         2769
        6139         5862
        6140         6093
        6152           61
        6158          602
        6163         6154
        6166          998
        6167          356
        6171         7553
        6172         1368
        6180         3006
        6183         5898
        6186          466
        6190            7
        6191           11
        6194         1874
        6197          705
        6204          684
        6205           50
        6207         7997
        6213         3012
        6216           17
        6217         3148
        6218         1224
        6222         4871
        6225         2997
        6228         6178
        6239         7182
        6249           47
        6250         1416
        6254         7005
        6256          113
        6257            0
        6259          242
        6268         5089
        6272           74
        6276         1543
        6283           79
        6288         1830
        6289         7575
        6290         1611
        6294           40
        6295           71
        6297           75
        6306           61
        6310         2662
        6314            3
        6319           23
        6331          528
        6332          154
        6333          547
        6334         2062
        6341          688
        6351          868
        6356           28
        6363          625
        6367           35
        6368         6096
        6371         6760
        6372          397
        6374          301
        6376         1318
        6379         2256
        6381          299
        6383         1578
        6387         1674
        6389          108
        6392           34
        6396           26
        6399           63
        6401            0
        6402         8011
        6405         2062
        6406          878
        6407           83
        6411         4844
        6412           21
        6413           31
        6415          231
        6417          266
        6418          854
        6421         7115
        6424           52
        6426         1048
        6431         3236
        6433          486
        6440         7691
        6441         2109
        6445          222
        6448           42
        6450         1049
        6451          222
        6453         4829
        6458         5014
        6463         3108
        6466           16
        6480         4834
        6487            6
        6488            0
        6494         3866
        6495         2974
        6496          261
        6498           75
        6499          526
        6505           99
        6509         1161
        6510          131
        6512          501
        6514         6435
        6517          139
        6524            0
        6528            0
        6532           29
        6537          135
        6538           95
        6545         3859
        6559           14
        6573          135
        6575         5706
        6582         3754
        6584            0
        6588          964
        6589          299
        6590         6590
        6591          865
        6595         1081
        6598         1217
        6601           48
        6603          108
        6606            3
        6608           53
        6610          473
        6611         4581
        6614            9
        6616         4394
        6625         3197
        6626          361
        6628          217
        6631          120
        6632         1171
        6637           18
        6639            3
        6641          260
        6643         1208
        6651           33
        6659           87
        6660          848
        6662          144
        6665         2102
        6666          462
        6667            0
        6670         2929
        6676           33
        6681         5725
        6682          580
        6684          326
        6690         4204
        6693          391
        6696          126
        6701           83
        6705         1418
        6711         5814
        6715           20
        6717          131
        6730         1079
        6735            0
        6738         1230
        6741          853
        6749          396
        6751          408
        6754           33
        6756            2
        6769          801
        6771          120
        6776         2140
        6778            7
        6780          589
        6783         2884
        6784            0
        6787         3032
        6789         3080
        6793           34
        6797          129
        6798         2372
        6800         6491
        6801         2182
        6802           63
        6808            0
        6811          164
        6813          245
        6818         1732
        6824           92
        6826           13
        6830           41
        6832            0
        6836           32
        6840           82
        6844          350
        6848         1295
        6849         7916
        6859         1819
        6860          251
        6863           39
        6867          463
        6869         4891
        6870          901
        6872         2908
        6873           82
        6881         1944
        6883          209
        6885           61
        6886          135
        6889         1507
        6893         6285
        6896          293
        6898         1072
        6899         1020
        6902          204
        6905           17
        6911         2463
        6912          227
        6926         1698
        6941            0
        6942          843
        6944          608
        6945           47
        6949         2226
        6951         4943
        6959          310
        6963            4
        6964            0
        6968           36
        6970         6594
        6976            5
        6978         3945
        6980          832
        6983          278
        7010         1635
        7013         7819
        7020         5361
        7027           13
        7029            0
        7034            1
        7036         6915
        7043         2191
        7059            3
        7065          116
        7067           53
        7068          979
        7082         5896
        7084         1183
        7088         1083
        7099          312
        7102          381
        7108         1063
        7109           41
        7111           80
        7122         1667
        7124            0
        7128         3159
        7130           58
        7133           45
        7134           86
        7135         7582
        7136          382
        7138          510
        7140           71
        7141            0
        7144         6523
        7145           36
        7152         3240
        7156          904
        7161          356
        7164           23
        7168           50
        7169         4314
        7177           11
        7179           24
        7182         4292
        7196           39
        7201          370
        7208           90
        7211          960
        7213         1736
        7216            0
        7221          190
        7231           90
        7234          170
        7236         3738
        7247          177
        7254          129
        7256         1076
        7257          145
        7258            1
        7263         1634
        7271          668
        7275           61
        7283         3918
        7289          330
        7296           47
        7297          350
        7298           99
        7299            3
        7300            0
        7301          164
        7304          439
        7305           44
        7307         5667
        7310           63
        7311            0
        7312          780
        7327           26
        7330          137
        7333          194
        7334          247
        7336         1125
        7337          404
        7340          145
        7349         2789
        7352           27
        7353          630
        7354           82
        7355         4570
        7356          829
        7359          142
        7360         4050
        7366           28
        7367         1900
        7368          561
        7369            0
        7370          101
        7374            5
        7380           99
        7388           76
        7392          272
        7397          293
        7401          117
        7403          748
        7405         3376
        7407          142
        7408         7569
        7409          194
        7412          506
        7419           69
        7425         2567
        7426           86
        7427           31
        7430            0
        7432          275
        7436          550
        7441         2522
        7445           36
        7450         1829
        7452          603
        7462          816
        7464           84
        7465          351
        7468         2311
        7470            1
        7471         2289
        7473         2153
        7483            5
        7485         2342
        7488           21
        7490            0
        7499            0
        7503          223
        7506          868
        7507          323
        7509         2747
        7515         1319
        7519            4
        7522           50
        7525           92
        7528          753
        7529          175
        7531           12
        7542         1955
        7544           36
        7558          333
        7559         7805
        7563         1693
        7573         3727
        7574            2
        7581         5682
        7585          305
        7586          556
        7589         5191
        7590          303
        7591           66
        7593          969
        7594         1691
        7600         3341
        7606          941
        7612         1829
        7615          373
        7631           40
        7637          242
        7640         1731
        7641          509
        7642          157
        7644          654
        7650           22
        7653          576
        7655         2361
        7656          847
        7660         1790
        7666         6894
        7671         3017
        7675          147
        7682         2263
        7698           28
        7699            0
        7708         4947
        7712           75
        7719          179
        7725         2166
        7730          472
        7734           24
        7736         2103
        7741           26
        7756         1507
        7759         1027
        7776          466
        7777          341
        7787          269
        7791         2025
        7794           76
        7798         3435
        7799         2960
        7800           14
        7809          207
        7813            1
        7819            0
        7822         3477
        7831          222
        7832          307
        7838         1124
        7845         2411
        7850            1
        7852          167
        7853         2378
        7865         1660
        7866           81
        7868         3695
        7872          129
        7874           57
        7879           35
        7880            6
        7887           21
        7888            2
        7893         2142
        7897            8
        7899         4615
        7904         1020
        7908         3380
        7909           14
        7911         7473
        7912          858
        7915          109
        7921         4766
        7922           50
        7925           21
        7927          124
        7928         1681
        7942           76
        7943           33
        7960           27
        7964          149
        7971          323
        7975         3543
        7981          501
        7983            2
        7984          440
        7987          434
        8002            0
        8003           53
        8013          165
        8018            0
        8019          252
        8024            2
        8027         1124
        8029           83
        8048         5553
        8052           71
        8055          103
        8058         5624
        8068         1032
        8072          111
        8076          936
        8082          106
        8083          141
        8087            0
        8090           92
        8091          108
        8096         2023
        8101         1964
