# HaloID(1) HaloID(2)
           0            0
           1            2
           2            3
           3            4
           4            5
           5            6
           6            7
           7            8
           8            9
           9         2447
          10           11
          11           12
          12            0
          13         1014
          14           14
          15            0
          16          931
          17           16
          18           17
          19          121
          20           19
          21          135
          22           23
          23           76
          24         1177
          25           25
          26         1916
          27         1216
          28          124
          29           30
          30           31
          31          850
          32          749
          33           21
          34         1880
          35           35
          36         2447
          37           38
          38         5076
          39         2422
          40         1605
          41           90
          42         6240
          43          481
          44         1948
          45          480
          46           46
          47           48
          48          719
          49          712
          50         1482
          51           52
          52          714
          53           53
          54         9154
          55           55
          56           56
          57          104
          58         1415
          59         1001
          60         5114
          61          891
          62          851
          63         1686
          64         3159
          65           62
          66          822
          67          209
          68           68
          69           70
          70         5313
          71          102
          72         4873
          73         1707
          74         3069
          75         3420
          76          192
          77           75
          78         8559
          79         6634
          80            4
          81          153
          82         7131
          83          688
          84         9350
          85           84
          86          647
          87         3011
          88          503
          89         2715
          91         2791
          92         7081
          93          645
          94         1708
          95         2413
          96           91
          97          267
          98         5394
          99         1213
         100          100
         101          337
         102            3
         103          408
         104         8339
         105          687
         106         3673
         107          106
         108         5574
         109          108
         110           20
         111         5097
         112          365
         113          405
         114         1657
         115          931
         116         1883
         117         1398
         118         6857
         119         7527
         120         3161
         121         4222
         122           73
         123         1650
         124         8298
         125         4233
         126         7364
         127         3506
         128          128
         129         2503
         130           13
         131         5053
         132          366
         133          130
         134         5046
         135          914
         136         2709
         138          119
         140         1114
         141          304
         142         1208
         143         1185
         144          578
         145         1673
         146         1715
         147         6583
         148         2312
         150         4882
         151          147
         152          513
         153          178
         154          606
         155          155
         156         4958
         157         2552
         158           49
         159         2021
         160         3150
         161           84
         162         7056
         163         3181
         164          362
         165         6382
         166           13
         167          170
         168         2015
         169            0
         170         4746
         171          424
         172          323
         173          371
         175           33
         176           27
         177          459
         178         1597
         179          333
         180         7573
         181           52
         182         1838
         183          183
         184           49
         185         1195
         186         5172
         187         8913
         188         1836
         189         1022
         190         2736
         191         1070
         192           73
         193          269
         194         2273
         195            0
         196         1339
         197         5774
         198          197
         199           91
         200            3
         201            7
         202         6640
         203         1427
         205          773
         206         4408
         207         6748
         208            9
         209          879
         210          131
         212          931
         213         2292
         214         2687
         216         6519
         217           67
         218         3224
         219           63
         220         2096
         221         2965
         222          804
         223           82
         224          665
         225          245
         226          223
         227         1466
         229          188
         230          649
         231         4681
         232         2313
         233           83
         234          373
         235          232
         236         4400
         237         5808
         238         2675
         239         6803
         240           85
         241          246
         242          740
         243          239
         244         8350
         245         2811
         246         8881
         247          353
         248         1359
         249           45
         250          106
         251           58
         252          269
         253          804
         254         2471
         255         1332
         256           69
         257         6221
         258         6027
         259         6501
         260           21
         261         2669
         262          254
         263            4
         265         7873
         266          269
         267         7610
         268          122
         269         1259
         271            4
         272         2796
         274         8734
         278          608
         279          282
         280         2775
         281          541
         282           71
         283          418
         284         5234
         285         7150
         286         5480
         287         2779
         288          285
         289         2853
         290         2159
         291          288
         293         4821
         294           17
         295         9108
         296         3805
         297          869
         298         2617
         299          101
         300          608
         301         5652
         302         1109
         303           72
         304          284
         305         4928
         306         1219
         307           58
         310         8823
         311         8239
         312         6519
         313          206
         314         2911
         315          639
         317          229
         318          303
         320          300
         321          523
         322          243
         323          312
         324         1038
         325         5056
         327         1180
         328         1816
         329         2265
         330          106
         331          219
         332         8015
         333          528
         334           54
         335         3232
         336         2926
         337            0
         338          237
         339         6836
         340           25
         341          763
         342         8300
         344         3900
         345         4665
         346         5077
         348          342
         351         4698
         352            4
         354           31
         355         2574
         356         1938
         357         4272
         359          468
         360          355
         361          847
         363         1759
         364         1771
         365          132
         366            2
         367         2013
         368          269
         369         2438
         370         2656
         371         5151
         372         1438
         373         4264
         374           63
         375           55
         376         4200
         377         1213
         378         2422
         379         3793
         380         1916
         381         2856
         383         6262
         385         4149
         386         2997
         387          137
         388         1861
         390         3449
         391           32
         392          104
         393         1493
         394          155
         395         1216
         396          796
         397           20
         399          396
         400         4998
         401         4355
         402         8701
         403          259
         404         1211
         406         3888
         407         2577
         408         7145
         409           38
         410          269
         411         3773
         412         1565
         414          423
         415          356
         416         2201
         417          926
         418         7890
         419         7362
         422          278
         423          933
         424            0
         425           25
         427         6634
         428         3756
         429          425
         430           15
         431          967
         432         3141
         433         2402
         434         3241
         438           23
         439         7375
         440         3249
         441          242
         442          438
         443          466
         444           44
         446          384
         447         6438
         448         5861
         449         3691
         450         7205
         451          249
         452          511
         453         1160
         454         3355
         455          455
         456         5739
         457         1645
         458         3113
         459         4743
         460           60
         461         1724
         462            9
         463         1507
         464           35
         466          806
         468         2518
         469          219
         470          170
         471         5947
         472          520
         473         7749
         475          432
         476         3678
         477         2092
         478         2533
         479         5146
         480         5083
         482          437
         483          931
         484         7462
         486            6
         487          448
         489          269
         490         6055
         491         2159
         492         1346
         493         1269
         494         8822
         495          664
         496          307
         498         4898
         499          501
         500          498
         501            0
         502         9323
         503         3785
         506           25
         507         6800
         509          753
         510          514
         512         7024
         513          645
         514          323
         515           59
         516         3494
         517         4066
         519          463
         520          114
         521         1346
         523         9128
         524           25
         527         1951
         528          527
         529            7
         530           36
         531         4136
         533          829
         534         2592
         536           16
         537         1834
         538          500
         539           25
         540            0
         541           73
         542          424
         543         2875
         544         3641
         545          238
         546          687
         547         1011
         548         4287
         549          168
         551         4212
         552          987
         553         2099
         554         5038
         555         3805
         556          368
         557         9181
         558         2386
         560          256
         561         1067
         562          563
         563           74
         564          313
         565          555
         566          542
         567         5625
         569          569
         570         7590
         571         1008
         572           85
         573           26
         574         3292
         575         3354
         576          205
         577          397
         578         1686
         581         6805
         582          651
         583          166
         584         3561
         585           85
         586         7524
         588         6167
         589          311
         590         5329
         591          395
         592         1764
         593           24
         595          773
         596          458
         597         2627
         598          600
         600           50
         601         1787
         602         7765
         604         6006
         605         3715
         606         1963
         607         3286
         608         3411
         610         8864
         611         4287
         613          564
         614         1967
         616         6794
         617         4372
         620         4212
         621           97
         622         1943
         623          453
         624          610
         627         5736
         630          393
         631          898
         632           68
         633         5600
         635         1562
         636         2463
         637         6440
         638          636
         641          848
         642         1749
         644         1873
         646         1817
         647         2082
         648         1423
         649         2203
         651           89
         652         2283
         653         2891
         654         9394
         656         1902
         658         3739
         660          233
         661           44
         664         4326
         665          696
         666         1002
         667          402
         668         1516
         669         4059
         673         1419
         674         3044
         675          496
         677          279
         678           85
         680         6233
         681         1410
         684         8838
         685           94
         686          406
         687         6752
         688          817
         689         3403
         690          209
         693         8584
         695         5321
         697         2308
         698         1094
         699         6063
         701          426
         702          989
         703           25
         704         2985
         705          975
         706         5273
         707         1336
         709          579
         710           36
         711          710
         712           77
         713          597
         714         5917
         715          106
         719         3363
         720          400
         721          758
         722         4793
         724          886
         725         3982
         726         2471
         728         3675
         729         5174
         730          564
         731         2608
         732         3514
         733          744
         736         8277
         738         8340
         739         3118
         740         1448
         741           54
         742         2048
         743          310
         747          786
         748          218
         749          103
         752           31
         755          860
         756         6112
         757          343
         758         1077
         759         4653
         760         1830
         762         4250
         763          147
         765           70
         767         6603
         770         6125
         771         1313
         772          252
         773         4182
         775          785
         776         4675
         777           66
         778         6714
         779           45
         780         4219
         782          106
         783           38
         785          195
         786         3253
         788         7285
         789          508
         790         1090
         791         5912
         793          560
         795           11
         797          391
         800          809
         802         1889
         803         3506
         805          987
         806          138
         808         1143
         810          638
         811         1903
         812         7264
         813         5944
         816          721
         817           68
         819         1562
         820          378
         823         2301
         824         1102
         825          752
         826          606
         827          320
         828         3438
         829           90
         831          333
         833          780
         835          219
         838          687
         840         1414
         841         7574
         842         1765
         843         1360
         844         8630
         845         3085
         846            3
         848         3678
         849           60
         850          323
         853          908
         854         5910
         855         5728
         856         3415
         857         7814
         858         4696
         860           30
         861           97
         862           60
         863         1314
         865         8171
         866         6142
         871         4411
         872          878
         873           15
         875         3752
         877          201
         878         3760
         879          908
         880           15
         881         5291
         886         1328
         887           13
         888           77
         890          313
         891          103
         893            0
         896         3291
         898         1553
         899          909
         900          956
         901          269
         902          662
         905         4269
         907            8
         910         1867
         912         3909
         913         2167
         914           31
         918         1715
         921         1159
         922          649
         925         4597
         926          238
         928          567
         930          272
         932          401
         933          457
         935           46
         936         6285
         937           49
         938         4847
         940            6
         941         3150
         942          253
         943         8734
         944           46
         945         2062
         947         1843
         949         3007
         951         4833
         953         4204
         955         1209
         957          705
         959         7678
         960         3451
         962         6617
         965         1592
         966         4596
         968          282
         972         1867
         974          408
         975          291
         976         1232
         977            0
         978         7145
         980         4684
         981          828
         984          269
         985           15
         991          483
         992         3152
         993          852
         994          880
         995          996
         998         3955
        1000           63
        1001          331
        1003         2946
        1006           59
        1007         1929
        1008         2090
        1009         6253
        1010          313
        1014           56
        1015         3017
        1016         1275
        1017          106
        1018          296
        1019          683
        1020           85
        1021          724
        1022         2855
        1023          114
        1024          735
        1025           74
        1026           30
        1028         3181
        1029           15
        1030         1013
        1031         3904
        1032         1740
        1033          502
        1034         3618
        1035         7366
        1036         2473
        1037         3436
        1038           15
        1039           39
        1040          379
        1041          922
        1044           34
        1045          430
        1047         1107
        1048          849
        1050         8503
        1051          330
        1052         6318
        1053          962
        1054          393
        1056          714
        1057           36
        1060          168
        1061          611
        1062          415
        1063         4234
        1064          251
        1065         2278
        1066         5749
        1068          660
        1071          778
        1072           16
        1073         6007
        1075           21
        1077            1
        1079         3297
        1081          636
        1084         3643
        1085         3150
        1088         6229
        1091          252
        1094         2964
        1095         6570
        1096           76
        1097         2306
        1099          626
        1100         2973
        1101          164
        1103           89
        1104          117
        1105          493
        1106         1226
        1107         6367
        1109          173
        1110         4823
        1111         7999
        1112          608
        1114         8241
        1117          690
        1118          111
        1121          225
        1122          813
        1123          153
        1125           17
        1126          333
        1128         3863
        1130         7367
        1131         1429
        1132          337
        1133          151
        1135         1669
        1137           15
        1138         1229
        1139          111
        1144          773
        1146          365
        1147          740
        1150          673
        1151         1209
        1152         2828
        1153          746
        1155         3299
        1157         1031
        1158         1556
        1161          224
        1164         4549
        1165          714
        1166          373
        1167          615
        1168         9308
        1169         1161
        1170         3345
        1171         1554
        1172         1201
        1175           31
        1176          718
        1179         5605
        1180         4357
        1183         2404
        1184         2706
        1185          643
        1186         1168
        1187          123
        1188         1132
        1189           99
        1190         3610
        1194          621
        1196         1170
        1197         8620
        1198         3182
        1199          106
        1200          885
        1202         6472
        1204         3608
        1205         1763
        1208         1544
        1211         5216
        1212           43
        1213         2562
        1214         6340
        1216         8470
        1219           27
        1221          887
        1223         3228
        1224         2359
        1226           77
        1230          932
        1231         9048
        1233         2084
        1234         1632
        1235         4691
        1238          722
        1242         2312
        1245         1202
        1246         6971
        1249         1241
        1251         7567
        1253            7
        1257         1702
        1258          962
        1260            1
        1261         2289
        1263           80
        1264         6018
        1265         8278
        1268          913
        1269         4146
        1271         1250
        1274          245
        1278          367
        1280          725
        1281         6401
        1282         8758
        1287         8228
        1288          610
        1298          127
        1299         2428
        1300          484
        1305          340
        1307         8121
        1308         1313
        1310         7765
        1312         6225
        1313           30
        1314         1457
        1315          315
        1317         2388
        1321         1286
        1322         1312
        1324         2286
        1325         5756
        1327         4751
        1328         6671
        1330         2950
        1332         1360
        1333         2076
        1335         1803
        1336         1787
        1337         8698
        1338          427
        1341          275
        1342          597
        1346          703
        1347          668
        1348           91
        1350         1390
        1351         7644
        1352         1116
        1355         2280
        1356         3853
        1357          535
        1358          813
        1359         3779
        1360         4127
        1361           77
        1363         2866
        1364         1335
        1365          488
        1366           65
        1367         2243
        1368         2036
        1369          193
        1371         1351
        1374           78
        1375          719
        1376         7586
        1382         1254
        1384         1403
        1387         9204
        1388         2399
        1390           91
        1393         1303
        1395          336
        1396         2333
        1398         3185
        1400         3751
        1401         3801
        1405         9166
        1406         4892
        1408          664
        1409          100
        1411          504
        1412         2635
        1413          810
        1417         1515
        1421           25
        1423         4442
        1424         8182
        1427          727
        1430         8845
        1431          402
        1433          936
        1435         2316
        1441          744
        1442          148
        1445         2292
        1449          411
        1450         8157
        1451            0
        1453         8439
        1454           30
        1457          193
        1460         7813
        1462         8810
        1463          999
        1465         5543
        1466          411
        1468         3074
        1469         8132
        1474          430
        1475         2332
        1476         1388
        1481         3201
        1482          129
        1483          103
        1485         1236
        1487          119
        1488         1748
        1490         7934
        1491         5729
        1493          197
        1496         1535
        1497         3185
        1498         5919
        1500         2370
        1501          392
        1502         1502
        1506         2854
        1513         1486
        1514         4275
        1515          936
        1519         2991
        1522         8375
        1524         1523
        1525         2736
        1526          483
        1529          117
        1530          193
        1531         1850
        1532         1544
        1535          269
        1536            0
        1542          886
        1544         5464
        1545         5323
        1546          234
        1547          117
        1549         5492
        1550         2812
        1551         2141
        1552         8994
        1555         1623
        1557         1499
        1559          800
        1560          140
        1561         5552
        1563         1563
        1565         3515
        1566         2763
        1568          782
        1569          625
        1570         1560
        1571         1031
        1572          288
        1573         1858
        1574         1580
        1575         1438
        1578          373
        1579          763
        1580         1555
        1581         1210
        1585         4340
        1589         3885
        1590          660
        1591           77
        1592            0
        1593           24
        1594         1394
        1595          607
        1601          148
        1603            2
        1604         2252
        1605         1613
        1609         4367
        1610           54
        1612           24
        1613          506
        1614          108
        1616           35
        1618          281
        1620          183
        1627         6649
        1629          515
        1631         3798
        1632         7832
        1633         1188
        1635          211
        1636         7573
        1639          539
        1643         1646
        1644          400
        1647          513
        1649          230
        1650          321
        1654         3645
        1655           15
        1657          550
        1663         1309
        1667         8551
        1669         8323
        1670          969
        1672           45
        1677         1700
        1678          480
        1679         1224
        1681          540
        1682         4967
        1685         6278
        1687         6898
        1688         8366
        1690          122
        1694         2725
        1695         1778
        1697         2715
        1699         7310
        1700          799
        1703          220
        1704          220
        1706         2042
        1708         6215
        1710          569
        1711         3186
        1712          768
        1713         7410
        1714          204
        1715         3314
        1719         2343
        1720         1583
        1721         1782
        1728         1403
        1729         1651
        1730          333
        1731          315
        1734          323
        1736         2393
        1738         6753
        1740          977
        1741           77
        1742         9396
        1743         1094
        1744           77
        1745          120
        1746         3872
        1747         4589
        1749            6
        1750         4025
        1752         1760
        1756         3141
        1758         2090
        1759         1912
        1760         1878
        1762         1043
        1765          486
        1767          495
        1768         3099
        1769         1150
        1770         9268
        1772         1029
        1773          459
        1774         1867
        1776         1240
        1779         8873
        1780         2868
        1781          691
        1782          384
        1783          290
        1784         6595
        1786         3879
        1787         7644
        1788         6097
        1795         3197
        1796           15
        1797         3877
        1803          231
        1804           39
        1806           63
        1808          189
        1809         2743
        1810          102
        1812         3552
        1813         1179
        1816           38
        1817         1831
        1820         3017
        1823         1495
        1825          321
        1826           11
        1828          109
        1831         1473
        1836         2047
        1837         1158
        1839          339
        1840         3159
        1841          242
        1843         6375
        1844         7333
        1846         1803
        1848           56
        1854           54
        1855         1469
        1857         5480
        1858         3880
        1859         2131
        1860         1966
        1861          569
        1862         3260
        1865         7817
        1867         1626
        1869         1907
        1870         4220
        1874         5971
        1876          175
        1878           13
        1880         5845
        1881          479
        1883            8
        1884           42
        1885         2962
        1886         2816
        1888         6372
        1889          391
        1891         4373
        1895         1650
        1896         3160
        1897           77
        1899          476
        1905         2372
        1907         5456
        1910          378
        1911           80
        1913         1904
        1917         6971
        1919         5072
        1924          171
        1925         1176
        1926         6162
        1927         2278
        1929         1307
        1931          537
        1933            0
        1934          995
        1935         2687
        1937         1928
        1940         5223
        1941         3150
        1942         5767
        1944         7807
        1948          109
        1951          567
        1952          371
        1953          620
        1956         1176
        1958         4451
        1959          170
        1960         2466
        1961         1596
        1965         3177
        1966         4435
        1969         7678
        1971          463
        1975         7270
        1977           81
        1978            7
        1979          100
        1980         4015
        1981          170
        1983         7469
        1984          476
        1987         1158
        1989           56
        1992          231
        1993          103
        1995         1987
        1999          883
        2001          615
        2002         2152
        2003         5836
        2005          650
        2006         2278
        2007         1996
        2011         1203
        2012         2201
        2013          311
        2014           55
        2019          130
        2024            9
        2025         8121
        2026         3141
        2027          459
        2028         9337
        2030         1416
        2033          948
        2036         1952
        2037         2140
        2038         1534
        2042           80
        2047         6408
        2050          168
        2051           35
        2052          157
        2057          626
        2058         1533
        2065          212
        2066            9
        2067          144
        2070         3395
        2073         4887
        2074         3073
        2077         2854
        2083         1274
        2084         1016
        2086         3497
        2087         2090
        2088          115
        2089          120
        2091           62
        2092          665
        2094          791
        2097         1844
        2102            0
        2104            8
        2109         1595
        2110            0
        2112          150
        2114         9374
        2115         3270
        2117          300
        2119         1395
        2121           40
        2122            1
        2124         5519
        2127          184
        2128         2401
        2129         1793
        2135          307
        2143         8164
        2148         2199
        2150         3307
        2154         4556
        2155         7620
        2156            0
        2157         3045
        2158         1457
        2160         1087
        2161          560
        2162          936
        2169          432
        2171         2174
        2174          996
        2177         2150
        2180         4719
        2182          420
        2183          801
        2184         3062
        2185          426
        2190           68
        2191         5634
        2192         5416
        2193          283
        2194         1758
        2195         2199
        2200         2596
        2201         3935
        2204          106
        2208         4214
        2211         1033
        2216         2271
        2219         2337
        2220         1286
        2222          185
        2228         2811
        2230         1904
        2234         6938
        2235            2
        2236          407
        2237          667
        2238            1
        2239          876
        2243           79
        2246            0
        2247          333
        2248         1955
        2250          125
        2253          103
        2255         3081
        2257         4450
        2258         6513
        2263          405
        2264         3517
        2268         1424
        2269         8627
        2272           98
        2273         8171
        2274         4139
        2279         3264
        2281          568
        2286         3725
        2288           46
        2289           95
        2290         5339
        2292         2280
        2297         2308
        2298         4746
        2300         1616
        2301           11
        2302         2285
        2303         8750
        2307           36
        2310         5126
        2311         2011
        2313         3398
        2318          251
        2320         1102
        2327         5012
        2329         7764
        2332         4846
        2334         6689
        2336         8341
        2340         3977
        2344         2164
        2345          320
        2347         1457
        2348         3175
        2352          762
        2356          953
        2359         1952
        2361          296
        2363         3932
        2369         2829
        2370         1568
        2371         1551
        2378         8558
        2379         3055
        2383         5691
        2385         9350
        2386           98
        2388           40
        2392          945
        2393          113
        2394          663
        2395         6572
        2400           78
        2401         3180
        2407         4658
        2408         1423
        2409          185
        2414          903
        2415         5115
        2418          168
        2419         1790
        2425          735
        2428         5206
        2429         2015
        2432          478
        2433            0
        2435         6819
        2436         1040
        2440           62
        2444         1396
        2445         3228
        2447           95
        2448         1150
        2449          233
        2453         5301
        2455         2834
        2461         1313
        2462           77
        2465         9353
        2472           37
        2475           79
        2476         4523
        2478           54
        2482         1929
        2484           56
        2486          564
        2489          334
        2490         6967
        2493         5007
        2495         7777
        2499         8914
        2500         4647
        2502         3909
        2512           67
        2517          585
        2518          262
        2519         3409
        2520           36
        2521         1480
        2522         1055
        2524         5263
        2525          120
        2526          315
        2527          663
        2529          601
        2531          840
        2535           73
        2536         2507
        2537          275
        2540          407
        2544          320
        2547         1225
        2551         4099
        2554          824
        2558         7195
        2560         7445
        2563         5086
        2564          206
        2570         4247
        2572         7699
        2573           89
        2575           28
        2576          414
        2582           74
        2586         6722
        2588          578
        2591         2424
        2593         2303
        2595         2854
        2599         2158
        2604            0
        2605         1449
        2606         1479
        2610         4911
        2611          196
        2614         2629
        2615         5011
        2618         1747
        2620         5722
        2621         6949
        2624          113
        2626          420
        2627         1873
        2628         4892
        2631         2226
        2636         1300
        2638          718
        2639           69
        2641         1511
        2646          384
        2650          138
        2651         2665
        2653         1087
        2656          466
        2658           21
        2659         5768
        2660         5845
        2663           70
        2666         5831
        2667         5657
        2668         5296
        2671           36
        2675          382
        2676         2648
        2677         2150
        2682         3201
        2684         2510
        2686         4976
        2689          884
        2690           36
        2691           55
        2693         5870
        2696         1738
        2697         6004
        2698         1889
        2704           42
        2708          107
        2710         1865
        2713           61
        2714           53
        2716           36
        2719         2704
        2720          177
        2724          595
        2725         2351
        2729          564
        2732         7928
        2734         2285
        2736         3354
        2738         3488
        2739         1268
        2742         4384
        2745         5531
        2748         4653
        2749          639
        2751         6262
        2753         1047
        2763         5135
        2764         1842
        2768         1896
        2776           11
        2777          989
        2778            7
        2779          233
        2780         2800
        2781         3190
        2787          157
        2788         4045
        2790          771
        2793          950
        2801          184
        2803         6492
        2808          874
        2809          206
        2810         3013
        2813          936
        2814         4007
        2817         2746
        2821         1064
        2825          496
        2827           70
        2830          357
        2832         1331
        2833           85
        2838            4
        2840          829
        2841         2892
        2842         5466
        2843         4772
        2844           36
        2845         6062
        2849         5313
        2850          209
        2853           76
        2857          108
        2861          206
        2862           37
        2863         7693
        2864         8717
        2865           18
        2866          999
        2873          153
        2880          673
        2883           30
        2887           71
        2889           48
        2890         7625
        2893         1008
        2894         9097
        2895         3297
        2896          120
        2897         1241
        2904         8301
        2907         3420
        2909         2003
        2910         3048
        2911         2253
        2912         8182
        2916         6552
        2917           70
        2918         1623
        2923           81
        2928         1331
        2931         2921
        2933         3488
        2934           90
        2935         7279
        2938         8787
        2939         3678
        2940         2938
        2958          152
        2959         3830
        2961          360
        2963         2869
        2964          567
        2967         2676
        2972         1001
        2975           30
        2977           67
        2978         1028
        2980         3301
        2982          599
        2983         2822
        2984         3727
        2987         4233
        2989         5223
        2998         6592
        2999          743
        3000           54
        3001            6
        3002          375
        3003           75
        3005          318
        3010         5795
        3011          494
        3013         5214
        3015          929
        3019           76
        3021         2669
        3024         6007
        3025         4778
        3027          555
        3031            9
        3033            4
        3036         1259
        3037         3051
        3044          333
        3046         3002
        3048         4062
        3052         8620
        3056         3992
        3060         3235
        3063         3625
        3065         2983
        3067           12
        3069          452
        3073         3253
        3076         4194
        3079         9503
        3088          898
        3089         5118
        3091         3093
        3094         4503
        3095         2652
        3098            7
        3101            0
        3104          333
        3107         2820
        3108          698
        3110          114
        3113         1851
        3117         6479
        3118           59
        3121          826
        3125          231
        3127          167
        3128         8618
        3130          475
        3131         3183
        3133         1501
        3134           31
        3135          854
        3140         1048
        3148           92
        3150          601
        3151         7921
        3152           17
        3160          917
        3161           36
        3162          896
        3163         8454
        3164         6695
        3165         4946
        3166          260
        3168         1254
        3172         5649
        3179         6313
        3182            1
        3185         5115
        3186          610
        3188          252
        3189          100
        3193         1006
        3195         3279
        3196          999
        3200          619
        3202         4625
        3203           74
        3205         3055
        3206           61
        3209         3095
        3213          100
        3215         7718
        3216         5127
        3219          600
        3220           89
        3223          552
        3229          321
        3234          535
        3235           68
        3240          245
        3242          293
        3247         2030
        3248         3206
        3249            7
        3253         3169
        3254            5
        3256         1336
        3262          159
        3263         3291
        3266            2
        3272         1137
        3275           74
        3280          891
        3285         4384
        3286         7062
        3287          518
        3290         2231
        3293          538
        3296          817
        3298         2071
        3300           34
        3301         6509
        3303           37
        3307         1397
        3312          278
        3313         5129
        3314         1776
        3315          156
        3316          281
        3318           45
        3320         4367
        3321         3982
        3322         8082
        3324          841
        3328           54
        3329          115
        3335          387
        3336           42
        3337          384
        3338         3909
        3341          893
        3342          885
        3348         5004
        3350         9065
        3351            1
        3353         1655
        3355            3
        3361         8579
        3362          448
        3369            0
        3371         4194
        3372         2396
        3374          173
        3376           34
        3380           17
        3382         4287
        3384         4642
        3385          306
        3386         1367
        3392           95
        3393         5839
        3395           24
        3397           64
        3400           88
        3404           19
        3411         3377
        3412            2
        3420          452
        3421         3641
        3429         4127
        3431         1025
        3433          118
        3434          114
        3435         9371
        3437         4213
        3438          186
        3440         1109
        3444         2859
        3448           79
        3454          309
        3456         2408
        3457         3482
        3458          644
        3461         1630
        3462          790
        3469         8217
        3473            6
        3474         6251
        3476         2372
        3477         7701
        3478         3362
        3479         2800
        3483         2697
        3484           30
        3486          310
        3489           31
        3490          293
        3495          267
        3497          147
        3500         3520
        3503           39
        3504         6059
        3505         3259
        3508          369
        3510           47
        3511         3313
        3512           60
        3513         6996
        3514         6589
        3521         1722
        3522         8298
        3523         8246
        3527            4
        3528          114
        3534          156
        3536         4324
        3539         1396
        3540          193
        3543           40
        3545         5926
        3546            2
        3547         1477
        3548          329
        3550          320
        3551         3549
        3555           31
        3556          138
        3558           29
        3561         4145
        3562          301
        3565         3498
        3568           54
        3570         2099
        3571          781
        3573         1765
        3579         4890
        3580           41
        3581         6842
        3585         1307
        3592          318
        3593            3
        3598            2
        3601         3561
        3603           75
        3604          337
        3605           56
        3606         2237
        3608         1650
        3610         2985
        3612         1278
        3613         7516
        3614          578
        3621         4941
        3624          409
        3627         3658
        3628          170
        3629          383
        3630         2278
        3634          695
        3641          480
        3642         1130
        3644           53
        3648         2048
        3650          201
        3658         2130
        3660         6378
        3661          181
        3663          113
        3664          308
        3667         5658
        3669         1969
        3673         2637
        3681         1321
        3683         4380
        3687         3263
        3689         1373
        3690         3721
        3693         1086
        3694          123
        3700           11
        3704         3641
        3708            8
        3712         7912
        3713         1566
        3714          725
        3717          528
        3720         1943
        3721         5419
        3723         3599
        3724          826
        3730          607
        3735         1426
        3736          785
        3740          318
        3743         3909
        3747         3804
        3748           12
        3749           40
        3755           78
        3760         3585
        3761         6620
        3763         6892
        3764          555
        3772         4858
        3773         7449
        3783         5955
        3787          306
        3788         1967
        3792         4384
        3793         4732
        3794         1563
        3795           15
        3799         1028
        3800         5737
        3803          234
        3812           54
        3813          936
        3815         1336
        3816            0
        3818           12
        3820          181
        3825            8
        3833         1112
        3834          489
        3835         7389
        3836          810
        3837         1844
        3839         5640
        3844           61
        3851         4662
        3852          699
        3859         1126
        3870          152
        3871         3870
        3877          494
        3882         9212
        3885          811
        3887           37
        3890         4431
        3892          298
        3894            9
        3897         2129
        3899         4981
        3901         8061
        3903          224
        3904         2344
        3908          417
        3911           70
        3918          699
        3921         2428
        3927           24
        3934         3844
        3937          870
        3938         1620
        3939          490
        3940         2381
        3942         3905
        3945         4597
        3948         9451
        3951          579
        3955          217
        3956         1968
        3957          197
        3962         1048
        3963         2562
        3965          373
        3971          280
        3974         3422
        3975         7221
        3977         2912
        3978         5814
        3980         1013
        3982           55
        3987         1555
        3990         1166
        3993            9
        3994         4474
        3998          133
        4002           10
        4006          310
        4010         1802
        4013         6068
        4017         3326
        4023         1043
        4029          970
        4033         3597
        4034         1892
        4035         7830
        4042         8644
        4043         4093
        4044           69
        4047          215
        4048         2138
        4053          310
        4056          918
        4057          437
        4060         6333
        4064          167
        4067         1597
        4072          470
        4073          347
        4074           89
        4075          893
        4081         2397
        4082         8519
        4083          223
        4089         4019
        4091           17
        4093          113
        4095         1591
        4096          163
        4097         1487
        4099         3250
        4101         1469
        4106         4699
        4111         7122
        4112         4671
        4116         1732
        4117          162
        4119         4625
        4139         1095
        4140         5401
        4144         3412
        4147         5498
        4152         5555
        4155         1877
        4159          230
        4164           67
        4169          827
        4173         4549
        4174           51
        4175           95
        4179          133
        4190         1005
        4193          196
        4197         3578
        4198          120
        4199          886
        4205         4071
        4206           67
        4207         1351
        4209         6051
        4218         4161
        4220         6077
        4221           13
        4223         7921
        4224          371
        4228          104
        4229           22
        4232         1851
        4233         3563
        4238          136
        4240         3898
        4244         4583
        4252          800
        4254         1914
        4260           24
        4263           70
        4269          965
        4270           64
        4275          774
        4279          175
        4280           22
        4281         5997
        4285          230
        4286         2543
        4287          589
        4290         3570
        4294           41
        4297          563
        4299          109
        4300         3901
        4302         1360
        4304         1604
        4313         7886
        4314          439
        4317           48
        4321         3735
        4323          287
        4329          930
        4330          217
        4331         3100
        4336           91
        4341         1030
        4342         3612
        4344          887
        4345         1299
        4346         3058
        4352          229
        4353         4269
        4354          481
        4358          315
        4359         4400
        4360         1623
        4365          314
        4367         3152
        4368         6787
        4373          287
        4377         1820
        4378          315
        4380         1901
        4383           80
        4385         1165
        4386         1014
        4389         1176
        4393         5996
        4395          519
        4396          270
        4398         7183
        4402           13
        4405          165
        4408         2924
        4415          420
        4419         2447
        4420         4435
        4424          519
        4425          333
        4431         4405
        4439         5337
        4440         1991
        4443          650
        4450         5963
        4453            6
        4454          213
        4457          757
        4460         2677
        4461         1691
        4462          488
        4467           66
        4468          514
        4473         6800
        4476         3150
        4478           40
        4479          849
        4482           36
        4483         2479
        4485         3981
        4487           53
        4488         2381
        4489          590
        4496         6620
        4501           21
        4505          220
        4507          345
        4508          475
        4514         2656
        4516          593
        4517          159
        4518          545
        4524          170
        4526         2963
        4529          930
        4533         6605
        4536          215
        4538           46
        4540          395
        4552         4616
        4554         2246
        4555          155
        4562         1034
        4563         3480
        4564          159
        4566           88
        4568          932
        4569          130
        4571           40
        4573         2317
        4576          469
        4577         1963
        4578         4081
        4579           36
        4580         2669
        4582         2373
        4584         3802
        4589           11
        4594          733
        4595           12
        4596           69
        4600         4136
        4601           36
        4607          915
        4617         1879
        4621            9
        4630          391
        4632           16
        4633          167
        4636           23
        4642           71
        4653         4647
        4660           42
        4661            0
        4665         1045
        4670          554
        4671         5620
        4672         1408
        4679         1304
        4681           28
        4682         4611
        4689          848
        4690         2817
        4703         4304
        4706         2092
        4714         8290
        4719         2047
        4727         4240
        4731          650
        4734         1774
        4737         3059
        4742           18
        4748          205
        4751         7866
        4756         4103
        4764         8389
        4766            1
        4767          849
        4769          160
        4771         6805
        4775         5956
        4779         1098
        4780          117
        4783         2394
        4785          384
        4787          189
        4789         1709
        4790           99
        4794         2394
        4795          467
        4800          658
        4801            0
        4804          222
        4805           95
        4808           21
        4817          590
        4823         5011
        4824         8266
        4825          223
        4826         7733
        4830         5658
        4831          437
        4836         1702
        4838         3527
        4843          155
        4844         3397
        4845          534
        4846           36
        4847         1572
        4851          315
        4852           36
        4854          700
        4856          102
        4860         6998
        4865         3902
        4877         5555
        4881            2
        4883            0
        4891          209
        4893         5809
        4896            5
        4898         4372
        4907         4612
        4909         2351
        4913         8172
        4916           30
        4918         5531
        4924          886
        4925          181
        4926         2840
        4927         5306
        4928           10
        4935            8
        4936          141
        4937          581
        4939          816
        4940           21
        4943          817
        4946         1167
        4950         4763
        4951          977
        4954          827
        4955          167
        4959          514
        4961            0
        4965         6008
        4968          460
        4978         1659
        4980           12
        4981           15
        4982         3727
        4983          242
        4985          727
        4986          205
        4991          333
        4995         3981
        4996          230
        4997           36
        5000          599
        5005          310
        5007          506
        5008         4435
        5009            2
        5010         2170
        5016         1787
        5019         1239
        5020           29
        5021         5637
        5028          235
        5031         1570
        5035         7777
        5037         1284
        5047            6
        5049         1313
        5051         2616
        5054          123
        5056            0
        5060          848
        5070            3
        5075          851
        5078           13
        5080         6526
        5082           74
        5087         3239
        5089          315
        5092         2467
        5094           66
        5096          503
        5099         1861
        5102         5106
        5109          918
        5110            0
        5114          529
        5116          365
        5118         2614
        5122         6010
        5129          352
        5131         3277
        5132         2894
        5133         8938
        5136         5263
        5138         1718
        5139         1161
        5142         8847
        5143         2261
        5145         2041
        5146         2427
        5147          797
        5151           77
        5152         4750
        5154         5713
        5158         3052
        5161         5589
        5169         2637
        5171         1995
        5174         3514
        5175         4319
        5176         6758
        5185         4765
        5188           54
        5190         1228
        5194         5555
        5199          331
        5200          287
        5207         4756
        5210          517
        5211         2582
        5212          354
        5213         2046
        5214         5385
        5216            8
        5217         3093
        5218          634
        5227         1598
        5228           12
        5230           34
        5234         2622
        5238         1210
        5239            1
        5242         4791
        5252           53
        5257         7929
        5264         7542
        5268          245
        5269          165
        5272            1
        5275         2998
        5289            7
        5292          812
        5297         1194
        5302         4138
        5304         6317
        5306          248
        5310         3789
        5311          555
        5313            4
        5314         2150
        5321         1749
        5328         4255
        5334         2408
        5337         2336
        5341         8241
        5342           92
        5347            3
        5349          509
        5362          884
        5368         3260
        5372         1141
        5376         8797
        5378         2199
        5380          185
        5383           84
        5385          332
        5386         2162
        5387         2079
        5391           53
        5398            6
        5402          151
        5404          731
        5410         7005
        5417         1990
        5421          578
        5423          371
        5425          805
        5426         2381
        5427            0
        5432            0
        5433         2464
        5434         8452
        5440           36
        5441          108
        5447         3825
        5451          239
        5457         1426
        5462          589
        5466          509
        5472          204
        5474         4847
        5477         1410
        5479          891
        5480         5451
        5485          537
        5486         6595
        5488           86
        5490         2616
        5500         1199
        5502         2402
        5505         4356
        5506           48
        5509           45
        5512           47
        5513           78
        5516         7306
        5517           65
        5520         8569
        5522         3953
        5526         1232
        5527          230
        5531            2
        5533          812
        5540         2342
        5546          387
        5549           55
        5553           58
        5555         2642
        5561         5120
        5562          461
        5565         5183
        5575           48
        5580         3381
        5581          152
        5586         2773
        5593          461
        5594          506
        5597          118
        5606         1014
        5609            9
        5612         1929
        5617         1691
        5623         1011
        5627          219
        5632         2261
        5634         4040
        5643         2555
        5646          582
        5658         8044
        5660           10
        5666          108
        5667            8
        5679         1016
        5683         2662
        5684         7615
        5685         3312
        5686          812
        5692         2030
        5695         3198
        5697          562
        5699          203
        5703         1752
        5710            0
        5716         9381
        5717          967
        5721         1901
        5727         6184
        5728         9050
        5732         9425
        5735         1546
        5736         8548
        5744           17
        5751          758
        5764          965
        5766         2226
        5768         4071
        5779          367
        5780           46
        5782         6504
        5784         1226
        5785         2864
        5789          941
        5794         6456
        5795         6777
        5803         2973
        5808         3667
        5809            0
        5813         5753
        5815         1991
        5824            3
        5831          189
        5832          484
        5835          644
        5841         1396
        5848         5512
        5849         4056
        5860         3287
        5863           37
        5865         4957
        5869         1696
        5877         3752
        5878         2520
        5879          741
        5883         6356
        5886          823
        5887         5954
        5888          545
        5891           74
        5892          594
        5896          184
        5899          448
        5913          326
        5915          196
        5916          297
        5918          472
        5921          209
        5924         3635
        5926           22
        5944           86
        5947         1036
        5950            6
        5960           98
        5961         8010
        5963         6123
        5971            0
        5981         3946
        5990           64
        5991         7130
        5998         1203
        6005         7915
        6010            4
        6020           88
        6027           95
        6030          192
        6031           56
        6037          257
        6038         6062
        6041         1558
        6045          567
        6047           58
        6052          111
        6054         3189
        6063          794
        6066           62
        6067           56
        6072         6147
        6074         3644
        6077          619
        6078          189
        6091          232
        6097          470
        6099         1544
        6101          223
        6102          108
        6104            0
        6107          260
        6112          167
        6117         5231
        6118          431
        6120          179
        6130         5803
        6132         1398
        6133          513
        6135          405
        6137         1844
        6140         1753
        6153         5176
        6156          509
        6159         2420
        6160          807
        6167           59
        6168         5174
        6172          621
        6175         1394
        6179         3026
        6186         1639
        6189         1729
        6195         4640
        6200          303
        6210            0
        6215          793
        6221          113
        6223            0
        6224         1991
        6231          509
        6232         1332
        6239          314
        6242         2703
        6246         6097
        6248         1635
        6257         2627
        6266         5845
        6267           58
        6272          166
        6273         6135
        6277          472
        6282         1271
        6283         2079
        6285         1469
        6298          941
        6320         2260
        6323         2428
        6328          100
        6331          890
        6332          181
        6336         1522
        6338          130
        6344          484
        6345           18
        6347         1353
        6358           38
        6363         6875
        6365         1370
        6368          358
        6370         4889
        6373         4211
        6376          519
        6379          990
        6383         1276
        6394          720
        6403         3531
        6404          667
        6409         5898
        6414         4413
        6416         9387
        6418           13
        6421           43
        6423         2179
        6424         4251
        6425           95
        6428         4792
        6431          592
        6435         1650
        6440           46
        6444            2
        6448          307
        6453          972
        6456            0
        6459           50
        6460         5906
        6467            1
        6476         2505
        6478          579
        6480         8138
        6482         3368
        6483          374
        6486         5409
        6489           24
        6495         1657
        6499          257
        6508         1839
        6511         2057
        6512         5301
        6513           12
        6514          164
        6516         1157
        6522         1277
        6525         1828
        6527         2165
        6531          252
        6536         5151
        6538          817
        6540          554
        6541           58
        6543         2243
        6548         4173
        6551          945
        6560         2090
        6565          242
        6566         3704
        6569         4108
        6571          735
        6572          466
        6573           38
        6576         1633
        6577           40
        6578            0
        6584            0
        6599          165
        6600          260
        6602          105
        6603         5363
        6605         1268
        6609         6454
        6611         2626
        6616          189
        6621          467
        6627         6944
        6632         3073
        6642          710
        6644         3183
        6649          545
        6651           91
        6665         1141
        6666           82
        6670         1409
        6671            0
        6673           56
        6675            0
        6676           26
        6677         5849
        6678         1812
        6680         3390
        6688         1487
        6702          259
        6707         7445
        6711         1657
        6722           46
        6724         4845
        6726         1502
        6728          389
        6730          196
        6733         8796
        6746          285
        6749         5997
        6753         5376
        6775          438
        6777          819
        6784           34
        6787         3007
        6789           18
        6793          165
        6794         1197
        6796         6055
        6803         7303
        6809           37
        6811          414
        6813          771
        6818         3392
        6823          955
        6824          658
        6827         2756
        6832         9048
        6834         3789
        6836            4
        6838           54
        6848         1097
        6851            2
        6859         2894
        6861         8889
        6865           30
        6872         2608
        6873         6785
        6874          155
        6876          725
        6878          418
        6882         5390
        6883          920
        6886         6379
        6891          201
        6892         4100
        6893           40
        6900           80
        6905          130
        6906         6334
        6908          731
        6909         1071
        6910           55
        6915         5264
        6917           13
        6918           40
        6919           38
        6922           62
        6924          295
        6928         1803
        6933         2204
        6935         2148
        6943          616
        6945          668
        6946          920
        6948         8121
        6952         2760
        6962          418
        6963          809
        6965         3286
        6978            8
        6981           46
        6982         7807
        6986           55
        6990         2801
        6991         2596
        6995         1822
        6996          162
        6997         4549
        6999          281
        7000            2
        7003         1353
        7009         1896
        7013           53
        7016         1700
        7032         1889
        7033           29
        7035         1012
        7036         6744
        7041          214
        7042          367
        7048         5166
        7060           84
        7061         1433
        7063         4149
        7069            0
        7073          525
        7078         2303
        7080         6898
        7081         1522
        7088           63
        7091         3833
        7093         4597
        7097            2
        7107         2412
        7133         1763
        7136         4504
        7138         1735
        7144          369
        7154         3852
        7155          429
        7161         7105
        7162            0
        7163         5099
        7171         1727
        7178         1448
        7184         3849
        7187          705
        7195         6679
        7198           59
        7201           66
        7203         1709
        7205           50
        7209         9488
        7215         2559
        7217          429
        7219          596
        7220         4976
        7223          957
        7224         1963
        7233           81
        7236         2817
        7240            5
        7255         2486
        7257          485
        7258          333
        7266         2328
        7267         1784
        7268         2574
        7272          310
        7278         8070
        7279         1632
        7281           28
        7283          965
        7284         2168
        7297         3408
        7302         2665
        7304         2773
        7309           24
        7314         7737
        7318            0
        7325           87
        7329            0
        7332         1802
        7336          233
        7338          431
        7343         5849
        7355          413
        7360         7086
        7361           21
        7363          637
        7365          709
        7371          538
        7375          886
        7378           51
        7385          308
        7388          705
        7390          282
        7396          506
        7412           66
        7414         2766
        7415         3246
        7421           73
        7422           62
        7425         4112
        7427          421
        7430         4991
        7431         1802
        7442         9050
        7446         4880
        7451         1604
        7458         1828
        7465         1075
        7470         1482
        7476         1039
        7478         2895
        7496         4742
        7499          488
        7500         5719
        7506          114
        7508         2355
        7517          431
        7520         4623
        7523          457
        7528          210
        7533           35
        7535          113
        7539          817
        7549            4
        7551          811
        7552         5038
        7555          223
        7564           12
        7565           59
        7568         1911
        7569         6996
        7577         2283
        7582           61
        7586          430
        7603         2028
        7611          166
        7617         1209
        7620          216
        7628          596
        7630          124
        7631         1040
        7643         5642
        7646           61
        7649           40
        7650          155
        7653           39
        7654         6088
        7656           26
        7657         2951
        7665          186
        7667         1294
        7676           60
        7680           34
        7706         1632
        7711          312
        7712           98
        7713           30
        7726          183
        7727         2960
        7731            0
        7742          701
        7750         5917
        7756          514
        7760         7244
        7764         4163
        7780         3206
        7795          563
        7801           11
        7817         5161
        7830         1426
        7835         3273
        7837         5244
        7843          112
        7854          592
        7856         2260
        7860            3
        7866          420
        7876          640
        7878         5147
        7886          882
        7904           16
        7905         3864
        7908          970
        7909          516
        7911         2262
        7919          163
        7921          184
        7923         1903
        7930          333
        7932            5
        7942          278
        7958         3223
        7962         2625
        7966           55
        7972         6687
        7974           11
        7986         2237
        7990         4994
        8001         8653
        8013         4373
        8017            3
        8022          363
        8025          439
        8042           31
        8045         7809
        8046         4647
        8052          519
        8054           12
        8062           87
        8063         1595
        8067          534
        8071          922
        8083         4324
        8087         2011
        8092          175
        8093         1651
        8095            3
        8102          645
        8109           12
        8126            1
        8132         3622
        8137          579
        8139         1573
        8141         1039
        8145          794
        8150           37
        8152         1623
        8153          785
        8167         6283
        8171         1482
        8183            3
        8186         3320
        8200         8270
        8209          269
        8212            9
        8213         5939
        8229          703
        8237          893
        8238          887
        8241          496
        8253         3916
        8256         3676
        8257           43
        8267            0
        8271         2262
        8274           62
        8279            2
        8284         1133
        8285         6621
        8289            0
        8312            0
        8317         3337
        8337         2215
        8340         8284
        8342          999
        8358          484
        8361         1465
        8379         5448
        8384         4546
        8385         1450
        8397         2494
        8400         1866
        8406         1322
        8420           30
        8424            0
        8447          689
        8452         4400
        8455           53
        8460         1570
        8467          257
        8469          161
        8472         2517
        8476          259
        8486         3755
        8495          616
        8498         6581
        8511            0
        8513         2517
        8517         4564
        8521          867
        8540         4927
        8541            6
        8546          701
        8552          714
        8557          557
        8562         1109
        8567          590
        8572         1136
        8576          267
        8582         5241
        8589         1421
        8602         1036
        8615         3309
        8630         1865
        8633          297
        8637         2618
        8639         1676
        8642         3290
        8644           42
        8646         1330
        8649         3563
        8650         2845
        8672           28
        8674         1312
        8678           11
        8685          700
        8687          126
        8694          707
        8697         2840
        8704          107
        8711         2301
        8714         1176
        8715            0
        8716         2119
        8720          206
        8722           58
        8738          186
        8751         3000
        8752          694
        8755         1405
        8759          999
        8768          685
        8772          519
        8780         5526
        8782         6976
        8783           24
        8798            9
        8806           61
        8811          112
        8817           27
        8825          862
        8826         2466
        8827         2700
        8839         1123
        8847          373
        8850         2374
        8854          665
        8860          967
        8863          826
        8874          709
        8882          339
        8891         4363
        8905         6415
        8914           57
        8918         3671
        8923          255
        8929          669
        8935          899
        8940           62
        8942         1286
        8947          406
        8975          369
        8976          687
        8981           51
        8984            0
        8993          477
        8995         1781
        9004          498
        9011          530
        9029           84
        9037            0
        9049           76
        9058         2203
        9072          403
        9085          246
        9091          166
        9093         3201
        9095          298
        9096         2777
        9114          153
        9116          116
        9133          929
        9144          103
        9147         5367
        9151          230
        9156            8
        9161          589
        9167         5000
        9180         1562
        9185         2401
        9187          163
        9192         4253
        9198            6
        9207          166
        9230          330
        9253         5417
        9255          945
        9263         5893
        9271         1139
        9275          161
        9284         4447
        9294         1331
        9297          334
        9311           81
        9319          112
        9323           86
        9328         6090
        9330          951
        9356         2009
        9367         3708
        9369         6006
        9384          484
        9428         1479
        9434         1760
        9447         5496
        9452         3084
        9457         1774
        9475            9
        9484         3752
        9489          114
        9490          114
        9493          504
        9509         1133
        9517         1203
        9520           84
