# HaloID(1) HaloID(2)
           0            0
           1            1
           2            2
           3          329
           4            3
           5            0
           6          279
           7           52
           8           58
           9            8
          10            9
          11            0
          12         3375
          13           15
          14           12
          15          863
          16           16
          17            0
          18          919
          19           14
          20           91
          21          918
          22         3328
          23         1851
          24           22
          25           24
          26         1376
          27           26
          28          439
          29         3443
          30            0
          31          117
          32           34
          33         1797
          34           35
          35         1246
          36           37
          37           38
          38           42
          39           27
          40          120
          41           39
          42         1930
          43           43
          44           44
          45           46
          46         1953
          47            8
          48           50
          49           64
          50         3589
          51         7941
          52          663
          53         6618
          54         2149
          55          321
          56         1169
          57           66
          58         1109
          59           10
          60         5732
          61           60
          62          670
          63         3165
          64          378
          65           67
          66         2690
          67           70
          68         2794
          69           69
          70           72
          71         2140
          72         8363
          73         1528
          74           76
          75         4371
          76          318
          77          330
          78         1211
          79          209
          80          664
          81          291
          82         2142
          83          267
          84         1052
          85          544
          86           85
          87          618
          88         1402
          89         6340
          91         1985
          92           18
          93         2310
          94         5619
          95         4069
          96         3682
          97           97
          98         8305
          99          263
         100         2206
         101         2855
         102           80
         103         3275
         104         1041
         105         7879
         106         1916
         107          553
         108            1
         109          487
         110         2727
         111         3091
         112          107
         113          113
         114          200
         115          594
         116          838
         117         4747
         118          246
         119         1018
         120         2456
         121          204
         122         4142
         123          403
         124         4229
         125          206
         126          457
         127         1911
         128          682
         129          268
         130          135
         131          401
         132         1097
         134          509
         135          129
         136          142
         137          491
         138          198
         140           19
         141         1172
         142           78
         143         1801
         144           52
         145          285
         146          552
         147          177
         148         2648
         149         1508
         150          974
         151         3304
         152         5738
         153           43
         154         3161
         155         2810
         156         2352
         157         8346
         158           10
         159           46
         160           93
         161          815
         162         3023
         163          634
         164         8442
         165          173
         166           50
         167          652
         168         6612
         169          400
         170           40
         171          573
         172         4118
         173          146
         174         6310
         175         7216
         176          936
         177          496
         178         2071
         179         7609
         180         2517
         181         4632
         182         6514
         183         3428
         184         3639
         185         3231
         186          819
         187            2
         188         2472
         189          263
         190         2240
         191         1205
         192          187
         193           66
         195          176
         196         4340
         197         5881
         199           31
         200         1014
         202         3082
         203         1709
         204         1915
         205         4644
         206         1379
         207          291
         208          215
         210          220
         211         2951
         212          571
         213         8210
         214         2623
         215          294
         216         6804
         220         1985
         221         2767
         222          478
         223         1656
         224           10
         225            0
         227         3643
         228          176
         229         1875
         230          902
         231         5111
         232         1746
         234         5149
         235          545
         236         3789
         237          230
         238            0
         239          242
         240         1647
         241           12
         242         3213
         243          285
         244           54
         245          613
         246         1728
         247         1041
         248          539
         249           27
         250         3184
         251         3764
         252         1106
         254         6835
         255         1169
         256         4157
         257          764
         259         2934
         260         3944
         261         1603
         263          454
         264         5121
         266           86
         267          246
         269         4766
         270          916
         271         4301
         272          595
         273         1164
         274          260
         275         7212
         276           90
         277           16
         278         3718
         279          130
         281          557
         282          597
         283          235
         284          417
         286         2199
         288          275
         289         4831
         290         2066
         291          103
         292           46
         293         7242
         294            5
         295          294
         299          759
         300         8273
         301          800
         303         1387
         305         1115
         306          193
         307          898
         308          336
         309          756
         311         4130
         313         3833
         315         1162
         316          863
         319         2681
         320          118
         322         3483
         323         4800
         324         4089
         325         1115
         326          314
         327         1035
         328         1423
         329         1726
         330         4660
         331           91
         332           44
         333          702
         334         2002
         335         7342
         337         3650
         339          111
         341         4522
         342         2043
         343          534
         344          127
         345          174
         346         1036
         347          389
         348          999
         349         2456
         350          166
         351          256
         352          493
         353         1110
         354          257
         355         1784
         356         5469
         357          362
         358          218
         359          537
         361          326
         362         8357
         363         4952
         365           20
         366          409
         369         6036
         371         2954
         372           10
         373         3181
         376          380
         377         1025
         379          375
         381         7091
         382         6532
         384         3816
         385            0
         386         2794
         387          384
         388         6156
         389           30
         391           24
         392         1474
         393         1017
         398          601
         399           34
         400          511
         401         1367
         402          153
         403           35
         404          257
         405         1045
         406         5877
         407          192
         408          108
         410         8066
         412         6340
         413           37
         414         2976
         416         5296
         417          989
         418          421
         420         2081
         421          884
         422           62
         425         6845
         427         3936
         428          257
         429         5107
         431         1895
         432         2149
         433           40
         434          554
         435          192
         436          569
         438         3163
         439         2199
         440           17
         441         1871
         442          389
         443         2656
         444         1197
         446          179
         447           33
         448         1020
         449          109
         450         5626
         451          536
         452          117
         453            1
         456         2084
         457           13
         458         6808
         460           62
         461         5670
         462          742
         464          544
         466          462
         468         1411
         469           27
         471         7633
         472          266
         473           31
         474          123
         477          418
         478          459
         479         5358
         480          952
         482         4453
         483         4991
         484            8
         485          417
         486         6235
         487          887
         488          225
         489          155
         492         1402
         493           76
         494           92
         496           70
         497         4424
         498          934
         500         1050
         502           44
         503          938
         504            5
         506         4463
         507         4632
         508         5675
         509          237
         510          263
         512          872
         513          886
         515         2837
         516          138
         517         1553
         519          187
         520          382
         521          325
         522          616
         524          517
         526         1413
         528           72
         530         7040
         531          825
         534          201
         536          519
         540          109
         541            0
         542          927
         544         5651
         545          701
         546          537
         547           47
         548         3474
         549         3394
         550         7199
         551          223
         552           26
         553         7613
         554          147
         555         1525
         557          787
         558          571
         560         1590
         561         1072
         562         4082
         565         1442
         567          349
         568          577
         569          238
         570          177
         571          564
         572         2947
         573           54
         575           72
         576          321
         577         1720
         578           46
         580          162
         581           42
         583         5789
         584         1306
         585         5106
         586          614
         587          524
         588         6570
         589         4098
         591         2861
         593          606
         594         6040
         596         1712
         597         1165
         598          162
         599         6691
         601          171
         604         3262
         605           27
         606          596
         607           25
         610         2937
         611         2823
         615         1182
         617          612
         618          272
         619          107
         620          119
         622          416
         623         1067
         624         3589
         625         1239
         626          325
         627          642
         628          562
         629          384
         630         2968
         632         1310
         633          364
         635         2100
         636         6541
         638          678
         639         1760
         643         6100
         644          232
         645          665
         646          661
         650         1109
         651         2144
         652           69
         653         4364
         654          904
         655          855
         657            3
         658           93
         659         2014
         660          223
         661          869
         663         2394
         664         5157
         665         1165
         666         1016
         667          135
         668         6251
         669         1981
         671          477
         673          297
         674         6144
         676         6620
         677         7290
         679           74
         682          499
         685          828
         686           81
         688         2084
         689          174
         690         6160
         691         2827
         692           65
         694           91
         695          725
         696         8333
         700         5391
         703         1590
         704         4605
         705         5218
         706          448
         707         1267
         708         4591
         709           27
         711         3621
         712           28
         713         1982
         715          300
         716          434
         717         5070
         719          204
         722          770
         724          393
         725         3770
         728         4522
         731         4593
         732          234
         733          720
         734          307
         735         1233
         736         5645
         737         1485
         738         2576
         739         4271
         740          407
         743          416
         744          504
         745           34
         746          146
         748         1211
         752         3405
         753          403
         754          694
         757          237
         761            2
         762          622
         764          759
         766         6332
         768          766
         770          756
         771         6255
         772          325
         774           86
         775          116
         777         1711
         778          674
         780          288
         781         2371
         782         1564
         783            0
         784         1300
         786           39
         787         2090
         788           11
         789         4259
         790          334
         792         1129
         794         3316
         795         3002
         796          526
         797          202
         800         1557
         801          516
         804         6129
         805         1574
         807         1768
         809         1068
         810          826
         812         7706
         813         3162
         814         7281
         815          262
         816           27
         817         2612
         818           14
         819         4845
         820         2792
         821          826
         822          204
         823          791
         824          527
         825           70
         826         1168
         827         2383
         829           29
         832         2790
         833         1046
         834          596
         835         2913
         836          252
         837           11
         839           64
         841          321
         843         5297
         844         4162
         845          682
         847         2134
         849          758
         852           20
         854         2147
         855         2890
         856         1232
         858           32
         860         1383
         861          997
         862         1262
         863         4129
         864         1433
         865          110
         868          389
         870          867
         872         5433
         873          552
         874          294
         875         2144
         876         3655
         882          812
         883          225
         885          386
         886            7
         888         3110
         889         6782
         890         5626
         891         2224
         897          262
         901          709
         902           71
         903          489
         904          689
         906         2031
         907          553
         909          324
         910         2031
         911          278
         912         7369
         914         4945
         915          962
         918         4779
         919         2882
         922         7324
         923           33
         924          879
         925         1162
         926         4089
         927          456
         929            9
         930         6994
         933          925
         935         2980
         937          131
         939         1117
         940         2079
         942          557
         945         1832
         948         1620
         951          333
         952           62
         953         2339
         954         4669
         955         2570
         961            3
         963          136
         964          155
         967         5175
         969         1574
         971          559
         974         3896
         975          545
         976         6040
         978         1647
         979           22
         981         5055
         982         1367
         984         1918
         986          173
         988           78
         990          559
         994          151
         996         4439
         997          476
         998         1025
         999          223
        1001          236
        1002          443
        1003         3344
        1004         3156
        1005         2592
        1007          609
        1008          457
        1014            6
        1015         1914
        1016          316
        1017          106
        1020           20
        1022         1475
        1024          193
        1025           25
        1026         2926
        1027         3652
        1028         1543
        1029         5545
        1031          324
        1034           69
        1036         1407
        1038         4330
        1044          171
        1046         6016
        1048           70
        1050           32
        1051          128
        1053          147
        1054           37
        1056          462
        1057         3785
        1058         2090
        1061         2209
        1062         2645
        1063          963
        1065         2105
        1070         1675
        1071          611
        1073         1757
        1074         1035
        1075         5867
        1078         5476
        1080         5268
        1082           23
        1085          204
        1087         6027
        1089           77
        1090           29
        1091         3433
        1092         3574
        1093          180
        1094         1995
        1096          366
        1097          142
        1099          391
        1100         2074
        1102         7190
        1103          111
        1104         6680
        1106         1695
        1107         2195
        1108          925
        1110          936
        1111            2
        1112          795
        1115         1695
        1116         3019
        1118          355
        1119          418
        1120         1196
        1123           31
        1128           47
        1129         5379
        1132          181
        1133          111
        1137         5899
        1140         1344
        1141         3586
        1142         2105
        1143          401
        1146          244
        1148          434
        1149         1472
        1152          987
        1153          305
        1154         4271
        1156          559
        1157         7482
        1158          487
        1160         2142
        1162          193
        1163         1351
        1164          459
        1167          308
        1168          793
        1169           37
        1170         2685
        1171         6872
        1173         2790
        1176          874
        1178         3559
        1180         7040
        1181          283
        1183         2945
        1184         5608
        1187          330
        1188         4068
        1190         1054
        1191         3387
        1193         7509
        1195           79
        1196          303
        1197         1579
        1199         1481
        1201          846
        1202          678
        1206         2734
        1208          501
        1214           15
        1215          158
        1218         1106
        1221         4148
        1222          108
        1224         1041
        1226         5705
        1228           29
        1229          370
        1230         7801
        1231         1248
        1232         3657
        1233           93
        1234         1110
        1235         1768
        1236          285
        1237         2696
        1238         1903
        1240         1906
        1242         6417
        1245          112
        1248         1270
        1249         3300
        1250          615
        1251           96
        1255         1471
        1256          815
        1257          509
        1258          581
        1259         2715
        1260         5786
        1261           57
        1262          834
        1263          294
        1264         3920
        1266         5372
        1267         1656
        1269         3253
        1273         2206
        1275         7020
        1276            1
        1278         1661
        1279          225
        1281         4088
        1283           52
        1286            0
        1287           63
        1290         2162
        1291         5943
        1295          933
        1298          957
        1299          863
        1302           25
        1304         2782
        1305         5185
        1306         1636
        1310          831
        1314         4069
        1315         2890
        1316         3639
        1319         1300
        1324         4633
        1326         6486
        1329          694
        1330           27
        1331          419
        1334          564
        1336         2575
        1337         1965
        1341         1659
        1345         2424
        1350            2
        1351         5753
        1363         1354
        1364         3691
        1365           19
        1366         3733
        1367          897
        1373         7139
        1375         2748
        1376         1123
        1378          339
        1379           37
        1380         1427
        1382         3728
        1384         4316
        1386         3741
        1388           97
        1390         7897
        1392         1285
        1393          484
        1394         3306
        1395         8293
        1396         1259
        1398         5004
        1399           97
        1400          483
        1401           17
        1402          656
        1404         1976
        1405           25
        1409          472
        1410          561
        1411          989
        1417         1619
        1420         7769
        1421         2165
        1422           72
        1425          173
        1427          771
        1428          121
        1429          827
        1433            1
        1436         7931
        1437           56
        1438          240
        1440          544
        1442          200
        1443          271
        1444         2968
        1445          561
        1446            0
        1447         4679
        1448         1997
        1449         1412
        1450          188
        1452           19
        1456            1
        1461         4033
        1464          342
        1465         1232
        1467          146
        1468         2168
        1469         3240
        1472          173
        1473         1795
        1474           93
        1476         1895
        1477         6292
        1481         1553
        1485         1262
        1486          184
        1487          452
        1488         2937
        1494         4025
        1497         1508
        1499         4468
        1500          656
        1501         2823
        1505         3637
        1506          146
        1508         8358
        1511         1599
        1513           20
        1516          984
        1518           39
        1519          103
        1521         3391
        1522         5509
        1526          983
        1528         1603
        1533         6947
        1536          936
        1537          364
        1538          526
        1539         1564
        1544         1760
        1545          638
        1546         4485
        1547           69
        1552           41
        1554         1644
        1555          401
        1556          923
        1557         2043
        1560          476
        1564          384
        1571         1570
        1573         2633
        1575           51
        1577           87
        1578          157
        1583          819
        1585         1579
        1589         4772
        1590           72
        1593           19
        1596         2589
        1597          919
        1600         2447
        1602          997
        1607          370
        1608          960
        1609         6901
        1613         1473
        1616         4733
        1619          108
        1623         2045
        1624          580
        1629          765
        1631          174
        1632         3422
        1636         3069
        1638         1419
        1639         1076
        1641         5228
        1644         1246
        1645         6934
        1649         2151
        1651         1651
        1652         1229
        1656         1668
        1662         1729
        1663            6
        1665         2794
        1667          185
        1669          791
        1670          389
        1673          118
        1674         6372
        1676          504
        1681           33
        1685           76
        1687         6636
        1690         6557
        1697         2570
        1698         3659
        1701         7480
        1702           40
        1703            0
        1705           14
        1707         1433
        1708          795
        1709         6372
        1711         1524
        1713           29
        1714          664
        1715          416
        1716         2277
        1717          407
        1718         5419
        1719          118
        1722         1446
        1723          261
        1725          118
        1729          881
        1730         7595
        1731         5529
        1735         3140
        1736         1501
        1737         8484
        1740          109
        1741         1738
        1742         5543
        1744         4213
        1745         7793
        1746          828
        1748         5608
        1749          994
        1751         7591
        1753          246
        1755         1707
        1757         4590
        1759         5698
        1760         3156
        1762         3329
        1764         3930
        1765         1172
        1767           49
        1769          247
        1770         1403
        1771          181
        1773          573
        1774          274
        1782          147
        1783         4169
        1786         3300
        1788         4860
        1790          322
        1792           37
        1793           45
        1794          511
        1797          378
        1799         2323
        1800         5112
        1801         1025
        1802         7500
        1805         3102
        1806         5247
        1807           68
        1808         5633
        1814          216
        1816         1200
        1817          314
        1818          610
        1819           14
        1820         1941
        1821           76
        1822         1183
        1823           69
        1827         2924
        1830          108
        1831           85
        1832         2085
        1835          857
        1836          981
        1841          983
        1844          218
        1845          537
        1849           65
        1850          824
        1853           94
        1854         2073
        1855         4644
        1856          145
        1857         1197
        1861         7379
        1862         1025
        1863          847
        1869         3330
        1870         1189
        1874         1210
        1882         1234
        1884           69
        1888          177
        1890          306
        1895         7678
        1898         5934
        1904         4238
        1907         1243
        1908          541
        1911          597
        1913           80
        1915         1515
        1918          428
        1922         2667
        1923         2323
        1924         5407
        1929         2414
        1931          476
        1934         5474
        1938         4203
        1942          268
        1947          188
        1948           26
        1952          616
        1953         1241
        1956         1130
        1957          867
        1958         1403
        1959          352
        1961         1310
        1966          173
        1967         1115
        1970            2
        1971           89
        1972         2727
        1973         2534
        1976           30
        1978         8055
        1980           10
        1982           61
        1983          248
        1991         4415
        1992           65
        1994          557
        1996          132
        1997          909
        1998          897
        1999          331
        2004          215
        2005         8475
        2007          219
        2009         2834
        2010         7847
        2011           57
        2012          923
        2013         1026
        2014          991
        2015          223
        2016         4145
        2018           34
        2019         1985
        2020           66
        2025         1585
        2029          538
        2034         2049
        2037          654
        2039         2254
        2040         1149
        2047         8287
        2048         2527
        2051           86
        2052         2042
        2055         2998
        2056         1720
        2058           64
        2059           66
        2060           52
        2062         2583
        2063         3862
        2068          121
        2069          901
        2071         4471
        2072          622
        2073          461
        2080         1924
        2083          169
        2087         1651
        2089          128
        2090          258
        2092         1513
        2094         1121
        2097           80
        2099         2434
        2101          581
        2102         1130
        2105           16
        2106         1256
        2108          430
        2110         3323
        2117          181
        2122           43
        2127          521
        2128         3416
        2129          479
        2132         3565
        2133          108
        2135         5441
        2136            3
        2137          890
        2138            4
        2141         2797
        2144         2846
        2145         4568
        2147           36
        2148          412
        2149           52
        2150           33
        2153           58
        2157          278
        2158           74
        2160          177
        2161          326
        2166          176
        2168           43
        2169          400
        2171           68
        2172         7325
        2173         4894
        2175         2799
        2177         1463
        2181         2503
        2182         1347
        2183          146
        2184         1463
        2186          462
        2189          327
        2191          380
        2195         4067
        2200          498
        2203         2767
        2204          229
        2206          285
        2207         2272
        2209          114
        2212          472
        2216          541
        2218         4086
        2226          973
        2227           11
        2229           55
        2232         2142
        2233          100
        2234         1763
        2235           27
        2239          943
        2240           13
        2243         5332
        2248          510
        2250         3434
        2251          860
        2257         4779
        2258         3812
        2261         3184
        2263          544
        2268           24
        2269         2193
        2271          189
        2272          229
        2273         1113
        2274          459
        2283         1464
        2285         1749
        2291          168
        2292          171
        2293          698
        2294         1727
        2298            0
        2299         6710
        2303          187
        2304          322
        2305          130
        2306         1041
        2307          203
        2318           70
        2319         1711
        2323          539
        2325          242
        2327         3148
        2328         2233
        2335          652
        2337         6698
        2339           94
        2343          223
        2344         1648
        2347         2383
        2348         3394
        2349         1127
        2351         8498
        2352            0
        2358         5188
        2359         2855
        2360          266
        2361         2072
        2368         2162
        2369         1747
        2370         2339
        2371          282
        2372          602
        2375         1438
        2380          459
        2381            6
        2383         2002
        2392          225
        2394            7
        2397           16
        2398           38
        2399         1647
        2401         7411
        2402           36
        2403         3622
        2406         3594
        2407          851
        2412         6634
        2414         2348
        2416         1190
        2419          242
        2424         3227
        2425         1677
        2430         1881
        2431         2912
        2436          238
        2445           82
        2450         3226
        2453           18
        2455         4660
        2457            7
        2458          479
        2459           24
        2463          560
        2467           65
        2470           88
        2475           30
        2477         1697
        2478         2940
        2479           34
        2480          217
        2484         2980
        2488         1794
        2490           32
        2493         4514
        2502          362
        2503         1089
        2504         1015
        2507           77
        2508         1170
        2514          316
        2515           55
        2516          805
        2523         5894
        2524         7467
        2525         1849
        2528         3977
        2530          110
        2531         2424
        2532           20
        2534           44
        2536          349
        2537          176
        2538          669
        2540          539
        2541         6471
        2544          545
        2546         1098
        2552         1276
        2553         1983
        2556          323
        2557         1528
        2558         1403
        2559         2254
        2562         5971
        2567          364
        2569         1766
        2574          400
        2577         2715
        2581         5081
        2584         2023
        2586            0
        2587         1076
        2592         2084
        2594          232
        2596         4380
        2597          105
        2604           38
        2605         1132
        2607          536
        2609         1123
        2610          362
        2611          281
        2618         1497
        2621           65
        2625           30
        2627           20
        2630         4363
        2632         1802
        2634          324
        2635         7109
        2636         2902
        2640         1832
        2641           35
        2642         2459
        2650          887
        2656          259
        2658          837
        2661         5297
        2662         5838
        2663         1574
        2665         1395
        2667         2116
        2672         2958
        2676         7104
        2680          325
        2683            2
        2690          149
        2692          523
        2693          907
        2694          290
        2695          741
        2697         2985
        2698          382
        2702           88
        2704          655
        2707           80
        2708         1730
        2709          991
        2710           97
        2712         4378
        2715          898
        2719           34
        2727            2
        2730          648
        2736            4
        2737         5761
        2739         6122
        2747         5892
        2749         2738
        2750           85
        2753           16
        2755         1373
        2757         1009
        2758          225
        2759         1806
        2760         6874
        2762         5907
        2764         5138
        2765           91
        2767         1004
        2768         1015
        2769          111
        2770           26
        2772           74
        2773          106
        2774          219
        2776           77
        2779          324
        2780         2061
        2781          558
        2783         6151
        2784            0
        2785            0
        2787         1129
        2790         3305
        2791         2305
        2794          293
        2797          320
        2798           15
        2801         1233
        2802         2405
        2808          533
        2821         1790
        2824          368
        2825         2142
        2827         1733
        2836         3862
        2837           41
        2838          345
        2841          661
        2842           16
        2843         5711
        2849          981
        2855          713
        2856           76
        2857           13
        2858          128
        2862         2573
        2863         3762
        2864          294
        2865         3682
        2875         4813
        2879         2807
        2885          942
        2886         3604
        2889          642
        2890          709
        2891         3065
        2892         2427
        2893          922
        2894         1749
        2898          149
        2905         1292
        2908          404
        2909         2783
        2910           87
        2917           27
        2918         2642
        2921         4747
        2923           24
        2924         1444
        2927         6914
        2933          507
        2935         2180
        2940         1306
        2941         1246
        2943          167
        2944          118
        2946          725
        2951         1570
        2957         6471
        2959         1021
        2960          247
        2963         7305
        2970           43
        2971          987
        2973           96
        2985         1675
        2986         8447
        2987         5705
        2988         8306
        2995           23
        2998          765
        3003         2825
        3005            3
        3011           69
        3013          533
        3014         1092
        3015         5982
        3016           23
        3018          327
        3019         8273
        3022          346
        3024         1015
        3030          463
        3033          397
        3036         1219
        3037            0
        3044          335
        3049          237
        3050           95
        3051         1661
        3052          141
        3057           35
        3058           47
        3061         6665
        3062          129
        3064          251
        3069          401
        3073          298
        3077          172
        3081          419
        3082         2962
        3087          257
        3088          128
        3091         1845
        3093          276
        3094           92
        3103         5192
        3104          176
        3107         1302
        3111         2583
        3116          290
        3118          614
        3119         2533
        3120           80
        3122         1631
        3132          372
        3133            7
        3135         2269
        3138          979
        3141          200
        3147         3732
        3148          190
        3149         7855
        3150         7210
        3151         2571
        3156          173
        3157          177
        3160           16
        3161         5580
        3163          364
        3167         4202
        3177          674
        3180           72
        3182         1360
        3183          562
        3184           41
        3185            2
        3187           34
        3197          226
        3203         7356
        3205         2839
        3215          994
        3217           45
        3224            0
        3225         3264
        3227          100
        3228           39
        3231          927
        3235          149
        3238          702
        3240          487
        3242           13
        3247         6277
        3253          735
        3261          325
        3267          218
        3271          453
        3274           20
        3297         1734
        3300         6156
        3302          393
        3304           24
        3321         2426
        3324         3832
        3325         4228
        3328          306
        3329          460
        3330          989
        3332           72
        3333          114
        3334          226
        3338          252
        3339           57
        3341          119
        3346         2129
        3348         3665
        3352         2224
        3354         3888
        3358         5990
        3360         1403
        3362           61
        3366         4512
        3368           66
        3372         3661
        3373         1354
        3374         7495
        3375          858
        3382         3315
        3384         6823
        3385          676
        3387          362
        3393          709
        3399         7218
        3403          340
        3404           14
        3405         8132
        3406          977
        3408         2960
        3410         5765
        3411         3171
        3416            2
        3423            7
        3424          115
        3427          145
        3429         3705
        3431          314
        3437            5
        3438         5379
        3439            0
        3441         3275
        3443           80
        3444           12
        3456         4634
        3458          495
        3461           72
        3465           65
        3467          443
        3474          386
        3482         1266
        3483         1538
        3491         2493
        3492          252
        3499           72
        3504          421
        3509          596
        3514         6840
        3515         3741
        3517         8397
        3518           20
        3529           72
        3531           34
        3536           93
        3540            4
        3546           12
        3547           86
        3550         1646
        3561          461
        3563          452
        3564          177
        3567          217
        3569         1267
        3574           18
        3576           45
        3579         5935
        3583         1501
        3589         3979
        3590          642
        3591         8184
        3592         3829
        3599         4437
        3600          711
        3601          772
        3603          380
        3605           24
        3606         5133
        3607          275
        3609         1715
        3610         5005
        3611         3684
        3616          674
        3617         1439
        3631         1383
        3636          652
        3643         4142
        3650           26
        3656          861
        3657          177
        3662         1106
        3666          616
        3668         3848
        3669         1170
        3671         5928
        3673          519
        3681          315
        3684          961
        3686          320
        3696          663
        3702          770
        3704         1243
        3706           17
        3707           16
        3711         1499
        3714          369
        3715         2802
        3718           92
        3722          147
        3733          608
        3734         1832
        3737         1752
        3738         2284
        3743          114
        3744         2789
        3745           18
        3748            0
        3749          809
        3750          577
        3751         8184
        3753            0
        3757          507
        3760         1419
        3766          174
        3769          211
        3771         4780
        3772           88
        3773            3
        3774         3463
        3777           96
        3782         6114
        3789           82
        3796         5513
        3802          103
        3814         1003
        3816         1505
        3823         3749
        3836         2922
        3837         2345
        3842         3149
        3843          554
        3850           64
        3860         7042
        3862          448
        3864            2
        3866         2546
        3868           93
        3872         2647
        3873         2514
        3877           44
        3878            1
        3880           39
        3881          936
        3883          361
        3890          227
        3891          116
        3896          373
        3898          225
        3899          246
        3903           50
        3904           15
        3913          262
        3914         2270
        3919           97
        3920         2261
        3943          146
        3945          359
        3952           90
        3960           20
        3969         5987
        3976           66
        3981          470
        3986          654
        3987         1938
        3989          262
        3992           57
        3997         3948
        3999         2511
        4000           99
        4004          887
        4006         2622
        4008           22
        4010         2541
        4011         4041
        4016          449
        4017          366
        4018         1439
        4020          288
        4023         3141
        4027         3705
        4030         1721
        4034         1607
        4042          846
        4046           47
        4052         7141
        4059          322
        4060          324
        4064         5959
        4068         4154
        4069          288
        4077           72
        4079           38
        4080           86
        4081          493
        4083          173
        4084          414
        4085           96
        4089          963
        4090           18
        4092         2227
        4097         5651
        4100          459
        4101         1035
        4106         2690
        4113          150
        4119          105
        4127         3361
        4128          216
        4129          919
        4132            0
        4134            1
        4135         4420
        4139         2738
        4143         2887
        4146          217
        4150         2084
        4151           61
        4153         6808
        4161          315
        4164           37
        4166            0
        4168            6
        4171         1679
        4174          180
        4177         1238
        4180         1398
        4189         1330
        4191         6470
        4194         4641
        4197          316
        4201          342
        4206            1
        4208         2002
        4211         5789
        4214          108
        4215         5595
        4218         4364
        4220         5443
        4223           49
        4226         1399
        4227           34
        4228         1748
        4229         1015
        4232         2623
        4233         2483
        4237          210
        4240          491
        4243         1056
        4244         1738
        4247           36
        4248           13
        4252         7242
        4256         1619
        4261          926
        4266         6315
        4270         2076
        4282         2366
        4283         5753
        4286          390
        4288         1209
        4290         1021
        4297          171
        4299          349
        4300          786
        4306           23
        4309          462
        4314          652
        4317          618
        4319         4557
        4320          118
        4332         2300
        4333         5245
        4334         3844
        4335           52
        4343          951
        4347         1302
        4359         4375
        4360         5299
        4371          683
        4376          597
        4382          412
        4384          169
        4393         4903
        4397           44
        4398         5621
        4401          107
        4404          641
        4411          696
        4418         5957
        4420         4918
        4421          107
        4424          223
        4425         1076
        4432            9
        4436         1582
        4438         4106
        4440         2918
        4444          844
        4446          275
        4450            0
        4457            0
        4458         1851
        4462         1739
        4468          274
        4477          966
        4478          544
        4482          200
        4486         1631
        4496          113
        4502          954
        4504          237
        4505           92
        4508          119
        4518         3017
        4521            3
        4524         6253
        4530         2939
        4535          652
        4537         6513
        4544           53
        4551          884
        4552          369
        4554           43
        4560          499
        4565         2599
        4568          485
        4569         5958
        4571         2913
        4572            0
        4573         1217
        4576         7608
        4583          238
        4585         1138
        4586          232
        4587          230
        4588         7137
        4590         7602
        4591          928
        4592         1570
        4593         5822
        4594         2962
        4597          162
        4598          162
        4601          344
        4602          315
        4605         1724
        4606          321
        4609         3857
        4610         4547
        4613          666
        4616           10
        4618           37
        4623          452
        4628           48
        4629         6304
        4634          181
        4653         8106
        4656            8
        4664          137
        4666           14
        4668           33
        4669         4649
        4670          409
        4685         6696
        4686           88
        4691          353
        4692          602
        4695           14
        4696         4502
        4698         2847
        4709          367
        4723            2
        4728          443
        4729           16
        4732          355
        4738          137
        4741          136
        4742          145
        4746          271
        4756          324
        4761          215
        4776           26
        4783         7997
        4785         1361
        4788         1707
        4789         5057
        4792         4528
        4795         5715
        4805          148
        4814          122
        4818         8335
        4821          270
        4823          155
        4824           44
        4829          236
        4830           34
        4836           14
        4837          572
        4841         3494
        4843          293
        4844          175
        4851          800
        4852           88
        4864          696
        4865         2342
        4866         4593
        4872         3506
        4878         5903
        4879          928
        4880          100
        4891         5452
        4894          236
        4895           74
        4896         2535
        4900         5936
        4903         2405
        4909           92
        4914         1436
        4915         1723
        4922           16
        4924          166
        4928         5353
        4930         4069
        4932           37
        4935          215
        4936         1187
        4939         1005
        4954         2530
        4959         3748
        4963         7022
        4976          585
        4980          350
        4982         2050
        4985         7135
        4993          226
        4999           74
        5000         2071
        5003         3051
        5007           93
        5008         2298
        5009          281
        5010         3537
        5019          166
        5031           63
        5032         1473
        5034          323
        5037          118
        5056          786
        5059         1109
        5062           34
        5064          303
        5065           71
        5070         2277
        5074          684
        5080         5145
        5094         5996
        5097           47
        5098            0
        5100         1972
        5105         5949
        5110         4577
        5116          109
        5121         5509
        5122           96
        5125          219
        5127            0
        5131            0
        5132            6
        5139          524
        5142          176
        5143         4371
        5152          248
        5160           91
        5171         1497
        5172            1
        5175           20
        5191         2881
        5192         3226
        5195           47
        5197           58
        5200          537
        5203           38
        5206          529
        5209            0
        5211          160
        5212         3643
        5214          759
        5228           29
        5236         2091
        5242          140
        5246          324
        5249          613
        5251          815
        5263         1919
        5270         1054
        5273          591
        5276         1582
        5277         4974
        5280          969
        5284           17
        5285            9
        5288           13
        5291          931
        5316          346
        5319          354
        5321           11
        5322         3411
        5323          595
        5335          544
        5353          539
        5358         1115
        5359           34
        5362           16
        5373         2346
        5386         1756
        5396         5190
        5401          263
        5403          253
        5406          157
        5409          785
        5417         5683
        5420         1446
        5425          663
        5429          219
        5430         1603
        5433           12
        5443         4401
        5445         5595
        5454           19
        5456          331
        5458          448
        5461          115
        5463         5476
        5468         6156
        5470          421
        5473          609
        5477          382
        5478            9
        5479           13
        5481          815
        5483          545
        5484         4031
        5486         1835
        5489          616
        5492         1668
        5494           78
        5495         2786
        5501          594
        5503            0
        5507          173
        5517         1198
        5519         1216
        5524         5773
        5531         4498
        5533          451
        5537          237
        5541         2821
        5549           70
        5551         4683
        5553            0
        5554            0
        5568           32
        5569           90
        5578         1802
        5579         6417
        5581         1954
        5587          674
        5589          253
        5592          931
        5596          663
        5602          204
        5603         3844
        5616         2541
        5627          253
        5647            2
        5661         3846
        5675         2630
        5676         2861
        5677         2079
        5685            9
        5686         6691
        5698           37
        5706         7231
        5711          541
        5724          103
        5726           34
        5733            4
        5739           20
        5743         2623
        5745         1890
        5747         3265
        5748         1859
        5750           96
        5761         2763
        5771            5
        5775           17
        5776            6
        5786         1456
        5788           82
        5789          804
        5792          259
        5794         1949
        5813          721
        5820         1097
        5821          461
        5822         1262
        5827         1336
        5831           32
        5840           74
        5844          545
        5845          328
        5849           14
        5851         2137
        5854         2335
        5855         1255
        5861            2
        5865         4387
        5872         1832
        5878         1098
        5881           16
        5883          136
        5884          470
        5892         2733
        5894         3269
        5898          227
        5902          381
        5908         5056
        5909           44
        5910         1243
        5920         2938
        5926           64
        5937         8366
        5961         1319
        5969         2603
        5973          919
        5983          187
        5995         6141
        6006         2517
        6007           12
        6010         2573
        6014         3911
        6016           51
        6019            0
        6021         4088
        6025            0
        6035          225
        6041          288
        6042         4220
        6043          497
        6048         2272
        6053          171
        6055          372
        6061         6845
        6062           18
        6065           14
        6066          304
        6069         1054
        6075         3600
        6079         5934
        6089          942
        6092          278
        6099         1092
        6104          184
        6105          331
        6107            0
        6114         1336
        6115          210
        6120          544
        6124           11
        6132           13
        6133         4669
        6136         4561
        6142           37
        6147         4629
        6158          167
        6171          557
        6177          609
        6185          331
        6186         3010
        6187         1067
        6194           41
        6196          872
        6197           23
        6201         4945
        6204         1223
        6206          303
        6213         1591
        6216         4512
        6227         1310
        6242          258
        6250          129
        6253         1054
        6255         3300
        6257           76
        6260         4470
        6265          553
        6272         6039
        6273         4633
        6274          214
        6289            0
        6292         2201
        6293          118
        6298          169
        6301          116
        6307           36
        6318         3147
        6324         3764
        6329         1070
        6334           24
        6340         5954
        6341          303
        6350           22
        6353            1
        6355          445
        6360          696
        6361         1356
        6363         4449
        6371         1269
        6378         6144
        6379           76
        6385          204
        6388          819
        6392         5358
        6399           99
        6407            1
        6413          370
        6417         1383
        6420         2498
        6424         4563
        6425            0
        6427         1656
        6441          197
        6442         5157
        6446          275
        6450         1244
        6452         6962
        6474           66
        6476           85
        6481         3288
        6486         4382
        6488         1102
        6490          203
        6493         1934
        6494          787
        6498          327
        6522            3
        6533         1770
        6545          756
        6547           87
        6548         1235
        6549           26
        6552           17
        6561          844
        6569         5996
        6573         3624
        6578          244
        6580         2832
        6586            0
        6589          129
        6593          172
        6594          367
        6608           36
        6630          160
        6635          874
        6652          432
        6665           87
        6666         1664
        6673         7431
        6694         2055
        6711         3500
        6723          203
        6725          951
        6735         1123
        6740           32
        6743            8
        6746          181
        6759         2196
        6768          114
        6773          343
        6787         2635
        6794           76
        6800         2426
        6801         4403
        6807           34
        6825          914
        6837           12
        6841           34
        6842          370
        6856          893
        6863           15
        6867         1301
        6870           81
        6871          853
        6881         1733
        6884         2028
        6910         2612
        6914          778
        6915           15
        6926           39
        6936         1110
        6975            0
        6978           96
        6981            3
        7017         2891
        7019          187
        7034          548
        7035          472
        7037         2302
        7044         3158
        7045         1088
        7047         4381
        7056         2267
        7057           15
        7075         6100
        7078          436
        7103          130
        7118         1534
        7133         3147
        7139         2785
        7161          105
        7197           74
        7199         1111
        7206         2277
        7236          145
        7269          215
        7273          109
        7281          627
        7292            0
        7294         5366
        7298            0
        7307         1128
        7317         4160
        7329          174
        7342            0
        7358          172
        7360           56
        7375           24
        7384          969
        7388         2466
        7389         1433
        7401         1929
        7404           90
        7418          924
        7435         4463
        7442          396
        7445          521
        7454            7
        7468          494
        7470         2869
        7474         2347
        7477         5511
        7478          140
        7520         1352
        7529          831
        7533         2348
        7542          832
        7545           35
        7556           75
        7561         1251
        7572          107
        7573         1170
        7585         1353
        7601         3268
        7669           22
        7688         4988
        7689         2230
        7695         2870
        7713         3392
        7751          299
        7757          155
        7770          147
        7783         1224
        7787         4062
        7789         1102
        7795         2005
        7819          115
        7830          102
        7835         1703
        7873         3092
        7884         2218
        7890         2335
        7891         1402
        7893          635
        7902          682
        7947          203
        7962           74
        7971         4896
        7977         5997
        7985            1
        7986           30
        7987         5154
        7988         1009
        7990          169
        7993          314
        7995          570
        7998         2056
        8003          100
        8010         1450
        8019         4153
        8028           16
        8031          305
        8045           15
        8061          951
        8091           26
        8105         3980
        8137         2194
        8145         4025
        8156            1
        8188         3363
        8189          163
        8197          508
        8207         5029
        8229         2948
        8233          582
        8236            4
        8265         1422
        8287         1348
        8310         5274
        8328         1066
