# HaloID(1) HaloID(2)
           0            0
           1            0
           2            0
           3            2
           4            3
           5            1
           6          320
           7          488
           8          281
           9           18
          10            9
          11         2849
          12         6119
          13          341
          14           97
          15         1909
          16           16
          17          706
          18           17
          19           97
          20         1117
          21           57
          22          784
          23          864
          24          814
          25         1710
          26           25
          27          548
          28          191
          29          867
          30         2806
          31          365
          32           33
          33           31
          34         6607
          35           34
          36         2009
          37          162
          38         8737
          39         2074
          40           40
          41          107
          42           23
          44          182
          45           43
          46            7
          47          262
          48         4340
          49           50
          50            6
          51          292
          52           71
          53          815
          54          341
          55         1616
          56          335
          57         1915
          58          174
          59           64
          60         3943
          61           65
          62           21
          63         6394
          64          173
          65           68
          66           11
          67         1183
          68          560
          69          580
          70          121
          71         6872
          72          973
          73          543
          74           76
          75           22
          76         2274
          78         7332
          79          711
          80         3630
          81         1838
          82          152
          83          601
          84         4718
          85          218
          86          395
          87           92
          88            2
          89          192
          90         2084
          91         4700
          92            0
          93         4471
          94         8199
          95          778
          96          563
          97          565
          98         5227
          99         4168
         100           95
         101         6272
         102          863
         103         3221
         104         4750
         105            9
         106          108
         107           97
         108         2347
         110         4653
         111         3837
         112         8106
         113         1092
         114         3206
         115           72
         116          109
         117         2930
         118         6249
         119          162
         120            3
         121         2032
         122          424
         123         1195
         124          126
         125         1474
         126           73
         127          117
         128          129
         129          136
         130          661
         131         5744
         132            1
         134         2409
         135         3075
         136           87
         137         2683
         139         8137
         140         7877
         141         2149
         142         6026
         143          623
         145         2563
         146         5889
         148          110
         149         1791
         150          144
         151         3892
         152            3
         153           63
         154          710
         155         1573
         156         1601
         157         5379
         158            0
         159           23
         160         5970
         161         1267
         162           40
         163         5106
         165          345
         166          132
         168         1490
         170          193
         171         2605
         172         6787
         173         2919
         174         3259
         175         6768
         176         4438
         177           25
         178         5600
         180           19
         181          744
         182         1327
         183         2362
         184         7399
         185         3430
         186          459
         188           56
         189          508
         190         4409
         191         1348
         192         5355
         194           30
         195          559
         196          139
         197         5120
         199          200
         200         3173
         202         5938
         203         1755
         204          479
         206          125
         208          206
         210          224
         211         5369
         212         1220
         214          899
         215          371
         216          174
         217         5130
         219         3674
         220            4
         221          424
         222         2947
         223           25
         224         3968
         225          336
         226           66
         227            7
         228         1829
         229          211
         232           63
         233         7304
         234         8293
         235         4978
         237         4887
         238          223
         239         1033
         240         1688
         241         1497
         242         1031
         244          297
         246            0
         247          238
         248          958
         249         6545
         250          240
         251           94
         253         1689
         254         1087
         257          479
         258           50
         259         1593
         260         3862
         261          488
         262           24
         263          420
         264          251
         265         5529
         266         4146
         267         5171
         268          168
         270          281
         271          929
         272         3260
         273           69
         274          986
         275         5023
         278         3093
         279          275
         280         3471
         281           16
         282         1307
         283         4496
         284         6048
         285         1183
         286          270
         287          174
         288           65
         290          850
         291           93
         292          431
         293           76
         295         7158
         297          546
         298         4013
         299         1183
         300          717
         301          887
         302         6263
         303         3412
         305         3277
         306          125
         307          921
         308          578
         310          744
         311         5594
         313         1444
         315         6299
         316          131
         317          862
         320         3182
         321            0
         322          311
         323         1739
         325          695
         328          312
         329          293
         330         7078
         331         1127
         333         1270
         334         5074
         335          315
         336          668
         337         3553
         338           43
         340         4791
         341          634
         342         1998
         344         3791
         345          350
         348         1461
         351          571
         353          267
         355         3031
         356           12
         357           73
         358         6607
         359          706
         361           94
         362            0
         363         1267
         364         1373
         365           65
         366          231
         367          162
         368          997
         370         8636
         371          187
         375          897
         376           34
         377          488
         379         1607
         381         3946
         383          717
         385         1762
         388          387
         390         2806
         391            0
         392           30
         393          151
         394          464
         395          312
         399         2824
         400         1020
         401          484
         404         2242
         405           30
         406         4711
         407         1758
         410         1909
         411            3
         412         6369
         414          526
         415         2277
         416          728
         417           48
         418         8269
         419         2218
         420         1984
         422         1198
         423          242
         424          233
         425          218
         426         4200
         427         5248
         431         2336
         432          282
         433           60
         434           39
         435         5116
         437         1268
         438          435
         439          436
         440          150
         441           81
         445         4590
         447          117
         448          867
         449         6904
         451         1716
         453          431
         454          807
         455         2013
         458          322
         459         1909
         460           43
         461          786
         462         4179
         464         3561
         465         2773
         466           25
         467         5446
         469          791
         472         4092
         474         1965
         475         1668
         478           65
         479         2063
         480         2971
         481         1441
         482          117
         483          460
         484          848
         488         8040
         489         6946
         490          479
         491          139
         492         4264
         495         1810
         496         3704
         497         1938
         498         4256
         499           95
         500         6234
         503         2831
         506          145
         507           75
         508           68
         509           71
         510         2143
         514          438
         515         1820
         516         2847
         517           29
         521         2268
         522         1103
         523          516
         524          221
         525         1092
         526           94
         527            1
         528          521
         529           25
         530         2095
         532         1413
         533         2917
         534         3206
         537          537
         538         3718
         539         8054
         540         4589
         542         6551
         543         1035
         544         8104
         545          454
         547           24
         548         2098
         549           75
         550          519
         552         4746
         553         2015
         554          480
         555         2620
         556          532
         558         3412
         559         2252
         560          381
         561         2036
         563         4521
         564           94
         567          274
         568         1490
         570          510
         571         5276
         572           92
         573         2013
         574           61
         575         8645
         576           84
         578         5038
         579           99
         580         7091
         581           69
         583         3163
         584           25
         585           70
         586         2131
         588         1275
         589         1186
         590           27
         592         1534
         593          338
         594           21
         596           23
         598         5104
         601          516
         602          401
         603          258
         604         3533
         605         8584
         607         1872
         608         2264
         611         7411
         613         1766
         614          636
         616         5797
         617         4406
         618         2334
         621          298
         622         1718
         623            2
         624          622
         625         7895
         626          620
         627         2898
         629          647
         630           95
         632         2270
         633           13
         634           34
         635            0
         636         2776
         637         2933
         638         1592
         639           74
         641         7274
         642         1655
         643         2734
         644           46
         645          895
         646           66
         648         1271
         649         7659
         650           33
         654           75
         656          610
         657         2334
         658          710
         659         2200
         660          383
         661          202
         663         1452
         664            6
         665          637
         666          960
         669          487
         670         1999
         671          637
         672         6422
         673            8
         677         1144
         678         3471
         680         8137
         690         5092
         692         6458
         693         4568
         695          287
         696         3677
         697         2061
         698         2928
         699         2242
         700         1750
         702         4888
         703          702
         706          668
         707         3732
         709         6490
         712           11
         714           53
         718          730
         719            7
         721          779
         725          411
         727         2604
         729         2635
         731         4891
         733           25
         734          144
         737          395
         738            2
         740         4576
         743           15
         744            0
         746          136
         748          129
         749         1270
         750          140
         751          401
         752           39
         754         1262
         755         8737
         757         1534
         758          816
         760           32
         762          202
         763         3420
         764         1675
         765         1417
         766          123
         770          924
         771          628
         772           84
         773         5638
         775          352
         776           20
         778          251
         780         2186
         781          165
         783          773
         785          565
         786          429
         787         5371
         788         2792
         790          522
         791         2878
         793         7174
         797          715
         798          931
         801         2532
         802         4826
         804           60
         805         6237
         807         2214
         809          368
         810         1186
         811          741
         812         1475
         815         5088
         819         1909
         820         3881
         822          694
         824          757
         825         6678
         826           67
         827         1182
         829            3
         834          401
         835         1637
         836         7746
         840          236
         841         2563
         842         1101
         843         2441
         844         8512
         846           97
         847          522
         848          255
         850          127
         851         4827
         853         5369
         855         8323
         856         1083
         858         4990
         859          896
         860         2484
         861         1565
         862         2611
         863          882
         865          248
         866         2213
         868           41
         869          901
         870          881
         871           50
         874         2824
         875           47
         876          832
         878         1086
         879         1990
         880           25
         882          300
         883          513
         885         1120
         886          319
         887         8273
         888          553
         891         2298
         894         6229
         896           11
         897         3247
         899         7197
         900          825
         902         4287
         903         2655
         905         1117
         906         2323
         910         1790
         914           75
         915            1
         920         4086
         925           43
         926         4406
         927         5371
         928          561
         929           75
         930          182
         933         2138
         935         1420
         936         2230
         937          758
         939          369
         941         1879
         942         2457
         943            3
         944         2121
         945          532
         947          807
         950          527
         951            9
         952         5510
         953         2304
         956         4197
         957         1471
         958         2828
         959           60
         961           73
         962         1519
         964           48
         965           16
         966         7771
         970         3063
         972         7262
         974         3355
         976         1874
         979         6671
         982           51
         983         1194
         985          221
         988         4217
         993         4922
         994           21
         995          553
         997         1426
         998          315
        1000          466
        1006         1144
        1009          395
        1010          321
        1012         7729
        1013         2445
        1014           12
        1016         4126
        1020         1007
        1021          649
        1022          616
        1024         5537
        1025         7556
        1026           19
        1027           17
        1029         2274
        1030         6678
        1032           76
        1034         2123
        1039         7430
        1041          509
        1049         1069
        1051         1964
        1055         3082
        1057         1042
        1058         5951
        1059         6279
        1060          108
        1061         1820
        1062          923
        1064           70
        1067         3873
        1068         3292
        1069         3612
        1071          272
        1072         1716
        1073            0
        1074          296
        1075          905
        1076          205
        1078          359
        1079         1256
        1081         1222
        1083          541
        1084          272
        1085           69
        1087          475
        1088         1103
        1091         1769
        1094         8162
        1095         1050
        1097          730
        1099          567
        1104          899
        1105         1249
        1106           48
        1107         6946
        1110           70
        1111         6531
        1114         2024
        1116         7561
        1117          112
        1119         8753
        1120         4718
        1122         1398
        1123          110
        1124         4114
        1125         2362
        1128         1668
        1129         6564
        1131         1213
        1132            2
        1137         3881
        1140          381
        1141          668
        1143         1637
        1145         8554
        1149         1019
        1150          779
        1151           13
        1152         1143
        1153          559
        1155         1144
        1157         6078
        1158          253
        1159         2695
        1161          383
        1165          560
        1166         5346
        1167           31
        1168          113
        1175          940
        1176          199
        1177         1910
        1180          940
        1181         3585
        1184          195
        1185          421
        1186            7
        1187         1073
        1188         3837
        1193         4106
        1194           67
        1195          100
        1196          744
        1198         6198
        1201          546
        1202         1296
        1203          577
        1205         2186
        1207          220
        1209          434
        1210          302
        1213          501
        1219         2032
        1220           47
        1223         3326
        1225         1135
        1226            5
        1228         2761
        1231            0
        1232         2336
        1233          424
        1234         2086
        1236           10
        1237           13
        1239         1720
        1241           15
        1242         7587
        1243          252
        1244         1315
        1245         1795
        1246          562
        1248           75
        1249          421
        1254         4688
        1255         1883
        1258         2841
        1259          175
        1260         5645
        1261         1916
        1262          179
        1263         1626
        1265           40
        1268         1286
        1270          213
        1273         7725
        1274          795
        1275          781
        1276          530
        1277           32
        1278         1965
        1279         2483
        1280          151
        1283         7078
        1285         1984
        1290          158
        1291         3040
        1292         2274
        1293            1
        1294         5519
        1297          556
        1298         5920
        1301          118
        1303         6137
        1306            9
        1307          133
        1309         1562
        1310         3221
        1312         1049
        1315          905
        1318         8242
        1319         1020
        1320         1085
        1323           75
        1330           35
        1332          477
        1334          502
        1335         2165
        1336           68
        1339           71
        1341         8297
        1342          241
        1345          710
        1348          420
        1354          873
        1355          270
        1358         1586
        1361         1424
        1362           14
        1364          563
        1365         7192
        1376            0
        1377         7191
        1378          763
        1379         3260
        1382         2926
        1384         1328
        1385          154
        1386         1593
        1387         4750
        1388         6683
        1395           17
        1397          293
        1398          794
        1401          461
        1405         1214
        1407         6357
        1409          133
        1410          868
        1411           76
        1412         1182
        1413          313
        1417         1762
        1418           22
        1422         2885
        1424         4151
        1425           91
        1426         5190
        1429         5270
        1431         3041
        1432          559
        1436         3996
        1439          412
        1443          463
        1444         3803
        1445         7629
        1447         1186
        1450           12
        1451          513
        1452          636
        1453         3104
        1454          314
        1455           86
        1459         1967
        1460            4
        1461         5972
        1463         6812
        1465         2421
        1466          620
        1467          202
        1468           76
        1470          153
        1472         2002
        1473         1452
        1474          223
        1476          104
        1478         2655
        1480         2366
        1486         2283
        1490         2056
        1494           13
        1495          217
        1497         6290
        1499         1258
        1502         6502
        1505         2650
        1508           32
        1509         3148
        1510          256
        1514         4590
        1516          554
        1517         1525
        1519         1864
        1520         5710
        1523         4786
        1526          631
        1534          184
        1535         7399
        1539           13
        1543          574
        1549           32
        1554         2314
        1556          411
        1560          857
        1566          864
        1567          553
        1571          954
        1573          248
        1575         2614
        1577          488
        1579          241
        1582         7529
        1584           34
        1585         1843
        1586          132
        1589         3273
        1593         4160
        1594          145
        1596          125
        1598         6584
        1602         7542
        1603          350
        1605           59
        1610         1039
        1612          132
        1613         1568
        1614         3234
        1615           25
        1616         1586
        1618          661
        1619           33
        1620         5237
        1621            6
        1623         1589
        1624            8
        1626         1700
        1630          757
        1631           48
        1633          148
        1636         5663
        1642          232
        1644         2026
        1646          910
        1648         2459
        1649         3112
        1650         3551
        1652          794
        1655           39
        1657          512
        1658         1474
        1659            4
        1660          640
        1662         5516
        1663          137
        1665          543
        1667         6252
        1671          277
        1672          650
        1674         4722
        1675          174
        1678          946
        1680         1262
        1681            0
        1683          959
        1684          350
        1685         5162
        1687         3641
        1694         4358
        1700         4529
        1705         4538
        1710         3457
        1712         5157
        1714         1619
        1715         6394
        1717         1474
        1718          131
        1719           18
        1720         4707
        1722          148
        1723         2479
        1726          171
        1727           31
        1729         2943
        1732         4309
        1733         7432
        1736          364
        1738         1003
        1742           53
        1745          431
        1746         3868
        1747           80
        1748         1675
        1749          376
        1750          140
        1753           81
        1755          597
        1759          405
        1760         8252
        1762          542
        1765          131
        1767         3803
        1773         2036
        1774         6833
        1775           27
        1779          278
        1782          249
        1783          487
        1784         2953
        1787          767
        1791          199
        1795          121
        1796         1771
        1798         4035
        1801         3951
        1803         7822
        1804          371
        1805          722
        1806         4977
        1809          565
        1811         4942
        1818         2486
        1821         4600
        1828         2543
        1831           69
        1835          246
        1837         3630
        1841           22
        1844          313
        1845         8723
        1846          614
        1858          854
        1862         2764
        1863           28
        1866         5643
        1867         8426
        1869          595
        1870         1214
        1872         6306
        1873         1510
        1877          807
        1878          367
        1880         7280
        1885         1443
        1886           84
        1890          173
        1891         3985
        1893          131
        1894         1884
        1895         8032
        1898          238
        1901          487
        1902          822
        1904           10
        1916          759
        1917           69
        1918         8051
        1922            0
        1924         1007
        1925         1553
        1926           26
        1927         1448
        1928          230
        1929          139
        1930         2063
        1931          847
        1934         7511
        1938          929
        1940          305
        1948         2409
        1952          134
        1953          470
        1956         3584
        1957         5236
        1958         1964
        1959         1860
        1960         1601
        1963           47
        1964           54
        1970         4526
        1972          335
        1975         2124
        1976          292
        1977         2304
        1988           39
        1989         2130
        1991         2783
        1995         1026
        1997         8653
        2002         5979
        2003         4992
        2006         3457
        2009         3614
        2013          279
        2014          482
        2015           31
        2017          262
        2018         2512
        2019           34
        2020           21
        2021          944
        2033         1279
        2034         4340
        2036          387
        2040          154
        2041         5528
        2043         1275
        2044           24
        2046          637
        2048          317
        2049         1007
        2052         5816
        2053         2208
        2054          102
        2055         5831
        2056         7448
        2059         5723
        2062          175
        2065          148
        2066         1235
        2072           24
        2075          320
        2080           35
        2086          221
        2087          253
        2088          624
        2089          436
        2101         1671
        2102           81
        2103           45
        2104           16
        2106           85
        2110         5031
        2113         2459
        2114           24
        2117         3182
        2118         1080
        2119          669
        2120         5157
        2123          158
        2124         5988
        2128          168
        2129          151
        2131          620
        2132           87
        2133           60
        2135          891
        2140         2441
        2142         2371
        2143          233
        2144         1211
        2145          640
        2146         1890
        2147           46
        2148         1638
        2151          263
        2152         3397
        2155           72
        2156         8607
        2159          420
        2160         3134
        2161         3037
        2163         7905
        2164         4779
        2165         4394
        2167         3214
        2168          364
        2169          905
        2171         2046
        2174          313
        2175         1689
        2176          257
        2179           51
        2181         2483
        2183          811
        2187         1474
        2193          549
        2196         2494
        2198         1051
        2204         1020
        2207          232
        2212          240
        2219          252
        2221         2640
        2225         1959
        2228         5663
        2229         3007
        2233            4
        2235          368
        2236          297
        2237          481
        2240          541
        2242         4191
        2243          155
        2246         2486
        2251         2868
        2252         5113
        2253           64
        2254          944
        2258          412
        2264          628
        2269         1406
        2271          137
        2272         2069
        2273          507
        2274         1883
        2275           27
        2282           55
        2285          915
        2290          601
        2291         5253
        2292         1224
        2298           72
        2299          225
        2300           55
        2301         2278
        2302         4702
        2306         1161
        2308         2283
        2310         4767
        2330         4849
        2334         1447
        2336         2433
        2337         2544
        2338         3260
        2339            0
        2341          307
        2345         3590
        2347          756
        2349          589
        2350          652
        2352         2270
        2355           14
        2356         1755
        2358         3543
        2362          112
        2364         1560
        2365         3225
        2368            7
        2369         5336
        2372          378
        2373         1216
        2377          125
        2379         2153
        2380          471
        2384          968
        2387         1582
        2389          187
        2390          560
        2392           99
        2396         1062
        2401          119
        2403           60
        2406         1684
        2411         8417
        2412         3430
        2415         5805
        2417         8591
        2420          724
        2423          408
        2426           31
        2427         4610
        2429         1542
        2430          587
        2431           50
        2433           10
        2434          248
        2438          465
        2439         3058
        2440          193
        2443          199
        2447          300
        2448           31
        2451          600
        2454         8014
        2459         3483
        2461         4503
        2464          112
        2467          141
        2473          925
        2474          642
        2477          339
        2479           25
        2480           94
        2481           12
        2483         6357
        2487         4467
        2494         3883
        2498           46
        2499         1662
        2500          125
        2501         4431
        2503          959
        2507          240
        2508           92
        2510           13
        2512           47
        2514          726
        2520          500
        2525         1535
        2526            5
        2529          412
        2531          667
        2532         3973
        2537         1582
        2542         2456
        2543         3667
        2544         3217
        2549         2253
        2551          482
        2552           93
        2553          605
        2554         5360
        2557         1020
        2558         4106
        2559          275
        2561         2511
        2564         1443
        2565         1909
        2567            9
        2568         5387
        2570         4027
        2571         2688
        2573         3040
        2574         1345
        2575          668
        2577          160
        2580         8440
        2586         2079
        2588           18
        2590          472
        2592          736
        2594         1954
        2596         1777
        2599           51
        2600          182
        2601         3067
        2603         1965
        2604         1203
        2607         5965
        2609         3620
        2612          870
        2613         2627
        2619         2646
        2620          642
        2625         3973
        2626         6718
        2627         2600
        2629         4952
        2630         7698
        2634         5456
        2636           96
        2637         3079
        2640          580
        2644          831
        2645         1012
        2646          671
        2647           17
        2653         2214
        2654         4433
        2661         1880
        2662          873
        2674          111
        2676         4997
        2677           60
        2679           15
        2685          949
        2697         1510
        2699         3274
        2706         1736
        2707          454
        2708           89
        2709          620
        2711          296
        2712          547
        2713         4545
        2722           16
        2723           21
        2727          787
        2729         1942
        2730           48
        2731         4176
        2733          251
        2734         5276
        2738         1049
        2739          213
        2740           89
        2744         2279
        2747         1153
        2749         2705
        2750         6276
        2753         2009
        2755         4039
        2758         2691
        2759          187
        2764          908
        2765         1976
        2768         3476
        2770         1691
        2772           44
        2781         5327
        2782            9
        2786          153
        2788         2839
        2789         5127
        2791           25
        2794          395
        2801            1
        2803           53
        2804         2314
        2805          620
        2806          122
        2811         6260
        2812         7705
        2816         1950
        2818          492
        2819         3400
        2821          650
        2822           85
        2823           36
        2826         1687
        2829         1710
        2832          562
        2835         4197
        2836         5346
        2837          198
        2845         1397
        2846         2618
        2851          510
        2852           49
        2855         6934
        2860         5711
        2861         3635
        2863         1174
        2864         6024
        2867           51
        2874            1
        2875         1007
        2878           34
        2879          260
        2880          158
        2883         6173
        2887         1094
        2888          216
        2889          272
        2892          931
        2894           94
        2895          371
        2898         2635
        2902         5413
        2903          528
        2905         2876
        2906           32
        2909          152
        2915         2372
        2919         7519
        2922            3
        2927         5868
        2929          610
        2930         1127
        2932          782
        2935           67
        2950         1695
        2951           22
        2955           18
        2958          141
        2959         1273
        2960          105
        2965          216
        2966         3547
        2968          163
        2969          726
        2970           73
        2971           71
        2978         1193
        2979          183
        2987         2543
        2997         2947
        2999         7399
        3001           54
        3019         2820
        3024         4297
        3025         4872
        3026         2171
        3027         1158
        3032           33
        3035           47
        3039          258
        3041            4
        3043           90
        3044           33
        3046           27
        3047          997
        3049         1689
        3059         1491
        3062         1757
        3064         2208
        3065         5499
        3067           48
        3068         4907
        3071         2220
        3072         2955
        3077         2605
        3084         1737
        3086          958
        3091         2000
        3093          287
        3095         1638
        3098          188
        3103          401
        3107         2459
        3108           75
        3111         5038
        3112            0
        3115          751
        3119         7542
        3120         4978
        3132          272
        3141         8269
        3144          891
        3146          260
        3150         4265
        3153         1386
        3154          647
        3158         2919
        3162           26
        3165         4863
        3168          657
        3172         7659
        3173         1586
        3175         4568
        3183          488
        3189           94
        3190         6999
        3193          455
        3200           23
        3201           27
        3204         3374
        3205         3932
        3209          202
        3219         1866
        3220         1358
        3221         1759
        3222           53
        3223         1525
        3225         1530
        3226          633
        3229            9
        3230          848
        3231          434
        3232         3168
        3235          480
        3241         1476
        3249         2077
        3250          241
        3251           44
        3254          309
        3256            7
        3259         7021
        3260         2013
        3264         1528
        3266          501
        3270         6396
        3272          351
        3276          311
        3277         3476
        3278            6
        3279         4013
        3280         5826
        3283          903
        3292          127
        3293          603
        3303          565
        3309         5437
        3310         1112
        3315         4010
        3317         1673
        3321         3381
        3324           99
        3328          694
        3333         3549
        3340          481
        3347          763
        3349         2933
        3357          313
        3358         2669
        3359          225
        3372         2773
        3382           53
        3383          163
        3390          756
        3391           61
        3396          117
        3402         7630
        3403         1109
        3404         4521
        3405           25
        3406         1758
        3411         8436
        3414          658
        3416          272
        3420         1352
        3422            0
        3431         1023
        3432          668
        3433           15
        3437         6916
        3443         4289
        3448          366
        3452         4303
        3461          751
        3464          582
        3465         2261
        3466         1400
        3470         5797
        3473          302
        3474         1050
        3479          309
        3483          825
        3488         6267
        3493         4876
        3496            0
        3497         1270
        3501          315
        3505         3532
        3510           57
        3513         4746
        3519          510
        3522         5778
        3530         3476
        3536         2356
        3538          548
        3539         4538
        3540         1498
        3542         4350
        3548         1894
        3551          927
        3553          113
        3559         3447
        3561          933
        3566         6166
        3567           31
        3574         1490
        3575         2952
        3576         3610
        3579           24
        3584         1736
        3590          218
        3594         3676
        3595         1668
        3596          104
        3597         2228
        3599         2026
        3601           17
        3602            0
        3610          145
        3614         7274
        3621            3
        3622          252
        3623           21
        3624          766
        3630         5948
        3633          274
        3635         4310
        3636         1814
        3637         1422
        3644          187
        3647          225
        3650          702
        3655         5799
        3660           36
        3663         1855
        3666          128
        3673         3347
        3674          902
        3679          999
        3681         2332
        3683          380
        3687          102
        3691         2735
        3695          562
        3696          898
        3697         3090
        3700         3137
        3707          853
        3709            7
        3710         2046
        3712          255
        3713         6154
        3719         4117
        3723         2654
        3726           24
        3729           38
        3733            1
        3735         2356
        3744         7645
        3750         4791
        3752          509
        3753         1350
        3756         2730
        3761           60
        3766          565
        3777         2749
        3780          246
        3781         1058
        3782         4417
        3783          509
        3788         3813
        3794          156
        3795           75
        3802         4226
        3803         4521
        3804           91
        3805         4204
        3807         1035
        3808         3952
        3809         1235
        3814          465
        3815          172
        3823         2775
        3832          784
        3835          221
        3840         3851
        3852          195
        3858         5901
        3859            0
        3864          144
        3868          389
        3869          390
        3870          791
        3874           36
        3877           16
        3882          255
        3885            0
        3886           94
        3894           92
        3896           15
        3897          505
        3899           27
        3902         2585
        3904         2884
        3908           53
        3911           15
        3912            7
        3918         3876
        3920          142
        3924           16
        3928           96
        3929            1
        3934         6348
        3937         1766
        3938         2280
        3940          401
        3942         2131
        3943         1158
        3951          202
        3952         1662
        3954            2
        3955          440
        3970          960
        3978         1186
        3979            4
        3981          156
        3983          940
        3995         5041
        4000         4617
        4003          164
        4004          549
        4006          512
        4008         3221
        4009         1708
        4022         1129
        4023         6094
        4028         5543
        4029         1286
        4031          409
        4034         5142
        4036          319
        4037         1964
        4042          937
        4046          358
        4054            7
        4062          221
        4067         1141
        4068         2255
        4073         1859
        4074          115
        4078           40
        4083          641
        4089         3804
        4090          270
        4093         2828
        4097           88
        4098         1497
        4105          136
        4106          204
        4117          257
        4118            2
        4144         1852
        4146          831
        4148          652
        4150         5871
        4152         2067
        4155         4358
        4156           16
        4164          114
        4165           48
        4171          179
        4172          761
        4173          158
        4175         3985
        4177           42
        4178         5506
        4193         7165
        4194          125
        4195           15
        4196          284
        4197         1273
        4200         3114
        4204         3221
        4210         7332
        4216           97
        4217          774
        4222         2954
        4223          300
        4230           26
        4231         2585
        4237          313
        4252         2458
        4256           27
        4257          307
        4262         4922
        4265           40
        4272           51
        4281         8584
        4282          141
        4285          610
        4286         2511
        4287            7
        4290         3193
        4291          182
        4292          368
        4293          141
        4309            0
        4310          125
        4311          236
        4314         1682
        4317          796
        4318          189
        4326            1
        4328           42
        4333          131
        4335         2459
        4339          328
        4340         6094
        4344          417
        4348         3277
        4351           76
        4355         2718
        4357         4480
        4359         2233
        4362         1414
        4364         1162
        4366          521
        4367         1060
        4369           53
        4371          695
        4376          906
        4383         5692
        4384          175
        4385           53
        4387         2560
        4394         1601
        4395          984
        4398         1080
        4403          134
        4405          923
        4416         5789
        4417           51
        4433         6613
        4434         4042
        4441            0
        4442          202
        4444         2114
        4445          309
        4446         2063
        4447          234
        4457         5329
        4459         1901
        4462            2
        4463          624
        4465          901
        4469         1460
        4472         1220
        4475          111
        4477          806
        4482          544
        4485         2620
        4491         1643
        4496           36
        4499         5181
        4500         5448
        4501         2362
        4504          317
        4505          168
        4508          131
        4510            0
        4513            0
        4514          587
        4515         4452
        4536          353
        4539         2220
        4541         6876
        4545          364
        4546           16
        4548          137
        4549           54
        4551           14
        4561          173
        4564         5298
        4571          121
        4581          198
        4587         6135
        4589          252
        4595         5689
        4597         2122
        4598         1951
        4605         1028
        4607          569
        4609           85
        4614           38
        4617         1737
        4620         2208
        4625         6135
        4626         1357
        4629          216
        4630           18
        4631           19
        4633           11
        4642          378
        4643          121
        4646          147
        4647          880
        4649         6483
        4650         5254
        4657         2149
        4660            2
        4665          839
        4667         5190
        4668         4467
        4669          395
        4676          249
        4685          775
        4693          248
        4701         5747
        4703         1199
        4705         3483
        4715          371
        4719         1589
        4746         1143
        4753          236
        4755          141
        4762         3366
        4765         4350
        4769          115
        4775         1647
        4784           16
        4785          597
        4786         1429
        4789         1206
        4791           43
        4792           76
        4794           28
        4799          145
        4801          640
        4807         2180
        4817         1404
        4827         1708
        4828            0
        4830         1951
        4831         2176
        4834         7986
        4836           16
        4837         6179
        4846         7706
        4850          339
        4855         2650
        4856         5286
        4857         4752
        4860          982
        4865          454
        4872         3425
        4877         1482
        4880           67
        4881           11
        4887         2861
        4889         4952
        4893         3677
        4908         4673
        4910          883
        4912         1262
        4914          299
        4915          556
        4922          175
        4923          253
        4926          658
        4929         6050
        4936          579
        4938         6451
        4945           15
        4949         6530
        4969          602
        4970           34
        4972         1386
        4974           76
        4977         5425
        4980           86
        4981         3481
        4987          306
        4989          877
        4993           44
        4994          256
        4995          431
        5000         7928
        5003         7047
        5010         1417
        5024          145
        5032           74
        5033          395
        5036            0
        5038          168
        5043           66
        5047          364
        5048         1174
        5050          281
        5052          705
        5055          390
        5057          256
        5058         5679
        5062         1068
        5065         1688
        5072         1328
        5075         1404
        5087         2756
        5091          371
        5101          421
        5102           21
        5104           53
        5108         2278
        5110         3004
        5114          250
        5123            2
        5124          438
        5130          766
        5132           76
        5136           34
        5141          513
        5146         2274
        5151           73
        5154         3253
        5156          133
        5158           21
        5163          694
        5167          717
        5168         1543
        5169          763
        5171            0
        5186          626
        5187          482
        5193          114
        5201          198
        5202         7928
        5207           94
        5208         3088
        5212           49
        5219         2492
        5230          164
        5231          565
        5234          319
        5237         4042
        5238           94
        5240         1475
        5242            8
        5245          775
        5254          109
        5260            3
        5261         1483
        5263           96
        5265          642
        5266           21
        5269          526
        5271         3547
        5275         1593
        5276         7852
        5290           12
        5294         4228
        5295          378
        5296            0
        5303           16
        5304         3674
        5308          505
        5310         1062
        5311           38
        5327         3797
        5333          387
        5336         7493
        5343          716
        5347          811
        5349           16
        5350          167
        5358          405
        5367         2756
        5370          234
        5378          387
        5390         4455
        5395          550
        5406         2032
        5408           84
        5411          114
        5415         4020
        5421          136
        5437         1511
        5446          859
        5452            8
        5457            2
        5459         2362
        5465         6946
        5467           33
        5472           64
        5473         2010
        5480           15
        5481         2004
        5491            0
        5492           24
        5494          630
        5495         4309
        5498          252
        5499          208
        5503           60
        5510         5543
        5513           35
        5519          438
        5537           88
        5543         7817
        5547          424
        5550           29
        5559           39
        5561         5300
        5563         1475
        5564         3641
        5569         5210
        5570           85
        5574          366
        5576         4704
        5580         6416
        5586          763
        5593         2010
        5599         4053
        5600         7661
        5602           42
        5615         1473
        5617          216
        5625          848
        5633           16
        5637          527
        5639          501
        5644          758
        5651         1604
        5653          244
        5659            0
        5660          121
        5671           61
        5678          287
        5680         2441
        5690         1546
        5693            6
        5702         1491
        5705          195
        5708          602
        5710           11
        5712            1
        5714          377
        5719           74
        5721          173
        5722         1144
        5724          516
        5732         5714
        5733          121
        5734         2541
        5743          172
        5746         3250
        5761          321
        5764          328
        5767         2746
        5774            0
        5792         7654
        5793           87
        5795         2340
        5800         3165
        5809          817
        5815          695
        5819          571
        5822           22
        5824          800
        5830           44
        5835          667
        5837           16
        5844          716
        5847          457
        5848         4219
        5851         3058
        5855          586
        5859           49
        5863            6
        5865         1421
        5867            0
        5869           31
        5873         3634
        5880         3420
        5889          153
        5892         4496
        5894          845
        5901            1
        5911          709
        5917         2387
        5918          785
        5928           89
        5931           27
        5947         3712
        5955         5638
        5967         1491
        5971          997
        5976          133
        5977         3973
        5978         1604
        5979           44
        5986          147
        5999           97
        6003          151
        6006           11
        6007          429
        6013         3415
        6015          294
        6025         2186
        6026          526
        6032           61
        6034          110
        6036          369
        6039         3883
        6046          716
        6047         3116
        6048            0
        6049         4943
        6051          664
        6056           44
        6060          620
        6068          937
        6073           76
        6084           54
        6097           44
        6099          353
        6100         3863
        6101          233
        6104           14
        6109          112
        6118         1954
        6120         8242
        6122         1935
        6123         2149
        6127          768
        6139         4538
        6141         2825
        6150           10
        6152            1
        6157          158
        6160         6764
        6169         1666
        6171            1
        6172         1130
        6182          112
        6185           73
        6187         5012
        6188         1626
        6195           89
        6205         2864
        6215         6495
        6217          543
        6221          352
        6224         6195
        6225         1922
        6226         1115
        6236           43
        6242         1645
        6254          103
        6270          105
        6275          168
        6278          116
        6292         1557
        6294          421
        6297         4533
        6298           14
        6309            0
        6318         1364
        6325           59
        6335         2351
        6340         5630
        6344         4029
        6345          290
        6348           24
        6351          233
        6353           32
        6358            2
        6361           67
        6371           17
        6375         5466
        6380          757
        6387         6059
        6391          979
        6393         7205
        6425          112
        6431         2002
        6443         5537
        6449           15
        6455           62
        6456          693
        6459         3241
        6469         2657
        6474          758
        6498          358
        6504           94
        6506           44
        6510            0
        6522          507
        6523         4106
        6525          319
        6529            0
        6537          282
        6550         1238
        6562         2618
        6564          255
        6569            7
        6570          465
        6571          585
        6578            6
        6583         5994
        6588         4901
        6599           24
        6601         4009
        6603         2832
        6611          395
        6618         2377
        6631         2270
        6635         3241
        6644           75
        6645           59
        6648          385
        6653         3440
        6665         2919
        6671          288
        6676         3134
        6679         1389
        6689            0
        6692           60
        6693          717
        6696           11
        6698            0
        6699         1727
        6706         8607
        6729           88
        6736         2825
        6746          786
        6749          171
        6764          132
        6767         3732
        6774         7078
        6779         1077
        6782          959
        6785         1850
        6789         2587
        6794           28
        6796          204
        6799            1
        6804         7140
        6812            1
        6817          129
        6844         2411
        6845         2046
        6846         2397
        6868          196
        6870         1361
        6882         3673
        6883           60
        6896         1443
        6904         4479
        6909         1550
        6912          443
        6924         1632
        6927            0
        6930          274
        6938         3929
        6945          395
        6947         1910
        6952          147
        6954           12
        6975          350
        6993          171
        7000         4126
        7016            8
        7023           97
        7032            8
        7038         7060
        7057         3868
        7059          131
        7069           40
        7100           79
        7108         1687
        7127         1607
        7128         1619
        7129         1415
        7133           64
        7138         1089
        7142         5559
        7143           34
        7149         3313
        7153           26
        7156         2534
        7158           29
        7164         7590
        7173          111
        7175         2325
        7178          112
        7180         1443
        7186          997
        7202          361
        7213         2032
        7215         3163
        7228           90
        7235          774
        7243           88
        7245         7166
        7247          880
        7256         2583
        7265         1991
        7267         2580
        7271          710
        7281            0
        7286           51
        7290         2966
        7297          361
        7309         1879
        7317          377
        7320           34
        7327          135
        7341         3416
        7342          791
        7355         1557
        7356         2076
        7362         2614
        7374          257
        7387          643
        7396         5907
        7410            0
        7413         1430
        7421         2755
        7422         1630
        7425          181
        7431           13
        7452          624
        7467         2441
        7468         2027
        7477          100
        7493          667
        7500          315
        7503          558
        7505         2650
        7512         1012
        7520          744
        7521          783
        7534         4281
        7537         6483
        7539          221
        7544          544
        7553           21
        7562          311
        7587         7895
        7595          690
        7598         8115
        7601           16
        7618            5
        7629          528
        7636            7
        7650         6165
        7658            7
        7659          407
        7691         6005
        7695         2069
        7699           49
        7701         2883
        7706         1002
        7709         4165
        7711         5761
        7718         4495
        7730            0
        7755         7905
        7759          351
        7763          196
        7772         5720
        7773            2
        7778          569
        7782          315
        7799           15
        7809         1733
        7813          217
        7814         5393
        7820         5022
        7822         1632
        7828          141
        7877          256
        7878         1779
        7889         1632
        7893         1256
        7904           82
        7914          119
        7947           45
        7957         2106
        7978         6127
        7985          256
        7999           51
        8006           55
        8007           19
        8008         7112
        8023           21
        8025         1270
        8031         1385
        8057         4281
        8132         7485
        8145         5978
        8160         2064
        8162         2537
        8167            2
        8171         3723
        8185          590
        8195         1141
        8232           17
        8239          937
        8260         1820
        8276         1357
        8284          367
        8297          536
        8304          563
        8315         6357
        8337          327
        8345          199
        8353            0
        8364           12
        8376           84
        8390         2528
        8401           79
        8403         5561
        8431           55
        8484          652
        8485           47
        8490          504
        8497         6868
        8521          377
        8527         4386
        8564            1
        8565          101
        8567         1341
        8583          584
        8586         3502
        8593            0
        8602            0
        8609         6200
        8618          189
        8624          179
        8630         1259
        8642          364
        8666         2561
        8668         3602
        8676          961
        8683          229
        8700          204
        8704         3712
        8714          158
