# HaloID(1) HaloID(2)
           0            0
           1            1
           2            2
           3          248
           4         1162
           5           64
           6            6
           7          165
           8            8
           9           13
          10            9
          11         1659
          12           12
          13           43
          14         5758
          15           15
          16         1586
          17         3980
          18         2030
          19           20
          20           63
          21          125
          22           22
          23           84
          24         1430
          25         1735
          26           28
          27         2592
          28         6585
          29           56
          30          571
          31           32
          32          138
          33           35
          34          105
          35          617
          36          438
          37         1584
          38            0
          39            0
          40           42
          41           44
          42           45
          43          240
          44           39
          45         2361
          46          470
          47         2775
          48           50
          49            0
          50          323
          51           55
          52         4361
          53          124
          54            0
          55         3212
          56           40
          57           47
          58         1044
          59           47
          60           62
          61            5
          62           60
          63           79
          64           66
          65          916
          66         6354
          67            1
          68          563
          69          881
          70           85
          71          646
          72           24
          74            2
          75          775
          76         3122
          77            3
          78         1223
          79          459
          80          902
          81         6655
          82           84
          83         3413
          84         1134
          85          802
          86           82
          87         1098
          88         2358
          89          663
          90         5084
          91         5318
          92         3789
          93           61
          94         2867
          95         1085
          96          838
          97          100
          98           75
          99          983
         100         4478
         101          362
         102            9
         103            5
         104          101
         105         1962
         106         2514
         107          124
         108          282
         109         4199
         111          110
         112          999
         113         6435
         114         4976
         115         1550
         116         1088
         117          827
         118          425
         119          121
         120         2173
         121          796
         122         3977
         123         3776
         124          126
         125         2848
         126          214
         128          696
         129           38
         130         3478
         131         1327
         132           24
         133         1341
         134          141
         135         2237
         136         4482
         137          606
         138           34
         139         2852
         140          356
         141         4440
         142         2418
         143          144
         144          282
         146         1540
         147         2257
         148           75
         149         5061
         150           92
         151         2545
         152         3959
         153          564
         154         1897
         155          153
         156           26
         157          337
         158          449
         160          160
         161         2869
         162         1723
         163           47
         164          498
         165          169
         166          332
         167           62
         168         2436
         169          145
         170          172
         171         4297
         172          258
         173          214
         174          152
         175          206
         176          360
         177           76
         178          829
         180         5413
         182          854
         183         5786
         184          983
         186         3392
         187          201
         188          205
         189          904
         190          119
         192          149
         194         5036
         195          868
         196         1230
         197          970
         199         4221
         201           78
         202            5
         203         3341
         204            0
         206          602
         207         1315
         208          387
         209         1505
         211         3280
         212          457
         214          741
         215         4429
         216           75
         217         2049
         218         2356
         219          217
         220         3556
         221         1536
         222         1381
         223          827
         225         4466
         227          703
         228          149
         229         4394
         231         1536
         232         6075
         233          237
         235         2848
         236         2223
         237          343
         238         3320
         239         1059
         240          244
         241         2016
         242            0
         243          922
         244         4022
         245         2281
         246         4193
         247           39
         248         2882
         249         3883
         250          226
         251          232
         252          131
         253         5296
         255          835
         256         1330
         257          392
         258          772
         259           75
         260         1720
         261          278
         262         2074
         263          101
         264          282
         265         1072
         266          824
         269         1992
         270          642
         271         5509
         272         4255
         273          243
         274         1194
         275           57
         278           39
         279            2
         280         1554
         281           39
         283          288
         284         3945
         285           28
         286         5727
         287         1734
         288         3440
         289          918
         290          194
         291         2878
         293         1732
         294         1614
         295         3288
         296           64
         297         7294
         298         7920
         299           22
         300         3814
         302         1862
         303           21
         304         1214
         306          309
         307         5307
         308         4128
         309         4226
         310         2514
         311         1289
         312          662
         313         1449
         314          796
         316         6399
         317         4858
         318           24
         319          109
         320           61
         322          116
         323           39
         326          219
         327         1559
         328          333
         329          516
         330         1318
         331          328
         332         3435
         333          124
         334          426
         336           26
         337         3263
         338          996
         340          571
         341           16
         343          845
         344          370
         345         4242
         346          344
         347          497
         348         3981
         350           87
         351         7302
         353         3245
         354          112
         355         7664
         356          181
         358         1702
         359         1062
         360          372
         363          494
         366          964
         367          489
         368           52
         371          257
         372          371
         373         1373
         374         1403
         375         5108
         376          873
         377         5333
         380         4160
         381         2094
         382         5421
         383          359
         384         1403
         385         1038
         387          708
         388         2697
         390         2250
         391         6089
         392          708
         394          401
         396          855
         397         3484
         399          239
         402          163
         403          642
         404            1
         405         2109
         406          278
         408          873
         409         5303
         410          391
         411           65
         412         1774
         413         1506
         415           33
         416           89
         420         4416
         421         1857
         423         3522
         425         4827
         426         4665
         427          900
         428         7880
         430         5877
         434         3437
         437         1084
         438          975
         439          119
         442         2449
         443           67
         444          613
         445          407
         448         5263
         450         1695
         454         1097
         456         1450
         457          494
         458          516
         459         3696
         461          692
         462         1418
         463           18
         464           24
         465         1161
         466           62
         467         2980
         468         4403
         469           26
         473         1895
         474         3270
         475          735
         477          971
         478         7620
         479         1051
         480          145
         481         1297
         482         2312
         484          265
         486          643
         487          444
         488         1985
         490          125
         495          231
         496          165
         497          283
         498           12
         499           93
         501         6529
         502         5518
         503         2767
         504            0
         505          564
         506           24
         510         6734
         511           39
         512         4501
         513          239
         514          541
         517         7649
         519         1836
         520         3372
         522         4883
         523         1895
         527           37
         528         1073
         530          533
         531         1942
         532          433
         533           63
         534         1479
         536         1086
         537         1085
         538         2187
         541         5084
         543          204
         544         5786
         545          744
         547         4370
         548           20
         549          862
         550           45
         551         3486
         553         1660
         554         4662
         556           62
         558          157
         560          206
         563          518
         565         7226
         566         1026
         567           65
         568         5940
         569         6211
         572          924
         575          616
         576         6726
         577         6783
         578          201
         579         1721
         580          118
         581          149
         583         2323
         584         5792
         589         5695
         592         3145
         593         1318
         594         2665
         596         4593
         601         4406
         603         6803
         604         2134
         605         1589
         607           44
         608           32
         610         4604
         612         2994
         613          858
         615         2050
         619         2325
         621         1266
         622           56
         626         3437
         628          438
         629         2997
         630         1692
         631          874
         632         7966
         633          879
         635          268
         637          393
         638          364
         639          234
         645          623
         646          201
         647           57
         648           97
         649          283
         653          106
         656          729
         658         5061
         659           85
         660          530
         661         2122
         662           32
         666          925
         667         7812
         670           22
         672         3126
         674          335
         676          331
         678         5103
         679          663
         681         2002
         683           43
         684         4282
         685         2057
         687            4
         688          727
         689            9
         692         1481
         695         1643
         698         3996
         701           62
         703          462
         707          210
         708            6
         709           22
         710          393
         711         7832
         714           47
         715         1550
         719         1321
         720          574
         722         1411
         725         2910
         726          209
         727         1617
         730          578
         731         1112
         732          231
         733          173
         734         6336
         735         2429
         738         2409
         739          899
         740         4475
         741         1166
         742         4166
         743         2336
         744           91
         745          172
         747         2811
         748         1593
         749         3419
         752          257
         753         3253
         754          163
         756         2788
         757            2
         758          965
         759         1621
         761         4492
         765         1085
         766         7079
         767         3234
         768          796
         769          149
         770         1760
         772           16
         773         4363
         774           29
         779         1619
         780         3814
         784         3521
         790         2597
         791           44
         792         1649
         793         1893
         794         6845
         795          574
         796          684
         798          947
         800           79
         801         2361
         802           24
         804          417
         805          645
         806         2001
         807         5398
         808          432
         809          563
         810         2651
         812           23
         813          553
         814         5267
         815         1599
         818         5478
         819          809
         821          149
         823          759
         824         1294
         825         4132
         826          813
         829         6452
         830          737
         831            2
         833           32
         834         1810
         835          817
         839           19
         841         4442
         842         1530
         843         1191
         844         5408
         845          958
         846          260
         848           89
         851          574
         852           21
         853          539
         855           66
         858         6362
         859          691
         860          745
         861         2667
         862         1176
         863          124
         864         5141
         867          827
         870          359
         871         4893
         872            7
         875          262
         876         5359
         877         5644
         878         1312
         879          935
         880           59
         882         5400
         884         3549
         888          555
         889          697
         891         2571
         892         2681
         893         2867
         894          873
         895         2812
         896          167
         897           37
         898          364
         900         1039
         901          630
         904          156
         906           87
         909          801
         911         1946
         913         3980
         914         1632
         916         7542
         920          208
         921           24
         923         2842
         924         5967
         925          283
         929          966
         930          899
         933           20
         934          498
         935         2232
         937            4
         938         4408
         939         3357
         943         1428
         944            5
         945          176
         948          726
         949          143
         952          175
         954            4
         955          530
         957         2597
         962          994
         963          749
         964           58
         966          390
         967          692
         969           84
         970          166
         971         2959
         974          125
         976         1297
         979          985
         980         3641
         982         2057
         985          999
         987          862
         988         1659
         989         1283
         990          988
         992         2166
         993          746
         994          992
         995           21
         996         6088
        1001          276
        1002         3883
        1003         4022
        1005         4300
        1010          179
        1012          422
        1013          936
        1014         2525
        1017         1416
        1020          333
        1021          515
        1024          824
        1025         2956
        1026         1014
        1028         1342
        1029         1149
        1030         1027
        1031         2392
        1032          611
        1033          371
        1037         2671
        1039           29
        1042         1866
        1046           86
        1047         1774
        1048          118
        1049         5836
        1056          825
        1059         5593
        1060         1725
        1063            1
        1065            8
        1066         1117
        1067         3289
        1068          151
        1072         1211
        1073          483
        1079          854
        1080          910
        1083         2733
        1085         1086
        1091            2
        1094          217
        1096         1118
        1105         5271
        1106         1510
        1107         3090
        1109          486
        1110          206
        1111         1096
        1115           65
        1118           46
        1119         3800
        1120         1133
        1123         3468
        1124          151
        1126         6514
        1129         1543
        1131          419
        1132         1185
        1133         3426
        1135          370
        1138          370
        1140           53
        1141         3877
        1143         3326
        1145          218
        1146         2751
        1149         3711
        1150         1702
        1151         2215
        1153          522
        1154           23
        1155         6655
        1156          289
        1158            3
        1162           12
        1163         2825
        1164         1247
        1166          637
        1168         2372
        1169         1973
        1170          397
        1175          994
        1176         2577
        1179         3136
        1180           21
        1182         2128
        1183         1230
        1187          833
        1191         2615
        1192         3338
        1194         4870
        1196          814
        1198         6588
        1199         5674
        1200         3181
        1202         1444
        1205         1560
        1206         5786
        1207          249
        1208         1243
        1216         1316
        1218         4539
        1219           50
        1223          845
        1227          113
        1228         1266
        1231         5012
        1232         2407
        1234           82
        1239            9
        1240         1289
        1242         4671
        1243         4363
        1244         4933
        1246         1613
        1248         2060
        1249          432
        1250         1217
        1252         2848
        1253         1836
        1256         1778
        1257          125
        1259         5331
        1261         1892
        1263          385
        1264          117
        1265          801
        1266         6134
        1267         7679
        1268          278
        1269           24
        1273         4596
        1274          139
        1275          564
        1277         1945
        1279          595
        1280         1304
        1282          323
        1283         3867
        1285          434
        1287         1081
        1290           22
        1291         1342
        1293          700
        1295          730
        1298           59
        1301         5263
        1303          366
        1304          105
        1305          395
        1307         3868
        1308         1838
        1309           10
        1319            1
        1322          404
        1325         3118
        1326         6563
        1332         1983
        1333         2651
        1335         1064
        1338         7636
        1342         2373
        1343          860
        1345           78
        1347         3867
        1352         1607
        1357         2360
        1358         2325
        1360         3326
        1362          689
        1363          149
        1365           44
        1366         4212
        1368          213
        1369         4399
        1370         6509
        1372          151
        1373         1085
        1374         3134
        1376          646
        1377         6949
        1379          925
        1380         4326
        1381         7483
        1382          787
        1387          175
        1393           49
        1394          155
        1395          131
        1396            2
        1397         2436
        1398         3090
        1399           24
        1400         2316
        1401         4221
        1405         3900
        1406           62
        1411         5046
        1412          563
        1416          512
        1418          199
        1421         2867
        1425           79
        1426           33
        1428          308
        1431           39
        1438           64
        1439         3575
        1440         3688
        1441          727
        1442          637
        1443         1400
        1444         2748
        1445         4222
        1446         1412
        1448          112
        1449         1779
        1450         1637
        1451         2288
        1452         1393
        1454          392
        1455         1126
        1459         2934
        1461          165
        1465          829
        1468          366
        1469         2340
        1471         3377
        1472         1471
        1473           13
        1476         3845
        1477         1729
        1478         1962
        1480          869
        1481         1499
        1487          199
        1488          722
        1489          631
        1490         7079
        1495           92
        1496          295
        1498          315
        1500            5
        1501          405
        1502         3538
        1503         2479
        1506         2602
        1507         4300
        1510          134
        1511          541
        1514          417
        1517         2526
        1518         2108
        1525          226
        1526         1564
        1527          437
        1530         4780
        1532         3437
        1533         2848
        1534          134
        1544         1327
        1545         7621
        1546           84
        1547         2108
        1548         2052
        1552            4
        1554          681
        1555         5162
        1556           20
        1557           16
        1558         1379
        1560          149
        1562           15
        1569         1962
        1570         6860
        1578         3285
        1579         1794
        1582          226
        1586         5447
        1587         1688
        1591         6662
        1593          172
        1594         2002
        1597         1183
        1599          121
        1600         3336
        1601          276
        1603          590
        1607         1574
        1608          108
        1610          252
        1611         2748
        1612         4922
        1614           21
        1615         3053
        1616         1226
        1627         6071
        1629         1645
        1632          240
        1637         3641
        1639          112
        1640          210
        1642         2454
        1643            3
        1644         1686
        1646          126
        1648          847
        1655          100
        1660          268
        1664         5987
        1674          198
        1684         1221
        1685         6465
        1686         3368
        1687         2545
        1688         4470
        1689           21
        1696           79
        1701         1986
        1702          506
        1703          629
        1705         4454
        1707         2676
        1711          875
        1713         3126
        1720         1494
        1721         1347
        1723           37
        1725          226
        1728          124
        1730          446
        1731         1263
        1738          108
        1739         5052
        1743          408
        1744           32
        1749         2472
        1750         2612
        1752          118
        1753         1956
        1758           96
        1759          729
        1760          980
        1764         3900
        1766         1741
        1768         4918
        1770           12
        1772          735
        1773         3288
        1776          598
        1778          864
        1780         2010
        1782            2
        1783         7664
        1785         1862
        1786         2974
        1790         1027
        1794         2925
        1795          124
        1798           84
        1799          411
        1800         6204
        1802         1391
        1803         4508
        1805         3336
        1807         4357
        1813          309
        1815           36
        1816           14
        1817         2882
        1819         7605
        1820         3889
        1822         5727
        1823         3402
        1824         2111
        1825         7992
        1829          983
        1831          708
        1832         2380
        1834          201
        1837           39
        1841          562
        1845         5547
        1846         3988
        1847           24
        1848            9
        1849         5663
        1851         1264
        1854         6539
        1856         2592
        1857          746
        1865           16
        1866         1538
        1868         2149
        1869         1097
        1870          517
        1880         2279
        1881         2822
        1884         4759
        1885           12
        1887         3938
        1894          105
        1899         4063
        1905          105
        1910          942
        1913          646
        1915         1724
        1920         2139
        1927         4153
        1928         3376
        1929          394
        1930          462
        1932         2873
        1940          971
        1941           31
        1942         1712
        1947            4
        1948         1266
        1950         2987
        1956           39
        1958         1788
        1961         2358
        1963          178
        1966         1887
        1972           60
        1974          110
        1976            7
        1978          302
        1979          366
        1983          925
        1984          332
        1985         1444
        1986          268
        1987         1436
        1988         1594
        1989         3478
        1991         5062
        1993          695
        1996          277
        1999         2014
        2005          127
        2006           42
        2010         5183
        2011          236
        2012          885
        2016          226
        2017          434
        2018          101
        2019         2033
        2023          202
        2028          866
        2029         3616
        2030           23
        2031         3243
        2036         1059
        2038         4478
        2039          692
        2041           46
        2042         1041
        2045         2073
        2046          151
        2047           78
        2048         4027
        2049           62
        2051          198
        2056         5062
        2057          544
        2060           84
        2061         4875
        2065          179
        2069         6317
        2070          834
        2071          974
        2072         1705
        2073          234
        2076          264
        2077         2978
        2084            5
        2086         2109
        2087         3747
        2089         2003
        2094         1815
        2096         5967
        2099         3245
        2117         1186
        2118         2009
        2119          299
        2127           48
        2134          624
        2135          149
        2136         2121
        2137         2128
        2140          916
        2142         2705
        2146          433
        2148          187
        2149          124
        2153          393
        2157          105
        2159          303
        2164           64
        2165          131
        2166          617
        2168         2873
        2173         1614
        2179           50
        2180          437
        2182           15
        2187         2246
        2189         3285
        2193          365
        2202          259
        2204           28
        2206          135
        2207          999
        2208           89
        2209          127
        2212           35
        2213           26
        2216           76
        2218         4501
        2221           21
        2225          745
        2226          197
        2231         2179
        2232          384
        2239           73
        2240         1645
        2243         1349
        2244         2775
        2247         2097
        2253         5138
        2254         1036
        2255          127
        2263         7347
        2272         1703
        2273          199
        2275         6136
        2280          128
        2281         3468
        2290           25
        2299         1430
        2300         2011
        2301            5
        2303         1741
        2304          833
        2310          106
        2312          149
        2313           21
        2314          549
        2316          164
        2317         1398
        2322          862
        2324          394
        2327           84
        2328           48
        2336         2816
        2339         4528
        2340         3778
        2348          688
        2349         1243
        2351         2122
        2352          132
        2355         2477
        2356           36
        2357           37
        2361         1920
        2363         2383
        2365         3000
        2368         4571
        2372         1134
        2374          210
        2376           64
        2379         2958
        2380           25
        2386          254
        2391         6257
        2394           89
        2395         1612
        2396           36
        2398           17
        2399            0
        2403         1743
        2404          303
        2405         2433
        2409          924
        2411          834
        2419         2425
        2422          276
        2425           28
        2426          483
        2433         1702
        2434          524
        2447          693
        2450         1266
        2452          110
        2456         4603
        2462           60
        2464           69
        2466          387
        2467           84
        2468          125
        2471         3988
        2472          240
        2475         4827
        2477          609
        2478           85
        2479          630
        2481          703
        2483          146
        2485          947
        2486          544
        2487          344
        2488           19
        2490           83
        2491          111
        2492          243
        2497         1891
        2499         1503
        2501          688
        2502          434
        2504         2706
        2506         3174
        2509          255
        2511         1554
        2513         1233
        2514         3394
        2517         2524
        2518          829
        2521         1854
        2523         1606
        2525           35
        2527          145
        2531           84
        2532         5753
        2533         3257
        2534         3234
        2537           56
        2541          485
        2545          320
        2546          679
        2554          565
        2557          100
        2558          351
        2560          662
        2563         1617
        2565          689
        2566         1145
        2568         1505
        2570         1365
        2576         2020
        2579          858
        2582         5612
        2583         1392
        2589         7998
        2591          722
        2594          571
        2603         4160
        2605         1912
        2606          100
        2608         1291
        2609         6622
        2612           21
        2615          213
        2620         2774
        2625          217
        2628         1610
        2630         2357
        2631         5432
        2634          214
        2635           20
        2636            5
        2637         4326
        2638          916
        2639         1884
        2642           28
        2650          259
        2653           52
        2661          145
        2663          785
        2666         1143
        2668          387
        2672          365
        2676         5036
        2679          822
        2681         1970
        2683         5822
        2687          477
        2689          159
        2692           23
        2694          390
        2696         2645
        2699          555
        2700           17
        2703           29
        2705           60
        2706          322
        2707          157
        2709         1210
        2710          116
        2716         1098
        2719            8
        2721         1319
        2724          253
        2730         4155
        2731          273
        2736         2799
        2738           67
        2740            4
        2742         4853
        2746          118
        2747          401
        2751         2736
        2758         3416
        2764         2632
        2765          145
        2771         1467
        2772          231
        2773          204
        2774          183
        2776         4242
        2780         1659
        2784         4257
        2790         2002
        2793         2156
        2795         1849
        2796          115
        2798          308
        2799          204
        2800         2157
        2803         5355
        2805         3038
        2806         2843
        2809         1823
        2810           16
        2812         4162
        2813         5000
        2815          447
        2816           19
        2818           15
        2822           29
        2823           93
        2826           93
        2831         3243
        2833         2281
        2837          614
        2841           32
        2850         4416
        2852         5424
        2853         5102
        2864          708
        2866         2108
        2867         5134
        2869         6022
        2873          845
        2876          426
        2879          179
        2880         2436
        2883         4333
        2887          164
        2890           32
        2897         2937
        2898         5008
        2899         5271
        2900          124
        2901          144
        2906          415
        2909         2958
        2912          198
        2913         1316
        2923         1660
        2928         1409
        2929          453
        2930          978
        2931         1962
        2932         1428
        2933          346
        2935           96
        2943         4098
        2944          891
        2959          974
        2960          277
        2962         5194
        2963          481
        2964         2999
        2965         7106
        2970         2871
        2976            4
        2980         3061
        2986         3674
        2996            2
        2998           23
        3000         4142
        3001         7994
        3002            3
        3004          692
        3005         1704
        3006         1692
        3009          481
        3012         1117
        3025          102
        3036          689
        3037         1560
        3041          486
        3042          942
        3045         2279
        3046            5
        3050            4
        3051          265
        3059         3090
        3066         1614
        3068         1047
        3069            0
        3071         2277
        3073          249
        3078          586
        3081         3790
        3082           29
        3088          133
        3091          902
        3093         4271
        3094          124
        3100          918
        3101          174
        3106          113
        3107         1059
        3108          260
        3110         3504
        3111         1041
        3121          100
        3123          169
        3127         2036
        3128         2042
        3131          646
        3133          124
        3135         1895
        3142          551
        3144          241
        3145         1720
        3152          786
        3157         2247
        3160         1373
        3161          249
        3164         1108
        3170         3372
        3174          842
        3180         2618
        3183          554
        3186         1559
        3198           14
        3199           79
        3201            8
        3207         7220
        3211         7999
        3213          125
        3216         5725
        3217         2343
        3219          117
        3220          326
        3221          124
        3223          364
        3224          206
        3226          176
        3227          249
        3228         1942
        3230         1403
        3234         2849
        3235         3123
        3236          253
        3240           35
        3241           15
        3243          302
        3244         1261
        3245         2697
        3248          545
        3250         5884
        3256          443
        3258         3312
        3259         1016
        3261           14
        3263           14
        3269         2073
        3271         6122
        3272            0
        3273          133
        3274          891
        3281         6448
        3287           46
        3288         2286
        3291          344
        3294           23
        3300         4076
        3302         1836
        3304           21
        3306         3236
        3308          159
        3317         1318
        3318         1917
        3322           18
        3323         5646
        3326          433
        3329          719
        3332            0
        3338          688
        3339          155
        3342         1331
        3348         1481
        3349          160
        3350         6246
        3355          609
        3361          197
        3366           84
        3376          466
        3388         2563
        3395           89
        3398           18
        3399         2373
        3409          135
        3419         1873
        3427            2
        3436         3048
        3443          401
        3447         1636
        3448          526
        3455         4512
        3458         2207
        3459          197
        3462          210
        3465          234
        3466           83
        3473           40
        3478          854
        3482          105
        3485           10
        3486          432
        3491          392
        3493          287
        3497           49
        3498         2122
        3500          824
        3503         2003
        3509          193
        3512           46
        3517          394
        3521         5627
        3526           80
        3527         1379
        3538           24
        3539          419
        3546         1700
        3548          520
        3552         5162
        3553            4
        3554         3644
        3556          859
        3558         1760
        3562           20
        3567         6747
        3571         7121
        3574         1195
        3575         4759
        3583         1736
        3584         3670
        3588         2407
        3589         2962
        3594         4137
        3595         5118
        3599         6246
        3606            1
        3613         4398
        3616         1809
        3618         2357
        3619         2573
        3627          508
        3632           42
        3634         1098
        3642          600
        3650           92
        3651           64
        3652          171
        3655         6662
        3659           84
        3660          209
        3662         2651
        3664          545
        3666           48
        3669          821
        3671          260
        3672          735
        3674         7147
        3675          783
        3676         1538
        3679           23
        3683         4827
        3684          394
        3685          756
        3687            0
        3690           86
        3691         3526
        3699           36
        3711           78
        3713         5919
        3716         2265
        3720         1919
        3726         5146
        3727         2701
        3728           68
        3731         2852
        3736         1014
        3737         5364
        3738           94
        3745          518
        3750          397
        3755          100
        3763          171
        3767          243
        3777            9
        3787         2551
        3794           32
        3797          410
        3800          206
        3801           69
        3802         4782
        3804           44
        3806         2873
        3814         2336
        3817         3116
        3820          684
        3824           14
        3826          127
        3828            1
        3833         1086
        3836         4207
        3840         4019
        3841         4492
        3846            4
        3847          617
        3849         1093
        3851          160
        3858          202
        3864            2
        3870         2597
        3872         5259
        3876           42
        3886          101
        3895            4
        3901         2050
        3918         5200
        3922           24
        3924         8023
        3928         4052
        3931         4532
        3933         5753
        3944         3397
        3945          642
        3946          282
        3947          458
        3962          447
        3974           64
        3976           69
        3977          491
        3979         7629
        3985         4233
        3986          106
        3989            5
        3990          351
        3991         3936
        3994         1704
        3998         3155
        4003          197
        4009           27
        4011         5099
        4012          117
        4028         6366
        4030            4
        4033          366
        4034            0
        4041          985
        4044            0
        4053         2698
        4054          130
        4055         1429
        4060           93
        4070         2896
        4074         2018
        4079          241
        4088          781
        4091            2
        4094         1654
        4099         3156
        4101          210
        4106            9
        4108           48
        4111          560
        4112            2
        4113           80
        4117          293
        4119         1854
        4121         2975
        4128         2325
        4131            7
        4132          769
        4133           90
        4141         3522
        4151           12
        4153         5977
        4155          692
        4156         3002
        4157         1194
        4163         4361
        4166         3575
        4167         5561
        4174         4213
        4176         3585
        4177          175
        4181         5408
        4187          845
        4190         2968
        4193         2996
        4198          231
        4201           93
        4203         3988
        4205           96
        4210         5514
        4215         2210
        4219           16
        4223         1528
        4224          197
        4228           88
        4234         2774
        4235          481
        4237          225
        4246           35
        4250         1472
        4256          364
        4257           37
        4258            6
        4262         2980
        4266         1086
        4269          431
        4270         1946
        4274         3484
        4277           18
        4278         1659
        4279           10
        4281          741
        4283         5775
        4285         7651
        4288         1249
        4290         1059
        4293          359
        4308          947
        4312         3765
        4317         3922
        4323         1058
        4324          527
        4326          171
        4327          173
        4328         1138
        4331          787
        4332         1093
        4336          184
        4340           83
        4352          470
        4359          623
        4365          873
        4367          155
        4369         3285
        4371         2094
        4372         2109
        4373           76
        4375         2121
        4376         1316
        4377         1743
        4378         4855
        4380         3416
        4381         4315
        4384           24
        4389          268
        4394         2592
        4397         1112
        4408         1989
        4416         1497
        4419         6195
        4422           15
        4424         1536
        4425          665
        4426          331
        4434         2947
        4438            5
        4444          160
        4447         2454
        4450          197
        4452          833
        4455          617
        4459         5635
        4460           14
        4472           50
        4473          243
        4483         1009
        4484          104
        4485           46
        4493            0
        4500         2318
        4513          106
        4514         3333
        4519           68
        4524         2501
        4525           28
        4532          149
        4534         2279
        4535          466
        4538         1514
        4549          617
        4563          645
        4566           73
        4570         5816
        4571          202
        4579         1109
        4581         3688
        4583          691
        4586           29
        4594         1979
        4595          289
        4596            0
        4597         5890
        4598         6465
        4607         7206
        4614          277
        4623          327
        4627          320
        4636         2673
        4641           28
        4643         2383
        4651           96
        4654          530
        4659           96
        4663          287
        4672           79
        4678          828
        4683           61
        4686          419
        4691           79
        4692         4312
        4696           51
        4698          249
        4699            0
        4701         5702
        4709         1318
        4711           28
        4715           23
        4716         1736
        4718           32
        4719          432
        4727          259
        4728         4855
        4734           37
        4743          546
        4753          554
        4756           23
        4760          199
        4767         2772
        4775         2607
        4780           53
        4781            3
        4796         1684
        4800         1970
        4801         3416
        4805         1794
        4809         1765
        4812          208
        4820           12
        4821         1062
        4825          824
        4827           62
        4831         1635
        4832         1198
        4836         1752
        4840          972
        4845          625
        4847          880
        4851          598
        4852          604
        4863          563
        4878         2002
        4880         3377
        4884           11
        4889         2925
        4893         2886
        4894          616
        4899         7913
        4900         1049
        4905         2690
        4909           78
        4910         1702
        4919         4908
        4922           21
        4925         1488
        4926         2682
        4932         1213
        4936          484
        4956            0
        4963          527
        4965         4226
        4972          164
        4979           84
        4980           88
        4990         7316
        4992         1341
        4993          395
        4994         4986
        5005           32
        5011         1525
        5021          160
        5023          101
        5032          746
        5035           93
        5041          121
        5043         2391
        5046            1
        5047          866
        5048          133
        5051           22
        5057            1
        5059           48
        5061         4209
        5065          724
        5067          342
        5069         2121
        5074         1159
        5075         6301
        5076         5982
        5087           63
        5089         2305
        5094         6045
        5095           29
        5104         3499
        5105           85
        5106          256
        5107          113
        5109         5233
        5111         1277
        5118          803
        5120            9
        5122         1842
        5124            0
        5127           12
        5129         3585
        5149          392
        5151          276
        5153          887
        5164         2737
        5169         2733
        5171          703
        5183          277
        5196         4221
        5203         3915
        5209         2305
        5214         4460
        5217          623
        5223         5764
        5231         1297
        5234            7
        5235           46
        5237           23
        5242          783
        5243         4180
        5247          563
        5252          109
        5254            1
        5258         1089
        5262         3333
        5265           82
        5273         1118
        5275            0
        5276          149
        5281         4312
        5282            0
        5283          970
        5289           48
        5291            9
        5297         2847
        5301         1966
        5302         3041
        5303            0
        5306          395
        5307         1223
        5314         1077
        5328         1484
        5330         1245
        5339         4662
        5356         2927
        5359          245
        5374           42
        5389         7160
        5392          193
        5396          133
        5403          508
        5405          257
        5407         2673
        5414            0
        5415           13
        5430          112
        5437          636
        5439           89
        5443          981
        5451         4034
        5452            8
        5464          495
        5467           21
        5470          446
        5484          213
        5485         1389
        5486         1245
        5489          880
        5494            0
        5495         2341
        5503         1525
        5505           97
        5509          349
        5518         6351
        5528         3245
        5538          843
        5542         3670
        5551          133
        5566          237
        5568          102
        5587         1659
        5596           44
        5597         1413
        5603          334
        5608          304
        5613         5199
        5626           84
        5631         1198
        5635         1645
        5639          879
        5654          629
        5663          803
        5684          184
        5692         1191
        5696         2431
        5703          174
        5716         2076
        5725          293
        5747           46
        5748         4603
        5751           10
        5753         3234
        5758         1644
        5761          171
        5764          151
        5766         5949
        5768           32
        5781          160
        5795         1294
        5802           37
        5807          129
        5813           55
        5817          171
        5830          291
        5832          257
        5839            2
        5841           18
        5856            9
        5868          682
        5888         2277
        5889         4020
        5908         7836
        5917            4
        5920         4015
        5923          110
        5934         1873
        5940          276
        5945          222
        5971          107
        5979           36
        5982         6676
        5987          109
        5991         2648
        6003         1838
        6015         1159
        6028           33
        6042          335
        6045          132
        6054           22
        6071            0
        6072          243
        6074         4346
        6077         2043
        6079            2
        6089         1925
        6095         2267
        6107         2889
        6113           15
        6118           96
        6127           67
        6137          924
        6144          210
        6172         6398
        6175         1040
        6183         5234
        6185            2
        6191            3
        6206          120
        6218          328
        6221           43
        6224           29
        6225         1736
        6238         4895
        6242         5637
        6244         5622
        6249            2
        6252            1
        6267         5753
        6269         3778
        6270         4501
        6271          123
        6295           63
        6303          601
        6314          724
        6334         1130
        6340         6351
        6350         3317
        6360         2477
        6376         2950
        6378            0
        6405          693
        6417         1624
        6436         1047
        6455         3358
        6458          309
        6480          148
        6481         1773
        6494         1560
        6506         1083
        6521            7
        6524           11
        6528           20
        6534          729
        6536            3
        6554          155
        6555            6
        6566         2752
        6578          835
        6610          434
        6625         6198
        6647           49
        6650          845
        6658          555
        6664          547
        6680          120
        6701          267
        6742          152
        6759          148
        6773          453
        6776            5
        6781         3275
        6787          200
        6791         2925
        6795          735
        6799            5
        6805          734
        6818         4720
        6848          127
        6868         1915
        6873          296
        6881         2433
        6892         3357
        6907         1278
        6911         1347
        6917          264
        6922         4252
        6929          623
        6954         1744
        6960         3884
        6977          225
        6998           12
        7007         1392
        7008           80
        7011         1080
        7044         5481
        7048          139
        7056          149
        7088          781
        7102         4023
        7105          433
        7113          783
        7135           80
        7156          763
        7160         2149
        7184          144
        7185         1612
        7190          436
        7199            5
        7202          231
        7209          273
        7211         4958
        7227           22
        7229         2942
        7247           33
        7262          842
        7275         1398
        7281          700
        7285          627
        7287         4028
        7291         2104
        7342          571
        7349            7
        7352         1203
        7362         5355
        7403           24
        7410         4052
        7418         1154
        7434         7723
        7453          834
        7455          468
        7473          208
        7475         3619
        7479          318
        7482          144
        7523         7032
        7557            4
        7559         1049
        7588          617
        7589         6477
        7622         7714
        7630          419
        7636         3575
        7647          389
        7658         2524
        7662           12
        7669          965
        7676           19
        7687          244
        7700          322
        7714           63
        7742          455
        7750         1036
        7758         2688
        7759          303
        7760          266
        7761         2108
        7802           33
        7835          394
        7851           48
        7854            0
        7869          384
