# HaloID(1) HaloID(2)
           0            0
           1            1
           2            1
           3         1280
           4          134
           5         3132
           6          244
           7          181
           8          430
           9           15
          10           10
          11          232
          12           12
          13           13
          14          126
          15            0
          16          627
          17         3154
          18         2692
          19         3945
          20           12
          21          782
          22         3312
          23           42
          24          342
          25           26
          26           28
          27           27
          28            0
          29           29
          30           33
          31         6195
          32           34
          33           90
          34           37
          35          767
          36          679
          37          133
          38         1155
          39         5020
          41         1735
          42          569
          43         3076
          44         3813
          45          848
          46           45
          47         1575
          48          123
          49          527
          50         2853
          51         1868
          52            0
          53         3519
          54         1283
          55          374
          56          411
          57          876
          58           61
          59         1362
          60          886
          61           71
          62          945
          63         4054
          64          285
          65          135
          66         5968
          67         4292
          68           59
          69          982
          70          274
          71         2295
          72         7049
          73         2511
          74           80
          75         4936
          76          181
          77           79
          78         4921
          79           74
          80           82
          81          435
          82          796
          83         2028
          84         1286
          85          311
          86         1714
          87         1940
          88          637
          89          468
          91          182
          92         5297
          93          316
          94          988
          95            1
          96         2517
          97          301
          98          106
          99         2361
         100            3
         101          568
         102         1649
         103          104
         104         4230
         105         2125
         106          179
         108          102
         109         1809
         110         1104
         111         4260
         112         3554
         114         4760
         115          724
         116           12
         117          794
         118         6903
         119          521
         120         2012
         121          988
         124           41
         125          138
         126          401
         127         1005
         128         2541
         129            1
         130          316
         131          826
         133         2174
         134         6389
         135         4458
         136         2406
         137         3461
         138         4366
         139         4800
         140            1
         141          101
         142           63
         143          281
         144           71
         146           10
         147          623
         148          453
         149          107
         150         3128
         151          444
         152         2554
         153           41
         154            6
         155         2699
         156         2733
         157         1129
         158          566
         159         1389
         160          323
         161         2371
         162          986
         163         1898
         164          693
         165          265
         166         3287
         167          104
         168         2512
         169          194
         170          252
         171         1165
         172          644
         174         1815
         175           84
         176         1094
         177         2371
         178           53
         179         2400
         181          446
         182          421
         183         2975
         185         4669
         187         2965
         188          307
         189          524
         190         1296
         191         2638
         192         2099
         193         2087
         194          244
         196         6350
         198          160
         199           82
         200         4074
         201           76
         202           10
         203         4648
         204          522
         205          986
         206         3403
         207         3272
         208          186
         209         3010
         210           28
         211          205
         212          848
         213           81
         214         1963
         215          853
         216           87
         217          730
         218           55
         222            6
         223          133
         224         3389
         225         1817
         226         1089
         228          527
         229          110
         230         4765
         231         2140
         233          160
         234          284
         235           39
         237         2829
         238          533
         240          110
         241          165
         242         2745
         243          858
         245         5092
         246          245
         249         3137
         250           59
         251          516
         252         1929
         253         4529
         254          487
         255         3132
         256         3231
         257         2634
         258         2481
         259          342
         260          110
         261           44
         263          679
         265         2261
         266           13
         268         5004
         270           98
         272         3974
         273           99
         274         5362
         275           26
         276         1075
         277         2503
         278         1026
         279         1718
         280           79
         281         1503
         282           95
         283          527
         284          284
         285         3580
         286          425
         288          687
         289         1145
         290         2984
         292          246
         293         1144
         294         2352
         296         5970
         297          505
         298         3372
         299         1896
         300          101
         301         4514
         302         3383
         303          695
         304          106
         306          167
         307          680
         308           46
         309          160
         311          329
         314          769
         315         3330
         316         4523
         317         4017
         318         3914
         320          670
         321         3624
         322           43
         324          431
         325          490
         327           98
         328         1515
         330           94
         331          637
         332           80
         334         1118
         335          816
         336          425
         337           84
         338          144
         339           31
         340         1905
         341         5578
         342         2465
         343          978
         344          828
         347           24
         348         2937
         349          413
         351           61
         354         3886
         355          101
         357         1006
         360           37
         361          361
         363          698
         364          882
         365         1868
         367         1515
         368          235
         371           26
         374         4102
         375          433
         376          833
         377         3029
         381           25
         382          156
         384         5625
         385         1044
         386            1
         387          726
         388         1862
         389          363
         391          529
         392          977
         393          560
         394         1043
         395          117
         397         1917
         398         2057
         399         4356
         401         1763
         404          526
         405         3172
         407         1230
         408          256
         409         1078
         410         1127
         413          385
         414         2940
         415          412
         416           62
         417          155
         418         1110
         419         1121
         420          510
         421          104
         423            9
         424           12
         425         1648
         426            8
         427            3
         428         4546
         429          580
         430         1535
         431           36
         433         1067
         434         3214
         435         3011
         436          298
         437         2866
         438           84
         439           23
         440         3498
         441         2501
         443          133
         444          980
         445          757
         447            1
         449         1342
         450           49
         451           28
         452          174
         455           17
         456         1973
         462         4473
         463         3229
         465         3499
         469          259
         470          506
         472         1122
         473         1126
         474         2955
         475          156
         478          362
         479          663
         482         2902
         485          311
         486           74
         488         4414
         490          152
         491         1227
         492           58
         494           11
         497           65
         498           15
         499         1632
         500         1845
         501         3622
         502          257
         503          493
         504          329
         505         1061
         507           24
         509         3516
         510            8
         511         1216
         512         4445
         513         2299
         515          381
         516         1511
         517            2
         518            1
         519          397
         520         2890
         521         2215
         523         4776
         524          900
         525          548
         526         1682
         528          629
         529          240
         531         2354
         532          505
         533          706
         536         3516
         537           26
         539           10
         540         4652
         541         6229
         542         1145
         543          312
         545           93
         550           82
         551         3102
         554         2141
         556         1141
         558         1988
         560          211
         562         3689
         564         1102
         565          135
         566          592
         567         2294
         569           13
         570            7
         573         2846
         575         2707
         577          274
         578         1307
         580         2572
         581         2707
         583          684
         584          126
         586         3388
         588          732
         591         3381
         592           59
         595          633
         598          255
         600           12
         601          201
         602           79
         603         2502
         605          444
         606          361
         607         2983
         608          211
         612         5530
         614          132
         615         1466
         616         3245
         617         5020
         618           38
         621            6
         622          324
         623         1109
         624          846
         625          217
         627           54
         628         2280
         629          784
         630          203
         631         3695
         632         4064
         633         1311
         634         4844
         635          516
         636            1
         637         2119
         639          210
         640           59
         641           29
         642          437
         643          552
         644         2692
         646         3229
         647         3682
         648         2608
         649          516
         651          133
         652         4071
         654         5119
         656          826
         657         3544
         658           28
         660         2147
         661          998
         663         1065
         664           42
         666          817
         667          526
         670         4017
         672         5201
         673          142
         674          196
         676          353
         677          249
         678         4017
         680           37
         681           63
         686           76
         687         3945
         688           37
         689           46
         691           29
         692           92
         695         1958
         696            2
         697         4615
         698         3551
         702           73
         703         1465
         704         3454
         705         4282
         706          395
         707         1419
         711         1189
         712          275
         714          882
         715         2649
         716          158
         719         4125
         720           10
         721          299
         722         1118
         723         4521
         724          798
         725          846
         726          138
         728          808
         730         3696
         731          165
         735         2158
         736            8
         737          459
         740         2081
         741         1092
         745          393
         750         2521
         752         2726
         753          177
         754           76
         755          181
         756         6259
         757          102
         759         1117
         760         3231
         761         1330
         762         1092
         764         2080
         768         1155
         769          534
         770           22
         771          299
         773         2436
         777           32
         778         2627
         780         3834
         781          579
         784           16
         785          518
         789         2575
         791         1078
         794         1815
         795         1940
         796         2766
         799          106
         802         1658
         803         1515
         804          142
         805         3283
         807          898
         808           57
         809          480
         813           58
         814          332
         815          510
         816           13
         817         2212
         818         6784
         819          316
         822         1530
         825         2597
         826          997
         827         2663
         829          202
         831         2521
         833         1097
         834         2411
         835         1158
         836           86
         837         3813
         840         4214
         841           18
         842         1216
         844         2582
         846          401
         848         4054
         850         4064
         853          112
         855          416
         856         1678
         857          186
         859           90
         862           21
         864          331
         865          252
         868         2354
         870          755
         871          966
         872         2512
         874         3554
         875         2752
         876         2212
         877          106
         879         3724
         881           10
         883          627
         884          231
         889         1747
         890         1485
         892          201
         894         3678
         895         5297
         897          255
         900         4445
         903          292
         904         2490
         905           12
         907          434
         908         3289
         909         5889
         910         3741
         916          159
         917          571
         920          492
         921          664
         922         2105
         923            3
         927         2111
         928         2216
         929           42
         930         2388
         931          211
         934         5652
         935         2692
         936          437
         937          941
         939          299
         941          146
         943          209
         944          242
         947          186
         948           15
         951           22
         952          177
         956          189
         959         4623
         960         2460
         961          217
         962          987
         964         2354
         971         2364
         972         4543
         973          355
         974           94
         975          485
         976          855
         977         2266
         978         1845
         979         6054
         981          487
         982           58
         983          337
         984          274
         985         3526
         987         3755
         991         3396
         992          420
         993         1502
         994           27
         996         2193
         997          196
         998         3545
        1000         2994
        1001          239
        1003           21
        1004          217
        1006           12
        1007           15
        1011         2453
        1013          362
        1014          498
        1015           80
        1016           23
        1022         3741
        1023          729
        1024         1535
        1025         1061
        1026         2853
        1027         1708
        1031          898
        1032          689
        1033         1512
        1036          790
        1037         1505
        1038         1663
        1039          527
        1042          898
        1043            6
        1044          254
        1045          159
        1046         1155
        1047          846
        1048          669
        1050         3011
        1051         2085
        1059           16
        1061          337
        1062          826
        1065         1496
        1066         4560
        1067         5587
        1068           76
        1071         4275
        1074          223
        1075          285
        1076          311
        1077           33
        1078          637
        1079           66
        1080         1829
        1082          126
        1083          778
        1086         1378
        1087          119
        1088          704
        1090          130
        1091         1259
        1094         5227
        1096            1
        1097          442
        1098          134
        1100         2367
        1101          576
        1102         2024
        1103         2848
        1104          104
        1105         1786
        1106         1929
        1107          434
        1108          397
        1109          126
        1111         1473
        1114          568
        1117         2759
        1118          206
        1119         1790
        1120         3214
        1123          105
        1126           95
        1127          524
        1128          110
        1129          858
        1130           71
        1134          250
        1135          477
        1142            1
        1144           61
        1146            9
        1147         2791
        1148          199
        1153          823
        1154         4297
        1158          697
        1159          826
        1160         2917
        1167          889
        1169          209
        1170           28
        1175         2238
        1176         1807
        1178          474
        1181          171
        1182         1599
        1183         5010
        1185           74
        1187           59
        1189          985
        1193         2494
        1194         2766
        1195          637
        1196         3771
        1199           37
        1200         1789
        1201         1945
        1202         1861
        1204          106
        1206          405
        1210           59
        1213          737
        1217            8
        1218         1187
        1220            9
        1223         2361
        1225          181
        1232         3783
        1233           92
        1236         3837
        1237         1020
        1238         2179
        1240         5579
        1244          469
        1245         1283
        1248          571
        1249            1
        1250          889
        1251          868
        1253         2615
        1258           31
        1260         1182
        1262         2321
        1263         1772
        1264         2031
        1265          688
        1269         1578
        1270         2437
        1272           38
        1273         2486
        1279          425
        1284         5775
        1286          178
        1287         1871
        1288           37
        1294         2292
        1295         2386
        1296          591
        1297          137
        1298          179
        1300          316
        1301         2028
        1304         4107
        1305          888
        1306          998
        1308          882
        1310          679
        1311          387
        1313          478
        1315          353
        1320         2998
        1327         1291
        1330         1126
        1337           59
        1345         1292
        1348          102
        1349          160
        1356         1485
        1357         5221
        1359          808
        1360          795
        1365            3
        1366          156
        1370          474
        1371          562
        1374            4
        1378          204
        1379         2775
        1382          181
        1383          130
        1386         2884
        1387          413
        1388           31
        1392          737
        1395         1843
        1397         6598
        1398         4483
        1403           80
        1406          736
        1407         3578
        1411         1703
        1412           23
        1413         2166
        1417          803
        1418          102
        1420         2119
        1423          194
        1425          105
        1430           40
        1432          209
        1434           86
        1435          434
        1443          106
        1445         1068
        1446         2394
        1448          217
        1449         1437
        1452         1343
        1454          232
        1455          678
        1459          106
        1460          578
        1461          107
        1462         2191
        1463           79
        1474          216
        1478          518
        1481         2427
        1482           16
        1483         1286
        1484         1610
        1485         3695
        1486            6
        1487         2511
        1491         3946
        1492          470
        1493          416
        1494           62
        1500           43
        1503         1903
        1506           83
        1507           27
        1511           37
        1516         2377
        1519         2960
        1520         6193
        1521         3164
        1524          162
        1525          428
        1526          135
        1530           41
        1531           44
        1532           67
        1536          178
        1537         1860
        1540         3384
        1541           93
        1542          244
        1546         6136
        1550          628
        1551          156
        1553          326
        1559         4478
        1561         1027
        1564         2829
        1566           31
        1569          201
        1572         1095
        1573           20
        1574          559
        1575          526
        1576          688
        1578         3696
        1579         3283
        1581          692
        1582         3386
        1587         3016
        1590           10
        1593           54
        1595          831
        1596         4960
        1597         1256
        1604         3772
        1608          469
        1609         1482
        1611         1548
        1612         2930
        1614          615
        1615         1698
        1618           13
        1620          133
        1623           37
        1624           18
        1625          273
        1626          898
        1634          232
        1635         2766
        1638           19
        1639            1
        1640           13
        1642          509
        1643          741
        1646           15
        1653           34
        1654          736
        1658           47
        1661         2111
        1662          107
        1670         1283
        1671          624
        1673           52
        1675           16
        1676           73
        1679         1225
        1686          637
        1687          561
        1688          527
        1691         1033
        1694         2013
        1695         1078
        1697          295
        1699          295
        1700         2154
        1701         3283
        1703          337
        1705         2112
        1707         4326
        1717           94
        1718          400
        1721           32
        1725          510
        1726          460
        1727         5356
        1738           53
        1740         4381
        1743           76
        1744          417
        1745          527
        1746          252
        1748           21
        1749          460
        1750            2
        1756           96
        1759          598
        1760           69
        1762           84
        1764          915
        1766          204
        1767         2326
        1771         2141
        1773         1944
        1775         4800
        1778          425
        1786         1438
        1791          275
        1792          273
        1796         4335
        1798         2111
        1799          121
        1800         3649
        1802          312
        1807         5157
        1810         3548
        1812           25
        1813         1735
        1814           28
        1816         4430
        1818         4283
        1824           56
        1826           34
        1827          981
        1828         1168
        1837         2282
        1838          524
        1840         2084
        1841         4126
        1842         1620
        1848         4658
        1849         3481
        1855            2
        1856            9
        1862         1795
        1865         1384
        1866           29
        1867          203
        1871         2787
        1872         5612
        1874          525
        1876         2282
        1878          241
        1879         1509
        1882          139
        1888          954
        1889         2146
        1890           47
        1891          516
        1893          328
        1895         1531
        1903          645
        1904         2121
        1909          162
        1912         1240
        1915           88
        1920          386
        1923         2970
        1925         3386
        1927          688
        1929           49
        1931         3855
        1932           24
        1933         3624
        1937          669
        1938          510
        1943         1963
        1947         4064
        1952         1632
        1953          252
        1956          118
        1957          286
        1963         3639
        1964           12
        1967          628
        1968         5963
        1969           16
        1971         3884
        1974          277
        1978         2481
        1979           47
        1984         3040
        1986         2140
        1992         2131
        1995          211
        1997         2621
        1999         2101
        2005         2859
        2006          181
        2008         4259
        2009         4182
        2011         3827
        2012          121
        2014           26
        2015           31
        2016          274
        2018            7
        2025         2038
        2027          108
        2031          250
        2032          126
        2045          551
        2046         1234
        2047          310
        2049          289
        2052          527
        2054         3430
        2078          343
        2087           86
        2088         2394
        2095           95
        2099          170
        2101           37
        2103         5004
        2105          425
        2106          677
        2112         1945
        2116            2
        2117           78
        2119            3
        2122           52
        2123          149
        2127          267
        2130         1020
        2131            6
        2137          375
        2138          649
        2139            1
        2140           95
        2142         1037
        2143          615
        2147          168
        2149         2854
        2159          884
        2160         2698
        2161         2012
        2162         2341
        2164           28
        2170         3432
        2172          182
        2173            0
        2178            6
        2179           58
        2183           13
        2187          489
        2191          846
        2192          163
        2193           10
        2194         1703
        2199           71
        2202         3894
        2203            2
        2206          730
        2208           28
        2213         4171
        2217          182
        2221          405
        2222         1259
        2225         5144
        2227         1714
        2229          144
        2234         1567
        2235          185
        2237           59
        2243         1518
        2246          791
        2247         4648
        2251           95
        2256          255
        2257           37
        2260         5322
        2261          171
        2263         4850
        2264         1575
        2266         6167
        2269           21
        2270           14
        2271           38
        2274          652
        2275         1165
        2278          133
        2281          730
        2282         1595
        2283           29
        2290         1086
        2293          141
        2294          163
        2295         2388
        2296          462
        2298          106
        2300          998
        2301         1795
        2303         5498
        2306          156
        2309         6323
        2312         1963
        2316         1599
        2318          777
        2319           79
        2320          653
        2321           13
        2322            3
        2323         3934
        2326         3324
        2328         1912
        2329          179
        2330         1599
        2340         1167
        2341         6058
        2348            3
        2349          669
        2353          342
        2355          401
        2362          587
        2363           86
        2369         2293
        2372         2713
        2373          664
        2375         1230
        2377         2539
        2379          759
        2382          430
        2383         1047
        2384          754
        2386         2371
        2388         2437
        2390         4458
        2391          335
        2392          592
        2393          148
        2395         1294
        2396          988
        2397            8
        2401          473
        2403         5526
        2405           42
        2407          994
        2408          637
        2413         2864
        2414          308
        2419          323
        2428         4765
        2429          215
        2430         1195
        2436          178
        2437           79
        2439           34
        2443           92
        2449            1
        2450         5262
        2453         1860
        2454          511
        2457            3
        2458         3357
        2460          104
        2463          161
        2471          209
        2472          649
        2477         5020
        2484         2717
        2487          240
        2489         2734
        2495         6626
        2504          493
        2506           12
        2508          181
        2518          156
        2524          397
        2525           21
        2526           32
        2527           79
        2528          211
        2531         1329
        2532           16
        2536          807
        2538          515
        2542           57
        2549         1860
        2550          988
        2553          107
        2556          308
        2558         1352
        2560         1512
        2563            0
        2565         4016
        2568          489
        2569          189
        2571         4251
        2584         1500
        2585          182
        2586          104
        2591         1092
        2594          125
        2596           32
        2597          224
        2606            3
        2607         2368
        2609            1
        2610          141
        2612         2598
        2613         2215
        2614          157
        2619          105
        2621           43
        2622          706
        2623         1037
        2625         1129
        2626          591
        2627         4930
        2629         1209
        2634          397
        2636          671
        2637         1196
        2638          401
        2639          148
        2644          529
        2645          242
        2649         1651
        2653           24
        2655          858
        2656         1850
        2660           64
        2662         2945
        2664         3199
        2665           89
        2666          702
        2669         3886
        2671           82
        2672           37
        2675          145
        2677          425
        2678           37
        2682          346
        2683          208
        2685            6
        2687           14
        2688           67
        2689            5
        2697         1882
        2698          282
        2699         4981
        2709         2651
        2711         1660
        2713           54
        2717         2539
        2723         1223
        2729         1898
        2733           10
        2741          392
        2748          900
        2752         1678
        2757         1860
        2759         1389
        2762           28
        2763         2125
        2764           97
        2767            0
        2774          312
        2777         3246
        2780          274
        2781         4808
        2782            2
        2784            0
        2785         4101
        2787            0
        2790          264
        2796          462
        2797         2238
        2799            0
        2800            0
        2801         1135
        2804         1113
        2805          161
        2811         1488
        2813          252
        2815          179
        2817          557
        2818         2978
        2819          181
        2825         4214
        2828         4249
        2830         5672
        2836         1548
        2843         4105
        2844          252
        2845         2733
        2853         2444
        2854          369
        2861           86
        2862          436
        2865          964
        2866           52
        2867          149
        2868           13
        2872          579
        2876         1162
        2881         2984
        2885          231
        2889          833
        2891         1042
        2892         1122
        2897            8
        2898         5939
        2901           53
        2908          355
        2911          126
        2912           84
        2913         1296
        2917          661
        2918          818
        2923         5002
        2936          462
        2940           39
        2944          670
        2955           42
        2962          299
        2974           67
        2979           21
        2980            7
        2983           79
        2988         2240
        2991          165
        2997           57
        3001          462
        3008           29
        3014          484
        3018          315
        3020         1590
        3025           88
        3027          210
        3031          270
        3036          274
        3040          420
        3043         3688
        3045           51
        3050           23
        3052          827
        3053         3172
        3063            3
        3064          706
        3065          144
        3071         4020
        3080         1121
        3084            0
        3086          525
        3088          711
        3090           46
        3093          133
        3094           95
        3095         2752
        3096          870
        3098          997
        3099         1121
        3100         4245
        3101          968
        3106          181
        3122           57
        3125          119
        3129          525
        3132          323
        3134          592
        3135         1092
        3142         3165
        3143           15
        3148            0
        3153           76
        3157           57
        3171         2615
        3182          961
        3185            3
        3187          311
        3193          465
        3196         3876
        3199         1845
        3202          485
        3204           47
        3205           23
        3207         3169
        3209           10
        3216          130
        3219            1
        3221         1019
        3227         1262
        3229           11
        3230            0
        3233          241
        3234            4
        3235         1973
        3238           30
        3241         4313
        3242         3026
        3243         1071
        3245          106
        3247          171
        3249         1749
        3252          818
        3266         1844
        3270         1720
        3271          392
        3273           49
        3279          154
        3292          316
        3295         1824
        3296           84
        3303          615
        3305           40
        3309          230
        3312          324
        3313         1785
        3315           37
        3316            4
        3323         1097
        3328           13
        3337            2
        3339         3391
        3345         3445
        3346         1307
        3348          155
        3349          552
        3354         4960
        3356          189
        3357          201
        3359           29
        3362          351
        3365          166
        3368          170
        3369          410
        3370          292
        3376          999
        3382           52
        3384          831
        3386          744
        3387          290
        3390           24
        3393          135
        3404            0
        3407          346
        3414          155
        3416           25
        3418          211
        3425            0
        3426         1037
        3427         3701
        3434            0
        3438         2206
        3443         1292
        3444            3
        3462           29
        3467          107
        3473         1008
        3476          162
        3482         3279
        3485           29
        3492         1013
        3498           10
        3502         1352
        3503         2042
        3504            1
        3506         1938
        3507         1500
        3508           22
        3510          230
        3513         4984
        3514         1230
        3517         1495
        3521           34
        3522         1816
        3523          204
        3524         1999
        3525           92
        3529          558
        3533         1756
        3538         5116
        3540          178
        3541          670
        3546         3399
        3554         4467
        3561         3876
        3567           86
        3571         1735
        3574          104
        3576          156
        3579           84
        3583         1019
        3588          792
        3591           81
        3593         2427
        3595           74
        3596           15
        3601            0
        3604          102
        3609          249
        3620           62
        3628          165
        3630           28
        3637         5616
        3639            0
        3644          660
        3647          346
        3649           62
        3650         2573
        3655           67
        3656         4930
        3663           37
        3667         2079
        3670         3718
        3673          522
        3678          859
        3685          158
        3687           24
        3688          328
        3690         2541
        3693         2811
        3697           80
        3698           80
        3701           12
        3709          119
        3713          107
        3721            8
        3732          705
        3734          182
        3735          712
        3740         5587
        3748           74
        3749          320
        3759          497
        3760          386
        3763          665
        3766          580
        3772           28
        3781         2983
        3789           27
        3790          559
        3791         1698
        3805           29
        3810           37
        3811          331
        3812         3625
        3813         4808
        3816          781
        3818           90
        3822         3096
        3823          194
        3824          462
        3834         2586
        3837           13
        3838           43
        3839           84
        3840         2362
        3841          189
        3847         5393
        3851          664
        3860            1
        3861          246
        3862          182
        3863          780
        3870          186
        3873         4800
        3874         1294
        3883          127
        3902           46
        3917         1240
        3918         1176
        3925          335
        3933         3090
        3942         4005
        3949         3526
        3950          324
        3951           57
        3954            2
        3966         1286
        3967          239
        3969          179
        3970         4017
        3975          295
        3976          547
        3982          232
        3984         3593
        3986         4638
        3994          856
        3999         2394
        4002          437
        4008           88
        4015            0
        4017          172
        4024         1922
        4029         1019
        4035          385
        4037          728
        4044         1191
        4049           12
        4051           12
        4064           29
        4067           93
        4068          177
        4078          678
        4081           28
        4088          856
        4089          855
        4093          469
        4109         4808
        4114           63
        4116          182
        4119           31
        4128           37
        4137          145
        4141           56
        4144          186
        4151          521
        4154           46
        4162          122
        4168            0
        4173         1842
        4178         3279
        4186           11
        4193          181
        4196         5350
        4199           10
        4210          150
        4217          266
        4220           21
        4227          209
        4234         1118
        4237          793
        4245         4081
        4246         3754
        4247          385
        4250           38
        4253         3594
        4261           64
        4275          915
        4281         2427
        4282          132
        4293          535
        4296           19
        4300          106
        4304          124
        4307          319
        4316           67
        4326           23
        4329          102
        4333         5970
        4344         5518
        4346         1100
        4349          113
        4358         3553
        4371          272
        4380          309
        4383          346
        4385         6714
        4400          735
        4407           59
        4413           29
        4418         5086
        4426          633
        4433          184
        4434         1744
        4436           59
        4439          104
        4444          282
        4448           77
        4461          331
        4468           14
        4469         1027
        4470          316
        4487            2
        4496         2726
        4498          145
        4501          430
        4502         1274
        4514          316
        4524          310
        4528           93
        4535         1849
        4543           70
        4556          741
        4561          988
        4565          242
        4572         3536
        4585            4
        4590         1042
        4595           38
        4596            1
        4602           12
        4608         2769
        4618           12
        4619         6301
        4621          434
        4625         1100
        4632           21
        4639          324
        4648          211
        4656         2972
        4679           12
        4681          171
        4692         4040
        4696         3359
        4703         2930
        4716          535
        4722         1620
        4725           11
        4726           14
        4737         1165
        4746           69
        4764          183
        4768            6
        4769            7
        4780          327
        4785           36
        4791         2926
        4808          384
        4816          107
        4830         3062
        4833            8
        4834           38
        4840          272
        4843         2476
        4848          667
        4869         2533
        4884         1130
        4890           24
        4894         4188
        4919          812
        4921         2230
        4931         6602
        4937          791
        4941           79
        4955          316
        4959          324
        4965         1908
        4970           23
        4976          846
        4977          265
        4993         1799
        4997         1047
        5009           35
        5011           86
        5017           29
        5019          334
        5026          113
        5030            1
        5031         1006
        5046          785
        5047         1076
        5118         1735
        5124          465
        5134          142
        5156         1292
        5157           29
        5180          961
        5187          250
        5197            2
        5215           98
        5216         1348
        5236         1050
        5294           94
        5296          661
        5302          268
        5304           91
        5305         3192
        5333         2752
        5344         1007
        5349          121
        5351           44
        5376         2244
        5385           96
        5389          423
        5398          963
        5418         2224
        5428           80
        5432         2673
        5439          390
        5443           79
        5485            3
        5491         1630
        5504          216
        5505         1045
        5515            1
        5533          157
        5537          209
        5603           29
        5612         1739
        5669            0
        5687         2202
        5692         6696
        5702         1114
        5714          274
        5721            0
        5733           79
        5757           88
        5808          126
        5819          389
        5824         5239
        5831          233
        5838          152
        5843            4
        5850           63
        5878           35
        5882           34
        5884           22
        5887         7104
        5891         1086
        5897           11
        5905         1672
        5925          334
        5943           92
        5950         2477
        5982          236
        5985         3622
        5994          147
        5996          299
        6011         1262
        6015         5198
        6020         2312
        6041            9
        6082          815
        6135           79
        6142         2250
        6153         2255
        6165            1
        6169           91
        6204          847
        6240           47
        6310           23
        6321           12
        6338            0
        6365           63
        6367         1711
        6371         2550
        6392          250
        6434          216
        6446         1422
        6509         1117
        6553          962
        6558         3233
        6614          182
        6615            0
        6616         1114
        6617           51
        6619          233
        6623         2230
        6685         2750
        6712         3493
        6778          646
