# HaloID(1) HaloID(2)
           0            0
           1            1
           2            2
           3            3
           4            4
           5          276
           6            6
           7           75
           8            8
           9           96
          10            9
          11           11
          12         3065
          13           12
          14           66
          15          284
          16           15
          17            0
          18          132
          19           24
          20           18
          21          479
          22           21
          23           20
          24         1224
          25         2267
          26           25
          27           27
          28           26
          29          276
          30           31
          31         2977
          32          170
          33           35
          34           34
          35           24
          36          353
          37          113
          38          950
          39           39
          40          394
          41           43
          42           40
          43            0
          44           42
          45           44
          46           46
          47           29
          48           47
          49         4005
          50           49
          51          151
          52           57
          53           52
          54         2059
          55           55
          56          357
          57         5271
          58         4249
          59           58
          60           56
          61           59
          62         1124
          63         1024
          64           62
          65          543
          66           64
          67         1400
          68          279
          69          365
          70           69
          71           70
          72         2827
          73           72
          74          973
          75         6521
          76           45
          77         2899
          78           24
          79         3509
          80         7457
          81           26
          82            1
          83          825
          84          176
          85           82
          86          125
          87           86
          88         6234
          89           87
          90           24
          91           92
          92           83
          93           90
          94           93
          95           95
          96         5674
          97         2144
          98         1266
          99           98
         100         4116
         101           14
         102          100
         103          441
         104          103
         105          537
         106          104
         107         1873
         108         2116
         109          318
         110            5
         111          252
         112          110
         113         5040
         114          109
         115         1060
         116          239
         117         6685
         118          299
         119         6813
         120           66
         121         1161
         122          124
         123         2780
         124          137
         125         2877
         126          126
         127          127
         128          128
         129         2558
         130          130
         131         1456
         132            1
         133          107
         134          137
         135         5445
         136          738
         137          190
         138          139
         139         4224
         140         4662
         141          144
         142          140
         143          150
         144         2533
         145          147
         146          109
         147          189
         148         3006
         149          149
         150          848
         151          159
         152           50
         153         3329
         154           20
         155          153
         156         2901
         157          877
         158           17
         159          552
         160         2697
         161          184
         162         7136
         163         3649
         164         4313
         165          376
         166          115
         167         4704
         168           67
         169         1485
         170         1783
         171         2019
         172          491
         173          687
         174           36
         175         7529
         176           28
         177           28
         178         3181
         179         3682
         180           91
         181          600
         182          191
         183          636
         184          187
         185         2598
         186         3607
         187          270
         188          201
         189         3588
         190          199
         191          133
         192          198
         193         1616
         194         3045
         195          193
         196          127
         197          197
         198          192
         199          618
         200         3676
         201          304
         202          937
         203          202
         204          681
         205            0
         206           41
         207           24
         208         2047
         209           10
         210            1
         211          200
         212          862
         213         1121
         214         7747
         215          978
         216         1203
         217          216
         218         2406
         219           24
         220           40
         221         3484
         222         4362
         223          227
         224          224
         225         6079
         226         4190
         227          223
         228          229
         229         6840
         230          348
         231           56
         232         1003
         233         4805
         235         2156
         236         2434
         237         3030
         238          746
         239         3723
         240         3207
         241          554
         242          242
         243         2003
         244         5601
         245          247
         246          131
         247          250
         248          184
         249         5259
         250         1533
         251         6003
         252           61
         253          255
         254         4690
         255         1749
         256         5602
         257          256
         258         2476
         259          730
         260          265
         261         4923
         262         2648
         263          258
         265          628
         266           29
         267           77
         268         3927
         269          273
         270          672
         271          612
         272         7822
         273          671
         274          716
         275          734
         276         1164
         277          282
         278         4231
         279          280
         280          281
         281          278
         282         1499
         283         3740
         284          406
         285         1027
         287           10
         288         2246
         289         2888
         290          297
         291         1169
         292         7771
         293         6199
         294          283
         295          213
         296          131
         297          303
         298          302
         299         3075
         300           67
         301          291
         302         6827
         303          992
         304         1270
         305          941
         306          306
         307         1037
         308         1683
         309         2376
         310         2882
         311         4448
         312            2
         313          107
         314         3102
         315         5804
         316           99
         317           76
         318          553
         319          134
         320          276
         321          321
         322         3396
         323         1057
         324          469
         325         2463
         326          326
         327         1789
         328          132
         329         1257
         330          233
         331         1352
         332         1083
         333         1632
         334          917
         335           44
         336         1178
         337          166
         338          353
         339          343
         340           88
         341         3817
         342          378
         343          469
         344          351
         345         4343
         346         2102
         347          270
         348           54
         349          385
         350           61
         351          564
         352          881
         353          447
         354         3007
         355         2049
         356          354
         357           30
         358           24
         359          329
         360         2298
         361         3148
         362          601
         363          361
         364         5631
         365         3335
         366           35
         367          364
         368         5937
         369          530
         370          308
         371          954
         372          791
         373         1284
         374            5
         375         4635
         376         1010
         377          382
         378          378
         379          135
         380          693
         381         4052
         382         1832
         383          778
         384          391
         385         3043
         386           80
         387          825
         388          396
         389         2639
         390         4615
         391          407
         392         1875
         394         2209
         395         1468
         396         1617
         397         1902
         398           88
         399         1633
         400          531
         401         8047
         402         4042
         403         5674
         404          405
         405         2227
         406          458
         407         1696
         408          810
         409         3722
         410           33
         411          274
         412          347
         413           63
         414         1168
         415         1389
         416         6032
         417         2568
         418         1440
         419         4725
         420         4320
         422           88
         423          427
         424          685
         425          430
         426          344
         427            5
         428         5569
         429          480
         430         1733
         432         3912
         433          452
         434         2258
         435          106
         436           43
         437           88
         438         4541
         439            8
         440           51
         441          448
         443          238
         444         1400
         445           67
         446          435
         447         7285
         448           83
         449           19
         450         6759
         451         4686
         452          465
         453         5154
         454         5470
         455         1512
         456         4431
         457          722
         458         1849
         460          463
         461           17
         462           85
         463         4878
         464          309
         465         1551
         466          507
         467         5459
         468          137
         469           28
         470          757
         471           24
         472         2615
         473          864
         474           42
         475          515
         476         3650
         477          101
         478          827
         479          494
         480           37
         481          496
         482           34
         483         2300
         484         1656
         485          495
         486          505
         487          498
         488         1459
         489         1785
         490          141
         491          500
         492           24
         493         6604
         494         7826
         495         2237
         496          398
         497           54
         498         4088
         499         5799
         500           76
         501            7
         502          519
         503         7402
         504           37
         505         2107
         506          959
         508          353
         509           65
         510           87
         511         1667
         512           56
         513         4243
         514         5860
         515         2952
         517         7270
         518         5375
         519           53
         520         3382
         521          522
         522          157
         523         3055
         524         1081
         525         5830
         526          904
         527            0
         528          823
         529          568
         531            3
         532         1264
         533           65
         534          114
         535         1490
         536         1267
         537          125
         538          290
         539         1367
         540         1343
         541          558
         542          493
         543          172
         544          176
         545         3427
         547          450
         549          319
         550          185
         551          773
         552           54
         553         2226
         554           72
         555          557
         557         1042
         558          379
         559         1281
         560          362
         561         1176
         562           54
         563          426
         564          684
         565           24
         566          184
         567          309
         568          358
         569          352
         570          538
         571         2134
         572          572
         573          521
         574          462
         575          582
         576         5876
         577          575
         578         2346
         579         7539
         580          862
         581          153
         582           10
         583         3236
         584         2868
         585          124
         586         3821
         587          593
         588         5302
         589           74
         590           54
         591         4906
         592          270
         593         8020
         594         7469
         595         3093
         596         2674
         597         2779
         598         2918
         599          129
         600          451
         601         1430
         602          164
         603           91
         604         2938
         605           18
         606          688
         607            1
         609          380
         611          611
         612          620
         613         1526
         614         2113
         616           10
         617          621
         618         6000
         619         3014
         620           85
         621           24
         622          473
         623          181
         624          584
         627          695
         628          446
         629         3293
         630          146
         631         4216
         632            6
         633           91
         634           27
         635         1978
         636          619
         637          637
         639          192
         640         7454
         641            6
         642         6271
         643          598
         644         2841
         645         4285
         646          233
         647          676
         648          179
         649         3147
         651          271
         652           94
         653          355
         655          647
         656         7981
         657            9
         658          145
         659          475
         660           29
         661         5731
         662           24
         663          690
         664         2605
         665         1258
         666          657
         667            0
         668         4789
         669            9
         670         1425
         671          312
         672          667
         673          665
         674          260
         675          243
         676         5469
         677          359
         678         1186
         679         2368
         680          585
         682         3373
         683         3315
         684           10
         685          682
         686         4734
         687          686
         688          606
         689         3122
         690           29
         691         1261
         692          656
         693          703
         694          698
         695          109
         696         1756
         697          372
         698         4961
         699          701
         700         3918
         701           24
         702         2724
         704          111
         706          702
         707           94
         708         3730
         709         4945
         710          146
         711         7041
         713         8008
         715          192
         716         7358
         717         2294
         718         4628
         719         2792
         720          723
         721         6616
         722         4590
         723          713
         724          697
         725          380
         726           18
         727          219
         728          373
         729         2529
         730         8016
         731          728
         732         1223
         733         4122
         734         1124
         736            7
         737          740
         738         7094
         739         4322
         740          703
         743          776
         744          987
         746          777
         747          752
         748         2856
         749         6137
         750           18
         751          765
         752         2069
         755           54
         756         2526
         758         6411
         759          517
         760         2243
         761         4909
         762         1740
         763          522
         765          774
         766         4379
         767         2300
         768          498
         769         1266
         770         4804
         771          344
         772           67
         773          570
         774          111
         776         2834
         778           85
         779          776
         780         6895
         781         1104
         782           88
         783         2403
         784           37
         785         1860
         786         1935
         787           67
         788          751
         789           57
         790           32
         791         2514
         792           66
         793          102
         794           34
         795          551
         796         3980
         797          388
         798         1706
         799           40
         800          601
         801         6313
         802         3288
         803         2653
         804          134
         805         4242
         806          917
         807         2106
         808           10
         809           28
         810          126
         811         5179
         812          812
         813          856
         814          833
         815         5749
         816          390
         817          242
         818            0
         821         1182
         822           88
         823         6448
         824         1452
         825         6448
         826           32
         827          257
         828         1605
         829           24
         830          118
         831         7143
         832          179
         833         1126
         834           99
         835         2419
         836           65
         837           17
         838          242
         839         4152
         840          421
         841          826
         843           78
         844         2217
         845         7409
         846          286
         847          159
         848          835
         853          422
         854           10
         855           96
         856           96
         857         3001
         858         1558
         859          583
         860           54
         861          541
         862         2789
         863          960
         864          804
         865          895
         866           57
         867          200
         868          180
         869          429
         871          303
         872          360
         873         2171
         874         1530
         875          871
         877           32
         878         1296
         879         2637
         880           38
         881          977
         882         6793
         883         6824
         884          158
         885         4159
         886         5137
         887         1573
         888          965
         889         1525
         891         1534
         892          347
         894            1
         895          401
         896         4583
         897         5207
         898           78
         899         2873
         901         1366
         902          779
         903           58
         904         2663
         905         1466
         906          952
         909          338
         910          912
         911          269
         912            9
         913         2104
         914           94
         915         4191
         917         5382
         918         5875
         919          229
         920           24
         921         3016
         922          892
         923          939
         924          275
         925          184
         927           40
         928          563
         929            4
         930         3363
         931         5439
         935         5562
         936          192
         937         1373
         940          915
         941          952
         942         4343
         944          955
         945         8056
         946         3919
         947         3538
         948          219
         949         5608
         950         2618
         951           26
         953          967
         954         3509
         955          944
         956         2525
         957            0
         958          166
         960         6929
         962          947
         963          577
         964         2006
         965            2
         967          192
         968         2445
         969         1001
         970         4674
         971          250
         972          239
         973         2293
         974          795
         975           24
         976         3939
         977         1524
         978           61
         981          950
         982         4915
         983          629
         984          394
         987          253
         988         3249
         990         1930
         991          292
         992         7156
         993         3294
         994         3969
         995           16
         997         6022
         998          985
         999           28
        1001         1108
        1003          994
        1005           94
        1006         7243
        1007         2743
        1008          433
        1010          921
        1011         1247
        1013          195
        1014          175
        1015          999
        1016          173
        1018          447
        1019          198
        1020          278
        1021          102
        1022         2450
        1023          526
        1024           37
        1026         1013
        1027          550
        1028           94
        1029         4376
        1030            8
        1031          190
        1034          560
        1035         1031
        1036          244
        1037         1023
        1038          671
        1039         1025
        1040         4968
        1041         2750
        1042         1695
        1043          497
        1044         4458
        1045         1355
        1046         2143
        1048         2761
        1049          212
        1050          353
        1052           12
        1053         4969
        1056          254
        1057         1347
        1058         4338
        1059          341
        1061         2734
        1062          290
        1063         1783
        1064           55
        1065          223
        1066           68
        1068         1725
        1069         1169
        1071         2134
        1072         1057
        1073         2660
        1077         4265
        1078          335
        1079         2895
        1080          286
        1081          105
        1083         1529
        1084         7881
        1085           18
        1087         1265
        1088         2812
        1089         1426
        1090           40
        1091          660
        1092         1079
        1093          125
        1095         3952
        1096           30
        1097         1382
        1098         1556
        1099          915
        1100          383
        1101           27
        1102          100
        1103           58
        1104         2574
        1105          148
        1106          152
        1107           48
        1109          483
        1110           11
        1111         1089
        1112          803
        1113         3295
        1114         2100
        1117          307
        1118            1
        1119           51
        1120          308
        1121          365
        1122         1120
        1124          303
        1125         3849
        1127         1108
        1128         1112
        1129         1136
        1130         1458
        1131         1039
        1133         5618
        1134         4135
        1135          640
        1136          186
        1137          231
        1138         6545
        1139         1769
        1140         2013
        1141         2559
        1143          303
        1144         7452
        1147         7791
        1148         4527
        1149          142
        1150          553
        1151         1109
        1152          139
        1153          114
        1154         1117
        1155         4361
        1156         3100
        1157         1042
        1159         8089
        1162          400
        1163         6250
        1164         1151
        1166           37
        1169         4745
        1171         6605
        1172         2511
        1175         6049
        1176         1133
        1178         1483
        1179          235
        1180         1482
        1182          308
        1184         1608
        1187         4603
        1188         1162
        1190          179
        1191           78
        1192          307
        1195         2455
        1197         3491
        1199         7089
        1200         5626
        1201         1238
        1204            6
        1205         3104
        1206         5577
        1207         3004
        1208         4633
        1209          208
        1210          349
        1211          317
        1212         1200
        1213         2309
        1214         3842
        1215         5539
        1216         4476
        1218         1107
        1219         3385
        1221          279
        1223         3975
        1225          354
        1226         1321
        1227           78
        1228         2455
        1230         1204
        1231          197
        1232          551
        1233         2629
        1234           61
        1236          956
        1237         2578
        1238         2342
        1241            0
        1242          248
        1243           74
        1244          537
        1246         3877
        1247          524
        1249         5904
        1251          203
        1252         2146
        1253         4631
        1254         1205
        1255         3644
        1256         3246
        1257           35
        1258           29
        1259         4813
        1261          691
        1262         4626
        1263         1317
        1264         1065
        1265         3628
        1266           57
        1267         7222
        1268         4412
        1270         6419
        1271         2205
        1272         1480
        1273         1260
        1278         4021
        1279         1213
        1280         1684
        1281          196
        1283         1237
        1284         4889
        1285          278
        1286           39
        1287         3910
        1289         1118
        1291           63
        1294           37
        1296         1325
        1297            5
        1298           94
        1299          106
        1301          331
        1303           21
        1304           13
        1307            0
        1309         1356
        1310           67
        1311          544
        1312          486
        1313         4521
        1316         2763
        1317         2414
        1318            0
        1319         2059
        1320           29
        1321         2669
        1322           64
        1323         1973
        1324         2526
        1325         1344
        1328         1573
        1329         1325
        1331         1981
        1332           15
        1333           54
        1334         6803
        1335         1572
        1338           57
        1339         3879
        1340          866
        1341         1656
        1342         3624
        1343         2410
        1345          309
        1346           34
        1347          107
        1348         4746
        1349         1347
        1350          808
        1351         2680
        1352         6612
        1353          446
        1355          443
        1356           18
        1357         2507
        1358         1439
        1359         3753
        1361          190
        1362          557
        1363          223
        1366         5513
        1367         2684
        1368         1106
        1369         3690
        1370         1391
        1372         3334
        1373           49
        1376         1386
        1377           49
        1378          216
        1379         1324
        1381         2158
        1382         3264
        1383          784
        1384         1368
        1385          149
        1386         1959
        1387          510
        1389         1627
        1390           40
        1392          223
        1393         3267
        1396         4872
        1397          261
        1398         1334
        1401          128
        1403         2130
        1405          122
        1406           89
        1408          218
        1409          371
        1410          424
        1411         1401
        1413         1370
        1415          813
        1417           17
        1418         1427
        1419         2947
        1421         3146
        1422         1405
        1423         5857
        1424         5687
        1425            9
        1426         1318
        1427         1424
        1429          281
        1430          237
        1431         1406
        1432           64
        1433          120
        1434         1724
        1435         7107
        1436         6562
        1437         3080
        1439          281
        1443         1269
        1444         1428
        1445            0
        1446         2299
        1447           37
        1450         3290
        1451           24
        1452         3883
        1453           37
        1455         1729
        1458         7884
        1459         7269
        1460         2363
        1462         7816
        1463          150
        1465         5813
        1466          354
        1467          155
        1468          478
        1470         7631
        1472          110
        1473          541
        1474           11
        1475           13
        1476         5435
        1477            5
        1480         1432
        1481           73
        1482          276
        1484          315
        1487          661
        1488          131
        1489           16
        1490         5966
        1492          839
        1494         1207
        1495         2412
        1497         3483
        1499         7439
        1500         6859
        1501          306
        1502          473
        1503         1507
        1505          107
        1507            2
        1508           71
        1512         2970
        1513         2888
        1515          196
        1516         7292
        1517         2288
        1518         1119
        1519          719
        1521           91
        1523         1664
        1524         2374
        1525         2612
        1527         1640
        1531         1896
        1532         1646
        1534          388
        1537          967
        1540         5546
        1541          895
        1542          269
        1543         1632
        1545          159
        1546         7206
        1547         2100
        1548            0
        1550          193
        1551         6412
        1553           20
        1554         2128
        1555         2660
        1556         2517
        1558           33
        1559         2144
        1560         1741
        1564         1060
        1565         4119
        1568          841
        1569           28
        1570          230
        1572           29
        1575         2459
        1576         1572
        1577         1527
        1578          512
        1579           39
        1580         5499
        1581          163
        1582          695
        1583         5657
        1584          225
        1586           91
        1587         1566
        1589         4245
        1590            9
        1594         1486
        1597          715
        1598          397
        1599           58
        1600           94
        1603         1602
        1605           60
        1607         4988
        1609          833
        1610          113
        1611         1570
        1613          186
        1616         1471
        1617         1617
        1618         7688
        1619         2375
        1620         4423
        1623          665
        1624          305
        1625         4188
        1629         2180
        1632         3454
        1633         1378
        1635         6701
        1638          960
        1639         1523
        1641          171
        1642         7429
        1643         3459
        1645          312
        1647         7263
        1650         6694
        1651         2441
        1653          368
        1655           85
        1656         1640
        1657         1025
        1658         1338
        1660            0
        1661         1659
        1662         1276
        1665         6530
        1666          107
        1669         4158
        1670         3511
        1671          634
        1673          735
        1674          393
        1677         1668
        1678         3936
        1680         3228
        1683           19
        1684            5
        1685         1227
        1686          385
        1688         7354
        1689           94
        1690         2896
        1692         6015
        1693         3120
        1694         1759
        1696         3261
        1697          574
        1698         6482
        1703         1248
        1705          336
        1707         2191
        1709         1274
        1711         3555
        1712          330
        1713         7176
        1720         2445
        1722         1708
        1723          195
        1726         2085
        1729         3022
        1730           10
        1732         1716
        1733          104
        1734         1689
        1736         1691
        1737          710
        1738         3651
        1739          759
        1740          187
        1741          429
        1742          747
        1744          376
        1745         1808
        1746         3553
        1748         1953
        1749         1624
        1751         4333
        1753          144
        1754         7915
        1758         3464
        1759         1704
        1760          202
        1761            0
        1762          739
        1764         3487
        1765         4156
        1766         2711
        1767         5882
        1772           10
        1774            3
        1776           33
        1777          208
        1778         7464
        1781         2017
        1782          212
        1783         1457
        1784          111
        1786           53
        1789         1917
        1791          112
        1792          454
        1793         6509
        1794         1805
        1795         1135
        1796          702
        1797         1363
        1798         6240
        1799            4
        1801         1844
        1802         7912
        1807          456
        1808         1759
        1809         1863
        1811            4
        1812          198
        1814         2774
        1815          467
        1816          992
        1818         1804
        1819          283
        1820            0
        1821         1794
        1822         8072
        1823          257
        1824            4
        1826         2664
        1827         1775
        1831          986
        1832          379
        1833           28
        1836         1796
        1837           19
        1838            4
        1839           10
        1842           84
        1845         7868
        1846           32
        1847         3808
        1853          385
        1854           51
        1855         2655
        1857          895
        1858           76
        1859          206
        1860         6598
        1862         7205
        1864         4013
        1866         1182
        1868         1781
        1870         1052
        1871         1997
        1872         2155
        1874         4949
        1875         1045
        1877         2397
        1879         4219
        1880         3400
        1883         1904
        1884         6288
        1886         3726
        1887          220
        1888          187
        1892          124
        1893         6385
        1894          310
        1899         4797
        1901         2378
        1902            2
        1903          333
        1905         2411
        1909         1882
        1910          685
        1911         1344
        1913          440
        1915           98
        1916         4676
        1917         1080
        1918         1354
        1919         1235
        1920         1765
        1921          626
        1922           19
        1923           96
        1924         1377
        1925          696
        1926          329
        1928            5
        1930         3797
        1931           18
        1932          365
        1933            9
        1934          144
        1936           28
        1937          392
        1938          446
        1939          631
        1940         1183
        1941           81
        1942         5107
        1944         6701
        1946         1327
        1950           24
        1951           35
        1952         3807
        1953         1938
        1954           26
        1955           28
        1957         3189
        1958          225
        1959         1923
        1962         1871
        1963           19
        1966         2847
        1968         3109
        1969           17
        1973          251
        1974         4234
        1977          939
        1978          135
        1979         1867
        1980           17
        1982         5832
        1986         1906
        1988           39
        1990            6
        1992         3797
        1994          195
        1995         6839
        1996          178
        1997         7096
        1998          540
        1999          205
        2001         1595
        2002           10
        2007         2007
        2010           88
        2011         3472
        2013          699
        2016         3172
        2017         2293
        2020          883
        2021          634
        2023          634
        2024          641
        2026          133
        2028         1002
        2029           10
        2031         1565
        2032          145
        2033           16
        2035         7809
        2036          286
        2039          552
        2041         2463
        2043          515
        2044          250
        2046         2017
        2047           50
        2048          375
        2049          135
        2051          339
        2055           91
        2061         4014
        2063         2188
        2065          243
        2066          198
        2068          382
        2069         5562
        2070           54
        2071         2282
        2072          135
        2075          116
        2076         5316
        2077          362
        2078         2516
        2079          650
        2082          181
        2083          379
        2084           51
        2085          149
        2087         5014
        2088           26
        2091          911
        2092            0
        2095          334
        2096         1391
        2098         7264
        2099         5385
        2100         4030
        2102         3165
        2103            0
        2104         1127
        2105         4017
        2106          925
        2108         3238
        2111         1807
        2112         6678
        2113         2586
        2115         6455
        2116          190
        2117          213
        2118          133
        2119           73
        2123         2113
        2126          355
        2129          150
        2136          501
        2138          393
        2139          174
        2140            8
        2141         1786
        2142          665
        2143         5579
        2144         1248
        2145         2108
        2146          417
        2147         2188
        2149         7248
        2150           61
        2153          144
        2154           58
        2155          428
        2156         1161
        2160         5883
        2162          355
        2163         3433
        2165           10
        2166           36
        2167         3852
        2169            5
        2170           24
        2173         6697
        2175            1
        2176         4352
        2181          228
        2182          741
        2183          474
        2184          692
        2186         5355
        2189         6889
        2190         1259
        2193         1564
        2194         2162
        2195         2156
        2196         2184
        2198         2113
        2199         1749
        2200          531
        2203         2302
        2204          149
        2208          182
        2209         2190
        2212         4000
        2216          392
        2217         1105
        2218          399
        2220         3743
        2221         5204
        2222         1165
        2223          912
        2224           48
        2225          798
        2226         1969
        2228         2986
        2229          935
        2233         1050
        2234         2200
        2236          511
        2238          208
        2240          581
        2241          201
        2242          169
        2246          893
        2249         2213
        2251            5
        2252         2239
        2254          166
        2255          667
        2259         6256
        2264         3221
        2267         3190
        2269          343
        2271           49
        2272            0
        2274         3717
        2275         2436
        2277         4482
        2278          435
        2279           24
        2280         1565
        2283         2291
        2285           59
        2286          100
        2287          624
        2290          124
        2291           44
        2294          744
        2295          487
        2296         2426
        2300           61
        2301          422
        2303         7169
        2304          404
        2305           10
        2306           54
        2307         2334
        2309         4666
        2311         7102
        2312          165
        2313         2176
        2314          904
        2315         5145
        2317            0
        2319         1533
        2320           73
        2321          386
        2325          688
        2329           57
        2330         6288
        2331           81
        2334          456
        2338            0
        2339         4287
        2341         2223
        2342         1868
        2344           64
        2346          954
        2349         2329
        2352         2321
        2353         4851
        2354            0
        2355         6756
        2356         4043
        2357            0
        2360         2229
        2361         2364
        2363         1794
        2364          537
        2367            4
        2369         2558
        2370         2351
        2377          863
        2378          400
        2383            9
        2384          289
        2386         6715
        2387          280
        2388         2994
        2389          135
        2390         1746
        2392          124
        2397         1182
        2399         2138
        2400         3855
        2401         7986
        2402         6798
        2405           43
        2406            0
        2407         1482
        2411         2009
        2413          413
        2414         2039
        2416          520
        2418           19
        2420          600
        2422            2
        2424          238
        2426          355
        2427          575
        2431         2977
        2434          181
        2436          142
        2438         2094
        2440          178
        2442         1569
        2448           39
        2450            0
        2454          566
        2456         4728
        2460         2111
        2461         3074
        2463         2898
        2465         3998
        2466         7953
        2468         2727
        2469           98
        2473         2525
        2475         3963
        2476         6390
        2479          503
        2483          191
        2484          312
        2486          699
        2490          381
        2494         4296
        2496         1725
        2498         1617
        2499            0
        2500         4732
        2501         2792
        2503           16
        2506         1575
        2507          769
        2510         7908
        2511         2952
        2513          216
        2517           10
        2518          927
        2521         5625
        2525            9
        2527          197
        2532           63
        2533          148
        2541         1723
        2544         2563
        2545         3246
        2546           61
        2547         1137
        2548          920
        2549         1485
        2550         1651
        2551         2506
        2555         1210
        2557         2585
        2559         5267
        2562          923
        2564           60
        2567          353
        2568         6382
        2569         1116
        2572         5232
        2574         1108
        2575         7491
        2577         1927
        2579          131
        2580           18
        2586           19
        2587          143
        2588          266
        2589          626
        2590         2055
        2591           73
        2594          223
        2597          331
        2601          724
        2602         1730
        2603         3597
        2604          330
        2606          288
        2609           49
        2611          397
        2612         3140
        2613           46
        2614          132
        2615         7763
        2619          711
        2620          233
        2621         6421
        2622          125
        2624            3
        2625          422
        2627          616
        2629         2557
        2630         1731
        2631         3330
        2632           36
        2633           19
        2635         3301
        2638          522
        2639           96
        2643         6074
        2644         3780
        2648          406
        2649         3290
        2651          451
        2652          288
        2653         6393
        2654          206
        2657         2186
        2659          957
        2660           79
        2661           34
        2662          497
        2664          240
        2667          187
        2671         2163
        2672         2024
        2674           11
        2675            5
        2676         2692
        2680         4702
        2683         7924
        2685         1938
        2686         3345
        2689          213
        2690          939
        2696         3484
        2699          603
        2703          407
        2708         1916
        2713          201
        2714         3695
        2716         1112
        2717         5553
        2719         6851
        2720           33
        2721           90
        2724         2723
        2726          119
        2729           11
        2730         1703
        2735          295
        2736          662
        2737          141
        2738          107
        2742         3817
        2743         4507
        2744          394
        2746         1405
        2747           54
        2748          272
        2751          165
        2753         1496
        2754         5973
        2755         6366
        2758         2253
        2759         5412
        2760          657
        2761          192
        2763         1367
        2764         4213
        2766           68
        2767         3113
        2768          755
        2770         2049
        2772         1080
        2773           76
        2774         3851
        2775           92
        2778          256
        2781          229
        2784         3369
        2787            0
        2791          362
        2793          269
        2798           10
        2800         2728
        2801         4241
        2803           71
        2806          588
        2807            5
        2809          853
        2810         1077
        2811          157
        2813         3285
        2814          855
        2819           76
        2822         6259
        2823         2391
        2825           28
        2828         4265
        2829          692
        2833          196
        2834            4
        2836         1086
        2837           10
        2839          183
        2840         3507
        2841         2801
        2842          394
        2846          295
        2849         1783
        2850         6786
        2852          104
        2853         2618
        2854          534
        2855         5807
        2856         3978
        2857         2033
        2860         2829
        2861         2859
        2864         4715
        2866         3575
        2871           44
        2872         1737
        2874         4827
        2877         3684
        2884         4236
        2885          552
        2886         1566
        2890           34
        2893         1130
        2894           37
        2895         1466
        2896          583
        2897          233
        2898         3075
        2899         2847
        2900         2912
        2901          101
        2904         2592
        2905          779
        2906         1608
        2907            4
        2911          636
        2913         4744
        2915          946
        2917         5832
        2918            5
        2919          478
        2923         2915
        2924         3311
        2925            1
        2926         2627
        2933          926
        2934           10
        2935         2926
        2936          127
        2940          144
        2942           54
        2947         1844
        2949          399
        2950            0
        2952          126
        2953            3
        2954           39
        2955         1564
        2958         2560
        2960          630
        2961          195
        2962          306
        2963         1927
        2965         5199
        2966         2297
        2973          167
        2975         2986
        2983         1073
        2986          777
        2987           18
        2988         2430
        2990         2790
        2991           14
        2992         3835
        2998          248
        3002           67
        3004          505
        3006         2663
        3008          134
        3010          213
        3011          133
        3012            4
        3014         4995
        3015         6801
        3016          265
        3018         2017
        3020         2233
        3021         3309
        3023         2973
        3024          115
        3025           86
        3029            5
        3030           40
        3031           14
        3033         4724
        3034         2921
        3035            7
        3036          904
        3040          897
        3041          161
        3042         1795
        3043          117
        3044           82
        3047          164
        3049          274
        3050          305
        3051         1149
        3053          409
        3054          382
        3055         1533
        3056         1217
        3057          146
        3059          348
        3062         2430
        3066         1501
        3067          515
        3069         1644
        3071          233
        3073         1883
        3076            2
        3078           97
        3079          878
        3080          268
        3085          310
        3086         1321
        3087          265
        3092         5670
        3095          555
        3103            3
        3104         2324
        3109          723
        3111         2006
        3117          202
        3118           44
        3120         6162
        3121           99
        3123         3046
        3124         1112
        3126          758
        3128         6609
        3131         1376
        3132           48
        3133         3350
        3137          452
        3139         3978
        3140         6308
        3142          383
        3143           67
        3144           28
        3147           63
        3149           99
        3152         6217
        3154         4551
        3156         4467
        3158         3402
        3159          199
        3160          428
        3163          140
        3165          242
        3166         3323
        3169         2223
        3170          713
        3171         1278
        3172          806
        3174          366
        3178          198
        3180          588
        3181          349
        3183         7661
        3184         3167
        3185          128
        3186           10
        3190         3276
        3193         5999
        3196          634
        3198         1956
        3200          896
        3201          104
        3205            0
        3207         1752
        3208         4169
        3210          476
        3213         3206
        3215          673
        3220         2456
        3223         1340
        3224         3426
        3235          194
        3237          155
        3239         4826
        3243         2872
        3245          123
        3246         1513
        3248          362
        3252           13
        3253          441
        3254          764
        3255         4178
        3260          245
        3262         2774
        3263            3
        3264           13
        3267          716
        3268          160
        3269          138
        3270          584
        3273         3454
        3275           32
        3276          113
        3277            2
        3278           24
        3280         1358
        3282          220
        3284          509
        3287          469
        3288           28
        3289           32
        3291           13
        3294          446
        3300         2804
        3301          992
        3307         3559
        3308         4833
        3309           28
        3310         3393
        3315           54
        3316         1119
        3317         1718
        3318         1373
        3320          403
        3325           91
        3326           15
        3327          307
        3328          278
        3332           53
        3333           21
        3334          320
        3335         1853
        3338         1232
        3340         1926
        3342         1247
        3343         4655
        3345          194
        3348         3903
        3350          332
        3357         3251
        3358          358
        3364          322
        3365           76
        3366         7152
        3369          258
        3374          237
        3375          271
        3380         5106
        3381         3537
        3382         2485
        3383           42
        3384          286
        3385            3
        3387          199
        3390            0
        3391          232
        3392         4290
        3394          509
        3395         1249
        3397          236
        3399         6933
        3400         3764
        3405           17
        3406           66
        3407           10
        3408         4120
        3409         1321
        3414         1343
        3415          252
        3416          699
        3417            0
        3419          933
        3420         5154
        3423         3171
        3427          741
        3428          142
        3430          272
        3431           55
        3432         1268
        3433           54
        3436          294
        3438           40
        3439          588
        3440          969
        3445          317
        3446         2154
        3447         3555
        3448           38
        3449          151
        3452          596
        3453         4120
        3454          100
        3455           53
        3459          833
        3460         2243
        3461         1009
        3462          146
        3463          640
        3467           82
        3468           57
        3469          126
        3475          101
        3476          619
        3478         5268
        3480         1037
        3488          302
        3499          317
        3500         1409
        3501         3158
        3502         2848
        3503          882
        3504         1923
        3511            1
        3518         7861
        3520         4915
        3524          117
        3526           74
        3528         1839
        3533         2227
        3534          329
        3538          426
        3540         3525
        3541          868
        3543          574
        3547          138
        3551          592
        3554           84
        3559           60
        3560          574
        3563         1027
        3569          150
        3572         6641
        3574           16
        3578          114
        3579          411
        3580          264
        3581         1683
        3582            5
        3583          282
        3584         1895
        3586         3348
        3587         3338
        3588         4065
        3591           19
        3592         6745
        3593         1025
        3594         3627
        3596         3526
        3598           75
        3600         3659
        3601          248
        3603          596
        3604          726
        3605            5
        3608          100
        3611          749
        3617         2005
        3619         3159
        3620          127
        3626            0
        3628           90
        3633            5
        3637           79
        3640          392
        3644          253
        3647          567
        3649          232
        3650          733
        3652         2333
        3654         2890
        3656          337
        3659         2764
        3660         1550
        3661         1127
        3662          273
        3664          505
        3665          907
        3666         3722
        3671         3630
        3678         3955
        3680           10
        3681           23
        3687          195
        3688         2025
        3690          429
        3694           53
        3696         3679
        3697          298
        3699         5499
        3705         2983
        3706         5194
        3707          196
        3714          138
        3716         5657
        3717         2441
        3720         2564
        3721          725
        3722            1
        3732          447
        3733         3627
        3734         3707
        3735          774
        3740           38
        3743          149
        3747         7636
        3748          329
        3749         1897
        3752         1257
        3753          249
        3755          195
        3757          222
        3759           62
        3761           13
        3762         4726
        3764          758
        3765           77
        3767          382
        3769          249
        3770           19
        3772          568
        3773          156
        3774          538
        3777           44
        3778         3571
        3781           38
        3789         1348
        3790           90
        3793         1463
        3794            1
        3795          851
        3796          647
        3797          358
        3803          766
        3804           62
        3808         1832
        3810         1155
        3811           22
        3812            1
        3814         1335
        3815          264
        3816         1366
        3817         4517
        3818         1797
        3819          148
        3820         2547
        3827          602
        3828         1106
        3829         1057
        3833         1591
        3835           54
        3836            9
        3837         1581
        3838         7855
        3839           10
        3840          895
        3843          333
        3844          488
        3845         5179
        3847           76
        3848          417
        3849         1216
        3854          251
        3857         4135
        3858          102
        3860         3156
        3864         3896
        3865           39
        3867          935
        3870           11
        3871           18
        3872          696
        3873         3137
        3875         1142
        3877           64
        3881         1333
        3883          261
        3886         6861
        3887           44
        3888         4441
        3893            0
        3895          441
        3896          150
        3901         1081
        3903          110
        3904         3962
        3905          413
        3909           96
        3911         2783
        3916           13
        3918         1924
        3921         2073
        3922          170
        3924          260
        3926         3901
        3928         1232
        3931          227
        3939          376
        3941         4499
        3942         5832
        3945           73
        3948          166
        3949          377
        3952          818
        3957           76
        3958         5150
        3959          128
        3961         2822
        3964          905
        3965          124
        3967         4248
        3969         3983
        3970         3367
        3971         7325
        3977          331
        3979         5727
        3983            8
        3985         4365
        3992            7
        3993          480
        3999         1206
        4001          228
        4002          255
        4006         3989
        4008           28
        4012            5
        4013          409
        4015          853
        4016            0
        4019         3970
        4022          254
        4025         2309
        4027           28
        4028         1928
        4031          256
        4032         1010
        4034           54
        4036           98
        4038            3
        4039          559
        4042         7688
        4046           50
        4049          101
        4054         2325
        4059          130
        4060         3405
        4069         3405
        4070          255
        4071         3620
        4073         2663
        4074          114
        4077            0
        4078         1986
        4079           33
        4082           81
        4086         2576
        4088         1939
        4090         1486
        4091         2723
        4092         4619
        4095          417
        4100           74
        4102          480
        4107         4060
        4111         1467
        4117          206
        4118          337
        4119          346
        4120           43
        4121          994
        4128         3819
        4130          377
        4132         4813
        4133          102
        4139           74
        4140          295
        4142         4184
        4144          189
        4149          538
        4150         5170
        4152         3659
        4155         1227
        4156          307
        4162           22
        4164          496
        4166          280
        4167         3500
        4168          160
        4170          391
        4172          257
        4177          116
        4181         2850
        4184         1630
        4185           14
        4188         2843
        4189            0
        4191         1183
        4193         3588
        4194           38
        4198            1
        4199          655
        4201           54
        4202         1816
        4203         2780
        4204         2762
        4214          216
        4218         7998
        4219          284
        4220         4803
        4222           11
        4224         1169
        4225          941
        4227         3870
        4228          612
        4229         3805
        4236           96
        4237          610
        4240          348
        4243         1592
        4245         4306
        4248         4524
        4249           67
        4250         2727
        4252         4401
        4253         4013
        4254          518
        4258         5973
        4259            8
        4260         1245
        4261         1669
        4264         3644
        4269          328
        4272         1732
        4274            1
        4278         1861
        4280           89
        4281         3138
        4284          178
        4287         5927
        4288         5693
        4292           89
        4293          726
        4294          381
        4296         2029
        4297           53
        4300         6030
        4301          169
        4314           73
        4320          151
        4323          181
        4326           18
        4327         3500
        4328           27
        4329           58
        4330          143
        4331          256
        4333            5
        4334         2399
        4337            0
        4339         5172
        4340            0
        4343          440
        4348          360
        4350          630
        4351          896
        4353         4398
        4354           76
        4355         1973
        4357         1488
        4358         1082
        4359          471
        4360         1342
        4367         6458
        4368          420
        4370          274
        4371          175
        4375          101
        4376          336
        4377          509
        4378         4338
        4381         4533
        4385           32
        4391         3063
        4392            1
        4394           75
        4396         6679
        4398         1135
        4399         1797
        4402         3245
        4403         3286
        4406          738
        4407          728
        4409          336
        4411           82
        4412           13
        4413           11
        4420         6655
        4425         1453
        4429         6598
        4431           55
        4432         1694
        4434          440
        4435         5805
        4437           82
        4439          116
        4440          708
        4441           17
        4448          571
        4449          749
        4460            8
        4465         1090
        4477         4633
        4479         3849
        4484          371
        4485          531
        4490           36
        4492           28
        4493            0
        4499           49
        4501         1037
        4502         5585
        4503           22
        4504         1897
        4507          805
        4509          816
        4513          280
        4518          799
        4519          218
        4522          612
        4524          292
        4528           48
        4530          372
        4534         2405
        4535            0
        4536         1814
        4537          677
        4542           12
        4545         4403
        4550           80
        4553         1376
        4554         4252
        4555         5210
        4558          247
        4559            0
        4560           68
        4561         3340
        4562          142
        4563         4523
        4567          339
        4570         7551
        4571         7322
        4572           41
        4576           49
        4580            0
        4586           49
        4588          985
        4590         6980
        4594          193
        4596         4719
        4597            1
        4598         6680
        4606         1752
        4609          488
        4611         1016
        4612           14
        4616           42
        4619         2472
        4622          227
        4630          388
        4631            3
        4632         1660
        4633            1
        4634         3755
        4635          698
        4636         1750
        4640          219
        4641           56
        4642           91
        4643           35
        4649         1428
        4651         5168
        4660         1759
        4661          488
        4662         6062
        4665          158
        4666         2007
        4667         4564
        4673          254
        4676           96
        4677         6447
        4679            0
        4680          894
        4681         2111
        4693         3823
        4694          185
        4695           14
        4696           58
        4699            5
        4705            6
        4709          152
        4711           73
        4712         1321
        4713           18
        4714         2200
        4717         5014
        4721          365
        4722         3185
        4724         3298
        4725         4725
        4726         7644
        4729          171
        4736          227
        4739         5194
        4741         3129
        4743          155
        4745            0
        4749           69
        4753         1541
        4755           55
        4756          149
        4757         1030
        4760         4323
        4762            5
        4763            3
        4766           75
        4768           79
        4779         1678
        4781          475
        4782         1880
        4784          797
        4785          211
        4786          409
        4788           38
        4792          673
        4793          184
        4794         4290
        4796          165
        4800          219
        4801         6288
        4802           18
        4804         4633
        4805          187
        4810          478
        4816            3
        4817         1658
        4819          137
        4823         4389
        4826          692
        4833           15
        4834          603
        4837            0
        4838          647
        4840         1058
        4843            0
        4845         1354
        4846         2174
        4847         6313
        4848         6933
        4851         7036
        4856           36
        4861         6733
        4863           47
        4866          184
        4867            3
        4872          678
        4873         1467
        4875         1918
        4883         1079
        4885         7201
        4887         4845
        4899            0
        4905          102
        4911         2195
        4915           79
        4917          125
        4918          322
        4919         5083
        4921          471
        4922         2165
        4930            7
        4931         6050
        4932         2941
        4934         1202
        4937          238
        4941           75
        4945          832
        4947           40
        4948          172
        4951          220
        4952           48
        4953          188
        4956            3
        4968         1472
        4969         4118
        4975            3
        4978          916
        4982         1076
        4989          128
        4991          272
        4992           18
        4993          451
        4997           34
        5001          110
        5003           94
        5004         1090
        5005          610
        5012         1050
        5015          635
        5016           39
        5024          440
        5041          305
        5042         1046
        5046          102
        5050         4806
        5053            0
        5055           81
        5061         4956
        5063           18
        5065          936
        5067          854
        5070          456
        5075         2764
        5077           87
        5083            8
        5086            0
        5087         5754
        5093         4668
        5098          290
        5102          289
        5104           70
        5105          432
        5112         3290
        5114         1129
        5116          494
        5119          101
        5121          256
        5122            5
        5127          151
        5131          372
        5138         4702
        5140          186
        5141          320
        5143         2732
        5144          619
        5145            9
        5147           18
        5148          495
        5151          707
        5155         5149
        5157         1726
        5161         3955
        5167           81
        5168         1037
        5169          178
        5171           25
        5173         7681
        5175          195
        5178          143
        5181         1904
        5184           42
        5194          220
        5198          931
        5202          112
        5207          512
        5212         1145
        5213            0
        5214           19
        5228         6405
        5231           59
        5234         2120
        5235           10
        5236            0
        5239         2382
        5242           15
        5245           84
        5258          137
        5260         1287
        5264          547
        5271         2771
        5273           28
        5276           91
        5281           58
        5283           25
        5289         1445
        5292         1051
        5293         4330
        5294         2766
        5295         1560
        5298         1406
        5302         2830
        5303         4062
        5305         4296
        5306         2083
        5311         2263
        5313          313
        5315         2471
        5316          117
        5317          823
        5318          121
        5324          582
        5327          660
        5332         1464
        5334          358
        5341         5937
        5343         1004
        5347         3333
        5349          497
        5350         1199
        5354          339
        5358          141
        5359         5286
        5360          198
        5363           53
        5365            7
        5369         1946
        5370           51
        5373         1552
        5374         2790
        5376         1868
        5377            0
        5379          969
        5380          628
        5381          362
        5384          507
        5388           55
        5391         1347
        5392           72
        5394          590
        5400         5794
        5403            0
        5405         6264
        5406          274
        5408           50
        5409         1200
        5415           47
        5416          126
        5422         3950
        5424          724
        5431         2326
        5434          231
        5437            3
        5443           18
        5444         1949
        5450           49
        5451         3380
        5452           31
        5454          677
        5457         5517
        5459            3
        5461         1228
        5464          105
        5468         5552
        5469         3634
        5470         4303
        5475          745
        5476         1558
        5479           55
        5484         1233
        5486            7
        5487          277
        5488         1708
        5489          108
        5492            3
        5495         6537
        5500         5146
        5501          268
        5506         2708
        5508          121
        5509          151
        5510          155
        5511          575
        5515          968
        5516          489
        5517          495
        5518          335
        5520         5871
        5521         1122
        5523          488
        5525          148
        5528            3
        5530          199
        5531         1051
        5538         4653
        5539         7268
        5540          196
        5542           27
        5545         5295
        5546          130
        5547          626
        5548           71
        5549            3
        5550            1
        5555            7
        5557          184
        5563          149
        5570          268
        5571         1560
        5573            6
        5577          635
        5579          557
        5581         3340
        5587         1488
        5590           75
        5596         1990
        5597         1342
        5604         1146
        5610           17
        5611            7
        5614          559
        5615           44
        5618          112
        5622          439
        5623         7415
        5627          422
        5628           17
        5636            1
        5639         1462
        5641          257
        5643         4069
        5645           10
        5654          378
        5655          182
        5657           81
        5660           36
        5663          125
        5664          155
        5665          260
        5667         1233
        5671         3106
        5678           19
        5683          231
        5684          213
        5689         2456
        5691         7098
        5693         1444
        5695         1485
        5703          192
        5705           11
        5707          496
        5709         2141
        5715          923
        5720         5290
        5721         5532
        5722         2103
        5723         1126
        5724          277
        5725         2106
        5726            0
        5728          361
        5732          600
        5733         1204
        5735          269
        5737            0
        5738          367
        5743          451
        5746         1055
        5749          218
        5751           25
        5753           75
        5755          207
        5758         2939
        5760           90
        5762          103
        5769         4093
        5774         6170
        5775           84
        5778           73
        5781           81
        5782          213
        5783          563
        5790          361
        5793          239
        5800          927
        5803          784
        5804          432
        5806         1080
        5808          242
        5812         5494
        5817         2671
        5822           95
        5825          670
        5826          799
        5827          176
        5837         5642
        5846         2504
        5848           30
        5849          379
        5854         2041
        5864           97
        5866          482
        5870          351
        5871          992
        5873          145
        5879          143
        5887          140
        5889          676
        5893         1272
        5895          927
        5904         4748
        5905           84
        5906          513
        5911          137
        5915          393
        5916          794
        5931         7572
        5932          142
        5934           40
        5939          192
        5941         4353
        5943          199
        5944            0
        5948          143
        5956         4103
        5959           38
        5965          713
        5973         5664
        5974         2935
        5977         5737
        5981            3
        5984         7675
        5986          471
        5989           81
        6008         4256
        6011          372
        6012          176
        6014         1170
        6016         7675
        6019         2522
        6027         1375
        6028         1963
        6031         1232
        6040           99
        6042            6
        6050         3467
        6051          106
        6052         1227
        6056           82
        6061         4074
        6062          221
        6065          103
        6070          931
        6072            0
        6081            1
        6085          124
        6086            0
        6092            0
        6097          766
        6100          766
        6101          296
        6104          920
        6105            5
        6107         5556
        6109         1666
        6116         1421
        6120           62
        6125          574
        6135          317
        6136            3
        6139            0
        6141          668
        6142         7235
        6145          417
        6146           36
        6160         3715
        6162         4352
        6163          102
        6164          673
        6165         6188
        6169         5727
        6173            6
        6175         5116
        6176          199
        6182         1420
        6183          305
        6185          488
        6190           68
        6192         2585
        6193         1577
        6194           35
        6199          119
        6201          225
        6204         1594
        6208          167
        6209         1497
        6216          927
        6220          809
        6223           20
        6228          131
        6232           27
        6236          544
        6242          818
        6243         1738
        6244         3383
        6246         1614
        6247          145
        6249         1776
        6254          155
        6255         1708
        6256          236
        6259          120
        6260         3210
        6264           45
        6266          151
        6269           32
        6270          135
        6272          463
        6274           38
        6277         1483
        6281          103
        6289           32
        6291           39
        6293          140
        6296          107
        6299            3
        6302         1790
        6303           17
        6312           26
        6315          255
        6324         5767
        6328         2679
        6333         1010
        6334           60
        6336          445
        6339         2835
        6340         1021
        6344            8
        6351           32
        6353         1112
        6355           58
        6361          988
        6363          222
        6364         2263
        6367            3
        6369           55
        6394           53
        6398         6207
        6400         2299
        6401          186
        6404         6165
        6406           22
        6409          176
        6410          923
        6412           14
        6414          388
        6417         6450
        6418         4288
        6436         1049
        6440          487
        6450         2531
        6454          294
        6461           82
        6465         7211
        6466            0
        6467            0
        6470           10
        6472          125
        6478          110
        6481           93
        6488          264
        6491          265
        6492          738
        6493          195
        6495           35
        6498          365
        6499          183
        6508         6429
        6513          358
        6514         1145
        6519          256
        6524          271
        6527          379
        6529         5185
        6532           62
        6534          222
        6536          513
        6540         6414
        6543          389
        6551          323
        6553          322
        6554          174
        6561          634
        6566         4999
        6568         6228
        6577            0
        6578          119
        6591           18
        6595         6009
        6605          282
        6609           91
        6616            3
        6617         1669
        6625          600
        6628          351
        6633            0
        6635         1915
        6636          506
        6642         2935
        6647         2103
        6652         1246
        6653           58
        6655          167
        6657          170
        6661         6859
        6665         3912
        6667          299
        6668          282
        6670           13
        6671            0
        6675         3135
        6676          670
        6682         1973
        6683         7545
        6685           84
        6686          121
        6687          112
        6691         3502
        6693         3187
        6694          308
        6702           35
        6710           17
        6711          110
        6714           53
        6715         4501
        6720         1202
        6723           50
        6724          708
        6726         1190
        6728         2262
        6730          176
        6738         7855
        6741          121
        6743           25
        6746           18
        6750         5623
        6751         1943
        6757          125
        6758            0
        6760         3696
        6762           47
        6764          668
        6770          133
        6773         2845
        6775          183
        6779         1361
        6780            3
        6789         6690
        6794          112
        6797         2926
        6799            1
        6800         4037
        6802           89
        6810            0
        6815           42
        6822         7896
        6823          428
        6824         1225
        6826          947
        6828           25
        6832         2016
        6833          265
        6839          129
        6848           39
        6850         2792
        6856          392
        6860         1147
        6862         1333
        6865          692
        6869            1
        6870         1127
        6872         1164
        6882          328
        6888            1
        6896           91
        6902          180
        6903          772
        6904           62
        6905          232
        6907            0
        6910         1147
        6915          584
        6916          228
        6917          724
        6920          208
        6922           34
        6925          280
        6926           42
        6931          784
        6934           12
        6941           31
        6942         2831
        6947         1354
        6951           27
        6959            0
        6960          368
        6961         5948
        6988         1783
        6989          755
        6997            0
        6998         1595
        6999         1333
        7004          113
        7014            4
        7016           91
        7018         2146
        7023            0
        7026         1790
        7027          925
        7031          797
        7045            3
        7047          489
        7050         1396
        7058          647
        7065           33
        7067          391
        7072            0
        7073          399
        7075         4301
        7081           39
        7083           25
        7100          894
        7110           55
        7124          755
        7126         7070
        7128         3752
        7129         4982
        7130           98
        7134          393
        7135         6307
        7136         1792
        7142         1287
        7158          305
        7159          392
        7164          238
        7170          640
        7174         5052
        7184         2683
        7185          334
        7192            7
        7196         1904
        7197           59
        7201         4715
        7203          365
        7209           27
        7210           31
        7211          784
        7215          127
        7217         1626
        7220         5540
        7223            8
        7232           32
        7233         2913
        7234           17
        7235            0
        7237           11
        7239         1391
        7248          217
        7249          113
        7251          213
        7258          305
        7262          544
        7268            2
        7282           30
        7284            3
        7285          115
        7286           18
        7289           22
        7298         2555
        7300          668
        7301           11
        7302          770
        7304           65
        7305            0
        7307         1907
        7311         1440
        7313          492
        7315         3854
        7317         3574
        7318          105
        7319         3050
        7320           20
        7325          100
        7332          101
        7339         2103
        7343            0
        7353           72
        7355          621
        7358          343
        7361         6980
        7368           22
        7374          572
        7378         1939
        7394          192
        7396           13
        7397         2176
        7400           10
        7402            1
        7411         2436
        7417         4037
        7419            0
        7421           44
        7422           26
        7426           20
        7429          581
        7432           83
        7435         3543
        7439          506
        7448            7
        7449         1211
        7452          283
        7456          184
        7458           20
        7460         1128
        7473         4353
        7481         1745
        7484          121
        7485         2016
        7487         1377
        7503          445
        7504          125
        7507           55
        7509            0
        7520          449
        7526          488
        7534            8
        7538          113
        7541            7
        7550            4
        7554         1876
        7562         2232
        7564           87
        7573           46
        7585           53
        7586         3397
        7588           99
        7601         3587
        7605          506
        7607            0
        7614           21
        7616           19
        7626          816
        7628            0
        7629         3390
        7630         1745
        7635          132
        7641         5280
        7642         2258
        7644         3981
        7648          601
        7657           68
        7661          628
        7662         3759
        7666           44
        7670         6051
        7675          201
        7679            2
        7683          559
        7684          689
        7690          151
        7707          459
        7708          381
        7713          882
        7714         4259
        7718         2155
        7720         6415
        7722           90
        7730            8
        7736          495
        7737          171
        7738            0
        7744          102
        7756         2584
        7757         7954
        7768            0
        7770          518
        7771          186
        7772            0
        7776           68
        7787          108
        7790         5563
        7793          920
        7796         2174
        7799          141
        7801          303
        7805          770
        7811         1355
        7812           55
        7814         2768
        7816           23
        7821         4258
        7830         7209
        7833          440
        7840         3562
        7841          110
        7845           80
        7851         3120
        7852          180
        7860           14
        7884          292
        7886           82
        7900         2270
        7907           20
        7908          393
        7914          290
        7917         7564
        7925         3286
        7929          293
        7932         7889
        7940           23
        7941           17
        7945           16
        7948          723
        7950           41
        7951           69
        7958         3992
        7963         2076
        7966         1045
        7973         1463
        7979         1417
        7986         1000
        7987         2235
        7991          379
        7995          272
        7999         3834
        8003          838
        8013         2322
        8014          313
        8017          239
        8019          112
        8026            0
        8028          421
        8029         2366
        8034          496
        8037         2588
        8040         6279
        8041          164
        8042          387
        8043          184
        8047          155
        8054         1515
        8057         1148
        8063          264
        8072         6015
        8091          120
        8096            0
        8099          117
        8122            8
        8125          369
        8129          221
        8136          136
        8139          105
        8140          118
        8141          148
        8146            3
        8149          545
        8157         4124
        8164          634
        8168           21
