# HaloID(1) HaloID(2)
           0            0
           1         3986
           2            2
           3            0
           4            0
           5           84
           6            3
           7          190
           8           14
           9            9
          10           10
          11         1231
          12           16
          13         7531
          14           14
          15         8536
          16           15
          17           17
          18           48
          19          239
          20         2464
          21           21
          22           22
          23          488
          24          858
          25         6186
          26           25
          27         3066
          28          127
          29           30
          30         2527
          31           32
          32           92
          33         7458
          34          810
          35           33
          36         3232
          37          474
          38         1940
          39           39
          40          127
          41         8414
          42         1822
          43           42
          44            2
          45          378
          46          360
          47           47
          48         1944
          49         3973
          50         1583
          51         3479
          52           51
          53          224
          54         3096
          55           74
          56         6676
          57         1140
          58         7029
          59         6002
          60         1751
          61         3612
          62           10
          63         5716
          64         1977
          65         5990
          66         2827
          67           66
          68         6826
          69         3254
          70          254
          71           73
          72         2580
          73         5350
          74          720
          75         4932
          76          480
          77         1397
          78          263
          79         1297
          80           83
          81           84
          82         2130
          83          113
          84         2728
          85         2670
          86          525
          87         4902
          88           77
          89         1945
          90          567
          91          995
          92         4145
          93           93
          94           94
          95          450
          96         6356
          97          630
          98         5313
          99           16
         100          147
         101         2264
         102         3170
         103         5074
         104         5454
         105         1640
         106         1251
         107         2043
         108         1051
         109         6301
         110         3358
         111         1290
         112         5465
         113         8869
         114           28
         115         3515
         116          110
         117          845
         118           19
         119          632
         120         4970
         121          120
         122         6207
         123           30
         124         1580
         125            3
         126         4869
         127          204
         128          150
         129          369
         130          796
         131           14
         132         2145
         133         3715
         134         4686
         135         3831
         136          363
         137         5097
         138          538
         139         2376
         140         2376
         141            6
         142         2538
         143         8198
         144          139
         145          143
         146         2418
         147          123
         148          269
         149           44
         150          157
         151          168
         152          741
         153          749
         154          916
         155          103
         156          156
         157         4861
         158           47
         160         6645
         161         4124
         162         4841
         163          572
         164         7452
         165          423
         166         5209
         167         3165
         168           72
         169           42
         170         1647
         171         2091
         173         1259
         174           47
         175          177
         176         1225
         177         1848
         178          578
         179         1562
         180          467
         181          318
         182         2590
         183         1268
         184          102
         185          519
         186         8351
         187         8026
         188         1028
         189           16
         190            9
         191         8145
         192           31
         193          462
         194          357
         195          426
         196         4510
         197         3986
         198         2278
         199          246
         200         3167
         201          643
         202           54
         203         1602
         204         3271
         205          209
         206         1389
         207         5612
         208          213
         209           17
         210          597
         211            2
         212         3862
         213         2083
         214          472
         215         1179
         216         3622
         217          861
         218         4278
         219          268
         221          441
         222          189
         223         2435
         224         6098
         225          979
         226         5499
         227          324
         228         2664
         229         2028
         230           58
         231          254
         232         1146
         233         3735
         234         3435
         235           81
         236         7064
         237           35
         238         3182
         239           30
         240          986
         241          555
         242         7845
         243          934
         244           67
         245         2739
         246            0
         247         5363
         248         7532
         249          120
         251           20
         252         7307
         253         1820
         256          110
         257         5387
         258         7219
         259         3471
         260          390
         261           77
         262         3901
         263         7707
         264         1717
         265          113
         266          578
         267          898
         268          639
         269         2994
         271           22
         272          730
         275          327
         276         6000
         277         2202
         278         5919
         279         6549
         280         1322
         282          385
         283           62
         285         5949
         286         2806
         287         7440
         288         3186
         290         3558
         291         1449
         292          897
         294          479
         295           78
         296          823
         297         8317
         298         1523
         299          727
         300          301
         301          880
         302         1699
         303         3207
         304         1409
         305         8834
         306         4574
         307         2123
         308         2673
         310         3338
         311          397
         312         1491
         313         2849
         314          207
         315          187
         316           30
         317         1267
         318         8445
         319         6340
         320          198
         322          876
         323         4925
         324         1476
         325          488
         326         1229
         327         4604
         328          278
         329         5895
         330         3190
         331         5430
         332          981
         333          471
         334         4034
         337         1436
         338         1083
         339          148
         340         2791
         341         6631
         342         8414
         343         7369
         344         8575
         345           78
         347         3802
         348         6252
         349         2001
         350          342
         351          394
         352         3917
         353          193
         355          705
         356         1589
         357          361
         358         5433
         359          514
         361         5110
         363          286
         365          741
         366           24
         368           16
         369          370
         370          542
         373         4597
         374          371
         375           94
         376         5737
         377         4614
         378         8664
         379         8370
         380         3753
         381         1992
         382         1803
         383          786
         384          410
         385          779
         386          527
         387         7085
         388         3560
         389         1640
         390         5630
         392         1312
         393          712
         394          657
         396         2930
         397         1548
         398         1646
         400         8915
         401          590
         403          464
         404         2223
         405         5782
         406         1580
         407           44
         408         4467
         410           68
         411          231
         412         2684
         413          430
         414         4015
         415         1849
         416         3927
         417           70
         418         1977
         420          415
         421         8887
         422         5740
         423           59
         424         8679
         425          705
         426         3050
         427           10
         428          967
         429         7858
         430         4658
         431         1499
         432          230
         433           28
         435           82
         436         4400
         438          636
         441          395
         442         4656
         443         2122
         444         2205
         445          320
         446          260
         447         1752
         448         3989
         449         2083
         450          189
         451          374
         454         2458
         455         8325
         456         6155
         457           17
         458         7529
         460           12
         461          443
         462         7895
         463           38
         464           88
         465          121
         467          360
         468         4436
         469         6013
         470         5641
         472         4299
         475         2834
         476          537
         477         1505
         478         1868
         481         1814
         482           68
         483         3208
         484         8325
         485          385
         486         1332
         487         1039
         488         5759
         489           30
         490          179
         491         6721
         492         2741
         493           30
         495         1024
         496           68
         497          578
         498         2152
         500         8491
         501          537
         502          823
         503          284
         504          202
         505          646
         506          782
         507         3836
         508         1594
         509          668
         510         4089
         512         2370
         513           50
         514            6
         515         1235
         516         8963
         517         3075
         518         2358
         519         1332
         520          125
         521         7785
         523         8044
         524          678
         525         6875
         526          881
         527          101
         528           51
         529         1737
         530         1745
         531         1288
         533          176
         535          499
         536           12
         537         7328
         538           98
         539         2965
         540          657
         541          603
         542         4734
         543          264
         544          627
         545         1295
         547         3566
         550          947
         551         6777
         552         2067
         553          142
         554         1348
         556         6122
         558          159
         559         2276
         560          200
         561         1760
         562          368
         564           31
         565          224
         566          426
         568           34
         569           28
         570         5737
         571          236
         572         5587
         574         2392
         575         1911
         576           44
         577           48
         579         6674
         583         7602
         584          498
         585          102
         586          261
         587         1923
         588            9
         589         2671
         590         3179
         591         2487
         592          598
         593         2934
         594          597
         595          239
         597         4617
         599          327
         600         4528
         601          136
         602         4042
         603          558
         604          807
         605         1823
         607          314
         609         7113
         610          107
         611            7
         612          163
         613         2858
         614          832
         615         3326
         617          738
         618         4652
         619           30
         620         1621
         621         2976
         625         1325
         627         6245
         628         5454
         629         2527
         630           78
         631         1814
         632         3059
         633         3124
         634           96
         635          812
         636         3545
         637          394
         638         6735
         639         4628
         640         1383
         641         2753
         642         2284
         643         1395
         644          632
         645         9129
         646          468
         647         1385
         650          629
         652         2377
         653          662
         654         6904
         656          378
         657          560
         660         6058
         661         2223
         663          258
         666          132
         667         6574
         668         1251
         670         7883
         671          207
         672          512
         673         4809
         674         2310
         675         1735
         676         3258
         677          903
         678            7
         680         2447
         682         6756
         683         5272
         684          699
         685         2053
         687           57
         688         1171
         689         2234
         690            0
         691          536
         692          386
         693         6291
         694         5399
         695           31
         696         8373
         697          417
         698          427
         699          742
         701          753
         702         1369
         705          440
         707         3253
         709          812
         710          623
         711         4522
         712          814
         713         4018
         714         3025
         715          629
         716           15
         718         3157
         719          721
         720         4029
         722            2
         723           92
         725          559
         726         4169
         727          373
         728          914
         731           78
         733           78
         734          188
         735         2888
         736          987
         739         1387
         740           87
         741         3037
         743         1917
         744          620
         746         5793
         747         9160
         748         8891
         751         2619
         752         4733
         753          694
         754           78
         755           20
         756           93
         757           99
         759         1390
         760          246
         761         3365
         762          788
         763          408
         764         3396
         765         3299
         766         1744
         768          551
         771         2458
         773          717
         776          136
         777         1666
         778         3817
         779         7540
         780          185
         782         3522
         783          209
         785         8091
         786          103
         787          308
         788          127
         789         7022
         790         1822
         791           86
         792         1072
         793         1331
         794          216
         795         3715
         796         3063
         797         2457
         799         1665
         801          304
         802          142
         803          898
         804         4233
         805         3102
         807         7760
         808         6326
         809         3131
         810           15
         811         3831
         812          392
         813         8769
         814          316
         816         2574
         817         6252
         819         2286
         820         1267
         821          219
         822         1204
         823         5193
         827         2490
         829          176
         830         1604
         831         1166
         833          496
         834         7586
         835         1607
         837          837
         839         5363
         840         3218
         841          486
         843         2619
         844           78
         845         5162
         846         2642
         848         6535
         849         1201
         851         3140
         853         4005
         854         6467
         856         3624
         859         2739
         860          796
         861          371
         862         2415
         865          332
         866         7004
         867          224
         868           10
         871         6480
         872         7943
         873         6908
         874          400
         875          178
         876          521
         877         1292
         880          173
         881          544
         882         1096
         883          461
         886         6032
         887         7895
         888           11
         890          110
         891          385
         892           78
         893         7006
         894         3680
         895         3665
         896         7006
         897         1015
         899          347
         900          143
         902           82
         903         5225
         904         6252
         905         2067
         907           72
         911           18
         913          163
         914         1052
         915          544
         917         2694
         918          314
         919          945
         921          931
         923         2310
         924           58
         925         1294
         927         4034
         928         6920
         930          137
         931         5017
         933         7508
         934         1723
         935         4216
         936         6806
         937         2679
         939         5363
         940         4890
         941          734
         943          624
         944          423
         945         1779
         946          483
         947         7107
         948          238
         949         2584
         950          386
         951         3973
         952         4695
         954         3740
         955         1055
         956            0
         957         2079
         958         4578
         959           11
         960          409
         961         9174
         963           78
         964          694
         966         2381
         967          916
         968         5769
         969         6125
         970          141
         971         4145
         972         1867
         974          350
         975         5748
         976          821
         977          135
         979         2314
         980         5826
         981          360
         984          147
         985           31
         986         4742
         987          267
         988          790
         989          370
         992          909
         993         1388
         997          332
         999         1412
        1000          744
        1001          977
        1002         7747
        1003         7697
        1005         8290
        1006         8536
        1007         5550
        1009          741
        1010          534
        1011          240
        1013         1204
        1014         8235
        1015         6219
        1016         3584
        1018          473
        1019         7468
        1020          200
        1021           95
        1023          180
        1024         1024
        1025           53
        1026         5545
        1028          388
        1031          749
        1035         7288
        1036         1038
        1037         2376
        1038         7645
        1039         1022
        1040          582
        1041          667
        1042         5186
        1043           41
        1044         6599
        1046         1090
        1047         8168
        1048         4154
        1050         3428
        1051          264
        1052         5358
        1053          390
        1056          542
        1057          903
        1058         2028
        1060         4730
        1061         8870
        1062          943
        1065         2746
        1067         3999
        1068         8666
        1069            0
        1072         6171
        1073          545
        1075          465
        1079          630
        1082          483
        1084         6131
        1085         2436
        1086            8
        1087           31
        1089         1120
        1090         4183
        1092           92
        1094           26
        1095         1434
        1096          117
        1097         5049
        1098          339
        1104         2578
        1105            0
        1106         4103
        1108         4411
        1109           65
        1112         1549
        1113         6837
        1114         7306
        1117         8425
        1119         5040
        1120         1250
        1122          816
        1125         7718
        1128         5993
        1130           44
        1132           28
        1133         8326
        1134         1173
        1135          163
        1136          155
        1138          116
        1139            0
        1140          188
        1142          465
        1143          390
        1144         3513
        1145         4986
        1147         5098
        1149         5101
        1151          894
        1156         2229
        1157          538
        1160          400
        1162         2459
        1163         2694
        1165          362
        1166         6783
        1170         6406
        1172           82
        1173          136
        1176         1032
        1180         1838
        1181         1048
        1182           20
        1184           88
        1185            5
        1186           73
        1189           87
        1192         3499
        1196           87
        1197          301
        1198          443
        1199          672
        1201         2264
        1202         1009
        1204          346
        1207         7532
        1208         8076
        1209         4821
        1211          488
        1213          601
        1214         1460
        1215         2976
        1216         4899
        1218         7364
        1219          673
        1220         1271
        1221         1054
        1223          668
        1226         5902
        1227            0
        1228          456
        1229          480
        1230         2244
        1232            0
        1234         1057
        1235         1175
        1236          652
        1237           65
        1239         5931
        1241          793
        1242         1192
        1243         2752
        1245          156
        1246          751
        1247          722
        1250          836
        1251          667
        1252         1668
        1253            4
        1256           78
        1258         4306
        1259           86
        1261          173
        1262          492
        1263         2403
        1264         3165
        1266          312
        1267            5
        1268         4458
        1269          239
        1271          215
        1277         6204
        1278          269
        1279          878
        1283           28
        1285         2622
        1286         1162
        1287          814
        1288          230
        1291         4606
        1292         1604
        1293          206
        1296         4006
        1297         1302
        1298         1669
        1302         1691
        1304         2708
        1306           18
        1307          709
        1308         2584
        1311          152
        1312         1401
        1315         1323
        1317         4925
        1318          832
        1320           31
        1323         1335
        1324          554
        1327         6067
        1328         1339
        1330           63
        1334         1024
        1335          124
        1337          425
        1338         5793
        1339         2788
        1343          495
        1348         1100
        1349            7
        1350         3778
        1352         1940
        1353         2254
        1355         4596
        1357         2017
        1360            0
        1363         2585
        1364          301
        1365         6787
        1366          847
        1367         8507
        1368         4909
        1369         1132
        1370         1369
        1371          124
        1372         9128
        1374         6153
        1375         1187
        1376           21
        1377          755
        1378         2317
        1381         1690
        1382         4238
        1383           12
        1384         7252
        1389          549
        1390          211
        1392         3008
        1393         2780
        1394         6033
        1395          620
        1397         1949
        1400         1028
        1402          352
        1403         1394
        1404         2583
        1405         1356
        1407         7398
        1408         1590
        1411          315
        1412         5360
        1414         7430
        1417         5701
        1419            0
        1420         1291
        1422         1067
        1423         1492
        1425         2858
        1426         4086
        1428         6961
        1429          270
        1431         6360
        1432         5101
        1439         2739
        1442         1928
        1443          735
        1444         1458
        1445         1457
        1446         6466
        1449          428
        1450           11
        1453         3011
        1454         3736
        1455          390
        1456           78
        1458         6238
        1462          394
        1463         1846
        1464          559
        1465         1460
        1467         8480
        1468         5213
        1469           78
        1471         2171
        1472         6135
        1473         2132
        1476          828
        1477         7748
        1478         5340
        1479           93
        1482         3688
        1484          284
        1488          293
        1490         5521
        1493          426
        1494          549
        1495         1051
        1498           42
        1500         1071
        1501         1411
        1503          480
        1504          582
        1505          338
        1506            0
        1507          313
        1510            5
        1512         6771
        1514         7131
        1515           95
        1526            2
        1530         2927
        1534          837
        1537          125
        1538          295
        1541         7656
        1545         2647
        1547         5232
        1548          342
        1549         2271
        1551         8352
        1552          655
        1553         3870
        1554         1360
        1557           78
        1558         7088
        1559         6012
        1561         6252
        1565         7532
        1567          254
        1569          430
        1570           92
        1571           34
        1572          142
        1573         4387
        1574         1154
        1575            8
        1578         1593
        1581         5179
        1585         4220
        1587         1072
        1588          566
        1589          788
        1590          691
        1591           70
        1592         3854
        1594         4937
        1598          120
        1600         3253
        1601          236
        1603          741
        1604          215
        1605          268
        1607         5644
        1608         7470
        1611          268
        1612           38
        1617         2812
        1618          236
        1620           17
        1621          981
        1623            3
        1624           13
        1625         1971
        1626         3317
        1627          181
        1628         1853
        1629         2834
        1631         6913
        1632           18
        1634         6844
        1638         5376
        1639         3562
        1641           31
        1642         6593
        1644         2314
        1648          679
        1649          887
        1651         1654
        1653         5576
        1655         2793
        1657          205
        1660         1714
        1662         7085
        1663          978
        1664           53
        1667         1162
        1669         1679
        1670         8366
        1673          282
        1676         1563
        1677          286
        1679         4807
        1680         2061
        1682          394
        1683          910
        1684         3957
        1686          807
        1688         8448
        1689         2414
        1691          630
        1693          953
        1695          680
        1699         1722
        1701         1706
        1702          202
        1703         1693
        1704         1701
        1705         4006
        1706         8343
        1707         1383
        1711          373
        1712          391
        1713         3808
        1714           45
        1715          223
        1717          136
        1718           29
        1719         3004
        1721         7901
        1722         7769
        1723          172
        1726         2537
        1727         2273
        1728         5762
        1730         3069
        1732            0
        1734         8355
        1736         7540
        1743         3274
        1745         1807
        1747          330
        1748         4672
        1749         1292
        1757         2680
        1758         8003
        1759         1982
        1761           81
        1763         4188
        1765         3952
        1767         3656
        1769          224
        1770         3175
        1771           95
        1772         3770
        1773           53
        1774         7273
        1777          990
        1780         1852
        1781         1060
        1782         4743
        1783          185
        1784         2669
        1785         2163
        1786         1009
        1787          519
        1788         1389
        1793           21
        1794         1299
        1795         1033
        1796         1201
        1798         3427
        1799          114
        1802         7824
        1805         1291
        1806         5819
        1807         5827
        1808         4433
        1810         6715
        1811         1263
        1812         4226
        1816          270
        1817         8839
        1818         3229
        1819           78
        1823         8041
        1828          529
        1829          394
        1830         4977
        1831         3109
        1832          468
        1835         1315
        1836         1861
        1839          749
        1840          362
        1841         6379
        1842           12
        1843         3715
        1844          125
        1846         1627
        1849         1047
        1850          624
        1851          564
        1852         3178
        1854         4873
        1855         4152
        1856         7087
        1859          555
        1860         3076
        1868          102
        1869          545
        1872         2720
        1873         3221
        1877         7088
        1878         3266
        1879         1310
        1880          372
        1881         9083
        1882           87
        1885         1646
        1887         7844
        1888          662
        1890            0
        1891         2159
        1892         1853
        1893         3065
        1894         7122
        1895          313
        1896          529
        1899          287
        1900            0
        1902          480
        1904           94
        1906          312
        1907         1767
        1910         4545
        1911          160
        1913           40
        1915           38
        1916         1502
        1918         3989
        1919          213
        1921          957
        1922         1894
        1923           87
        1925         1564
        1926         5419
        1927         4842
        1928         1303
        1930         8953
        1931          538
        1934           97
        1935         1114
        1936          598
        1939            2
        1942         2674
        1943         1381
        1946          996
        1947         3338
        1949         1049
        1952         4209
        1954          162
        1956           26
        1959         7281
        1961            9
        1962           38
        1966           10
        1969          324
        1972         6831
        1974          358
        1975          343
        1976         2858
        1978         3715
        1980         4841
        1981         2107
        1982         1856
        1985         8236
        1986          136
        1987         2116
        1992         5001
        1995           66
        1996         3131
        1998         1945
        2000         1583
        2001         6272
        2002           54
        2004         1322
        2006           23
        2007         6004
        2009         2583
        2010          271
        2011         1812
        2013          242
        2015          423
        2019          261
        2021         2015
        2022         1101
        2024          347
        2025         7196
        2033         1469
        2037         1509
        2038         4377
        2039         1874
        2040         5264
        2042           92
        2043         2244
        2044           19
        2045          538
        2046         2059
        2047            0
        2049          113
        2051         2240
        2052          493
        2054         2016
        2057         1572
        2059          910
        2061         3354
        2063         6809
        2069          446
        2070           50
        2073         2837
        2075         4221
        2076          987
        2077         8068
        2078          710
        2079         2786
        2080           57
        2081          847
        2085          602
        2089          565
        2091         1047
        2096          153
        2097         1017
        2098          200
        2104         2045
        2105          538
        2111         4267
        2112            3
        2115          632
        2116          371
        2119         7610
        2120         4614
        2122         1570
        2123         3028
        2128         2217
        2130         6392
        2131          113
        2134          733
        2135         4188
        2136          801
        2137         4937
        2138          519
        2143          313
        2150          390
        2153         5249
        2158           64
        2161           92
        2162         2596
        2163           39
        2166         2994
        2172           74
        2173          930
        2177          569
        2178         1983
        2179           62
        2183         5241
        2184         4265
        2185         6320
        2186          680
        2187         1486
        2188         2418
        2189           39
        2191          227
        2192         1435
        2196         9089
        2202          592
        2203          480
        2206         4596
        2209         6320
        2211         1212
        2212         1414
        2217          832
        2219         1955
        2221         7344
        2233         6462
        2236          214
        2237          712
        2239         1591
        2240          398
        2242          805
        2245         2269
        2246         2642
        2247         1038
        2249          486
        2251         3988
        2252         3068
        2255          850
        2257         1154
        2259         1939
        2260         2154
        2263           58
        2264          927
        2265         7105
        2266         1358
        2270          132
        2271           13
        2272         2518
        2273          537
        2275         6533
        2277          137
        2278         8714
        2279         3405
        2280          275
        2285         1502
        2286         1121
        2288          163
        2290          305
        2291           31
        2292         5318
        2293         5463
        2294         7844
        2295           81
        2297         7498
        2298         6091
        2299         6089
        2300         2750
        2301          642
        2303         3438
        2307          379
        2309         3509
        2310         2275
        2312         2285
        2313         2806
        2314         3545
        2316           41
        2317         3754
        2318         2238
        2320         6004
        2322          551
        2325         2836
        2327           54
        2328           86
        2332          169
        2335         2642
        2336         3665
        2338         1393
        2339         3850
        2340          709
        2343         4639
        2344          480
        2346          423
        2347          880
        2348          212
        2351          158
        2352         4638
        2357         8542
        2358           15
        2362          523
        2364          173
        2367          114
        2369         5258
        2370         6133
        2372         7477
        2374         1317
        2376         3627
        2380           14
        2383          119
        2386           11
        2388         5271
        2390          181
        2392          790
        2393         1086
        2396         2377
        2397         2287
        2398         2604
        2400         3570
        2402          781
        2403         2373
        2406         1182
        2407          935
        2409         7451
        2410          867
        2412          703
        2413           12
        2414          286
        2415         2956
        2417          807
        2419          428
        2425         4427
        2426          482
        2430         2776
        2431           81
        2433         3123
        2436         7671
        2441         2545
        2442         1795
        2445         6257
        2448         4488
        2449         6871
        2450          991
        2452          177
        2453         8403
        2455         1688
        2461         3554
        2462          111
        2463          629
        2464         1175
        2465          707
        2466         5474
        2470         2003
        2471         7714
        2473         3051
        2474         4006
        2477           96
        2481         6866
        2487          570
        2490         2414
        2492          189
        2494           19
        2496         1079
        2499         7704
        2500          258
        2503          943
        2506         1781
        2507         8746
        2508          483
        2509          212
        2510           31
        2511           53
        2515         4220
        2516          264
        2518         1649
        2521          227
        2523           22
        2527         1033
        2528          458
        2530         1191
        2531          282
        2532         2450
        2533          579
        2534           16
        2535         2274
        2540           67
        2546         2596
        2548           41
        2549          538
        2551         7960
        2553          308
        2555          246
        2557         7244
        2560          329
        2562         1362
        2563         7113
        2565          920
        2576         3208
        2577         4724
        2578         3957
        2579            0
        2580         1710
        2583         6083
        2584         8474
        2590           36
        2591         4265
        2595         6551
        2596           50
        2597         3955
        2598         6772
        2599         5925
        2601         2755
        2609          384
        2611           78
        2614         6356
        2621          858
        2627           41
        2629         1113
        2631         2979
        2633         2328
        2634          396
        2636          320
        2640           54
        2641          368
        2642          705
        2644         7728
        2646         5458
        2647         2726
        2652         3231
        2653           11
        2654          283
        2655         8206
        2657          139
        2658         2107
        2659         5550
        2661         9139
        2662          995
        2664         6406
        2668         8178
        2673         1700
        2674         4192
        2675          227
        2679          688
        2680         8510
        2681         4526
        2682           21
        2684         8934
        2687         3213
        2688          678
        2689         7513
        2690          217
        2691         7105
        2692         1885
        2694          983
        2695          845
        2697         7604
        2699          498
        2701         2082
        2705         1157
        2707          777
        2711          931
        2713         1652
        2716         1203
        2717         5620
        2719           11
        2722         5801
        2726          705
        2729          495
        2730         1101
        2732         1308
        2733           72
        2734         1441
        2738         6915
        2747          517
        2749         3555
        2750         4818
        2751         2737
        2756          805
        2762         3994
        2763            3
        2764         2786
        2765         5223
        2770         2415
        2776         3027
        2778          218
        2779         5975
        2780          847
        2781          982
        2782         7372
        2787            0
        2788          146
        2790         1340
        2791          484
        2793         3316
        2794         8217
        2798           11
        2799         7328
        2800           20
        2801         3053
        2803          286
        2808         4909
        2809         1407
        2810           74
        2813          897
        2819         7154
        2820         4975
        2821         5375
        2825         1692
        2827         6335
        2829         1820
        2830           22
        2832         8076
        2833         5022
        2834         5784
        2835          966
        2837          777
        2840            1
        2841         8702
        2845          237
        2846         2543
        2850          213
        2852          272
        2853          394
        2854         8168
        2856          206
        2861          403
        2865         1520
        2866          905
        2867          296
        2868            1
        2869         1400
        2870         1835
        2871         2278
        2872         1225
        2875          770
        2878          149
        2881         4719
        2882         7365
        2884         1552
        2885         2887
        2887         1511
        2888         1540
        2891          118
        2896          545
        2900            0
        2903         7348
        2904         2614
        2907          388
        2909          395
        2912         5024
        2914         4427
        2916          140
        2918         1791
        2922         6930
        2923         3920
        2926         2678
        2927         3249
        2933         4019
        2934         1262
        2935         3022
        2938          439
        2942          112
        2943          215
        2944         1570
        2949         5037
        2955          397
        2956         3076
        2957         3347
        2960          417
        2962         3376
        2963           35
        2971          786
        2974         3231
        2977         6723
        2979            2
        2980         3817
        2983         2881
        2985         6933
        2986          212
        2990          926
        2993         1348
        2995          710
        2999          790
        3000           77
        3003          543
        3007         5374
        3008            6
        3010          153
        3011          483
        3012            5
        3013           61
        3015         1031
        3016         6320
        3017         4034
        3018         5335
        3019         3416
        3020         2590
        3021         3598
        3022          483
        3025          124
        3026         3062
        3034         6417
        3035         5093
        3036          887
        3037         8226
        3038          211
        3042         6764
        3043          946
        3045         5261
        3054          525
        3057         8525
        3058           28
        3060         8318
        3065         2177
        3076         3009
        3077          200
        3079          168
        3081         3466
        3082         2543
        3084         5821
        3088         4374
        3089         3036
        3091           19
        3092          349
        3093          423
        3094          575
        3097           50
        3099          103
        3102         3258
        3104         3128
        3105           94
        3107         1991
        3108         4318
        3109          484
        3111         1486
        3113          313
        3114         2394
        3118           78
        3120           52
        3121         9185
        3122          858
        3125         5707
        3128         3393
        3130         5791
        3131          105
        3132          400
        3133          315
        3135           29
        3138         5254
        3143         1339
        3145            6
        3146         4415
        3147         3949
        3149            2
        3150           66
        3151          181
        3152         2092
        3154         4733
        3158         3728
        3159         4299
        3160          317
        3161          268
        3165         1991
        3166            0
        3170         3083
        3171         1179
        3172          119
        3174         1468
        3177         2410
        3179          125
        3181          240
        3182          521
        3183         3865
        3184         2551
        3186          134
        3187          374
        3188         5548
        3192          898
        3197         5265
        3198         3857
        3202         3184
        3204         3396
        3208         5675
        3211          401
        3212         1093
        3215          707
        3216         2163
        3218         2311
        3219           73
        3221         9092
        3226         8887
        3227          791
        3228           29
        3230          205
        3231         4703
        3232          709
        3233         1096
        3235          328
        3237         1995
        3240          210
        3243         3269
        3246         1965
        3247          131
        3249         2056
        3252         1668
        3255          543
        3257         4329
        3261         4809
        3263         7812
        3266         2180
        3270          680
        3273          359
        3281          493
        3282         1598
        3283         3279
        3284         7210
        3285         8963
        3288         7704
        3290         1390
        3294         1044
        3297          603
        3300          127
        3302          623
        3303         3210
        3304          848
        3307         5593
        3310         1457
        3312          339
        3313          191
        3314         2833
        3316         1360
        3318         3273
        3320          169
        3321          947
        3333         4415
        3336          555
        3338          364
        3339          407
        3346          807
        3347         8166
        3353          627
        3355          136
        3357          270
        3358          531
        3360          932
        3365         3721
        3370         2673
        3371          316
        3372          125
        3376          401
        3377            3
        3378          130
        3379          409
        3385         3280
        3386          894
        3387         2636
        3390         2778
        3392         1766
        3394         1560
        3398          375
        3399          802
        3403         6871
        3404          770
        3406         4778
        3407            7
        3409         3624
        3414         2964
        3415         3499
        3418          952
        3419         3803
        3421          597
        3423         2338
        3424          304
        3427         3722
        3429          953
        3430         2559
        3431          291
        3432           36
        3434          218
        3437            0
        3439         5917
        3441         7902
        3444         3449
        3445          945
        3446           58
        3447         3390
        3449           49
        3455            2
        3457          722
        3459         2284
        3462         3715
        3464         2265
        3465         3931
        3471            7
        3473         1590
        3477          186
        3479         7662
        3480         8229
        3481          154
        3482         6166
        3491         6067
        3498         3711
        3500          191
        3501         4563
        3506          116
        3511         1199
        3512         2813
        3513         7508
        3514          779
        3517         6058
        3518         8820
        3519         4686
        3521          210
        3522         5005
        3523         1191
        3525         1106
        3526          426
        3528         2037
        3529          284
        3538         1407
        3539         3428
        3544         2727
        3545         1301
        3547         1388
        3549           58
        3551         8229
        3553         6694
        3558         2091
        3559         4503
        3562         1383
        3567         6259
        3568         8645
        3575         2693
        3576         3048
        3577         6406
        3579         4550
        3582           86
        3585          443
        3586         6891
        3587         3959
        3588           46
        3589          261
        3590          973
        3596            3
        3598          115
        3599         8280
        3605         1290
        3607           80
        3609         3979
        3614           93
        3617         3274
        3618         5576
        3621          323
        3629          126
        3630         4556
        3633          134
        3639           92
        3646         1383
        3653          868
        3655         3170
        3658          172
        3661         5002
        3664         2674
        3665         6629
        3666         5166
        3669         7287
        3675         1323
        3678         1033
        3679           73
        3680          117
        3682         1089
        3684          754
        3687          490
        3688           35
        3694          374
        3695           52
        3697           17
        3701         8850
        3703          137
        3705          964
        3706         3260
        3710         1487
        3711          924
        3712          211
        3713         8472
        3714         2002
        3718         4377
        3725         1613
        3727         7734
        3732         6840
        3736           25
        3740         1024
        3741            2
        3744          480
        3751         7561
        3752          125
        3753           41
        3756         5304
        3757          659
        3759         5964
        3766           19
        3767          304
        3771           32
        3772         6314
        3773         1216
        3774            0
        3780         2061
        3782         4565
        3783         2052
        3785          657
        3786           74
        3788         1586
        3790          156
        3793           31
        3794          850
        3797           28
        3798         1812
        3800         3594
        3801          745
        3802         2111
        3803         5949
        3804           48
        3807         4762
        3813         7881
        3814         3075
        3817         2608
        3818         4925
        3819         1131
        3821          379
        3823         3862
        3824            5
        3826         4783
        3827         1631
        3828         1431
        3829          351
        3831           80
        3832         1134
        3833          544
        3834         5016
        3836         1387
        3837         1837
        3839         1490
        3848          228
        3849         3502
        3853          312
        3857          538
        3866           68
        3867         1408
        3873          209
        3875          556
        3876         4515
        3881          933
        3885         5632
        3887         3968
        3889         2279
        3892         7404
        3896          473
        3899         1801
        3901         6533
        3902         1735
        3904          357
        3907         3048
        3910         6132
        3911         7287
        3912         4232
        3913         1228
        3915          400
        3917           74
        3918         1120
        3919         3147
        3920         4974
        3921         6747
        3925          717
        3927         3102
        3928         4520
        3929         1971
        3932         1268
        3933         1983
        3941         2113
        3946         2622
        3947         1392
        3948            0
        3950          128
        3951          305
        3957         6843
        3958          428
        3960           74
        3961         8263
        3962         3724
        3966         1163
        3969           70
        3971          162
        3972         3436
        3973         1761
        3974         1455
        3975            2
        3983         2457
        3985         1151
        3987          156
        3988          579
        3990         2086
        3991         6201
        4000         1712
        4001         1628
        4004           42
        4013         8103
        4018         1431
        4024         8221
        4030           89
        4031         6996
        4033          720
        4039           83
        4040         8221
        4046          264
        4047          364
        4049           56
        4056         2103
        4060         5399
        4065         3432
        4067         3168
        4068          583
        4069         3459
        4070         5029
        4071          584
        4072         1056
        4073           31
        4077          437
        4082         1885
        4086          702
        4088           96
        4089          282
        4090         3396
        4091         1993
        4098         7621
        4099         5775
        4103            9
        4106         5988
        4107          489
        4108         3855
        4109          931
        4115         1566
        4125          569
        4129          164
        4133         7161
        4134         1246
        4136         1295
        4140         1162
        4142          966
        4143           94
        4146         7842
        4149         3299
        4155         2534
        4156         5634
        4158          885
        4164           36
        4167          743
        4176         1688
        4179         7981
        4182          117
        4186         1101
        4189         1405
        4190         1731
        4192          760
        4193          293
        4195           94
        4198          135
        4200         2285
        4206         7915
        4210           48
        4211         6782
        4212         1706
        4214         2776
        4215           25
        4221         1280
        4222         3414
        4225          830
        4231           32
        4232         7416
        4235         1334
        4236           72
        4237         4955
        4238         1388
        4240          568
        4243          858
        4248         3224
        4250         2946
        4252          581
        4254           34
        4260         7845
        4261          216
        4265         3065
        4268         7511
        4270         2296
        4273            0
        4274          219
        4279         6380
        4280         1679
        4282         6955
        4283          398
        4284         3324
        4285          717
        4287          490
        4291         8879
        4293          172
        4294         6324
        4296          378
        4298         1005
        4304         1916
        4311         1455
        4318           13
        4325         1678
        4326          114
        4328          244
        4329         2854
        4330         2123
        4333         1379
        4344          368
        4345          229
        4346          246
        4347         6529
        4348           28
        4350          390
        4353         8774
        4355          360
        4356          246
        4357           21
        4358         5292
        4367          215
        4368          710
        4371         1270
        4375         1720
        4378         5440
        4380         1843
        4385          302
        4391         4355
        4392           33
        4398          242
        4399          800
        4411          258
        4413         2370
        4418          511
        4420            0
        4422         5550
        4424          478
        4425          503
        4428           54
        4429          380
        4432          880
        4433          202
        4435          791
        4446         4073
        4450          394
        4456         3594
        4458         3566
        4459          142
        4460          581
        4461          905
        4464          294
        4467           23
        4470          394
        4471          215
        4472          745
        4480         5887
        4488         2540
        4490         1599
        4491          490
        4494         1650
        4508         4771
        4510         1538
        4512           21
        4515          601
        4516         1974
        4517         1281
        4523          172
        4525         7570
        4527          288
        4531         3665
        4536         1278
        4537         4116
        4545            2
        4550          287
        4551         3769
        4553         6487
        4554         2159
        4556         6135
        4557         1350
        4559         1214
        4560         6538
        4563          637
        4565         9174
        4567         1540
        4584          493
        4586         1638
        4587          541
        4589         1697
        4591         3716
        4592           53
        4594           54
        4595           74
        4598          189
        4599         4506
        4602          284
        4604         6833
        4608         2554
        4610            0
        4618         1125
        4625         2461
        4627          224
        4628         4213
        4630         1738
        4632         2451
        4636         2595
        4637          596
        4638           20
        4639         8837
        4641          136
        4643         1635
        4644           21
        4645          476
        4650          359
        4662         6143
        4665         3647
        4666          630
        4670          820
        4672         1668
        4673         8546
        4674         1834
        4676           72
        4679          465
        4684         3852
        4685          125
        4687         1932
        4694         5799
        4698         6020
        4711           64
        4717         2692
        4719         1237
        4721          301
        4724          787
        4725         3461
        4734         5348
        4736          329
        4738         1573
        4744          103
        4747         1203
        4749           82
        4750          484
        4752         8594
        4754         3568
        4755          160
        4757         6960
        4760          111
        4763         2777
        4764         7848
        4766         4789
        4769          186
        4771         1313
        4772          117
        4773         1729
        4775         1238
        4781          154
        4786         3782
        4788         1271
        4790           33
        4791           25
        4792         5679
        4795         5554
        4796          153
        4804         4939
        4810         7518
        4812         2390
        4813         2620
        4814         6950
        4820           94
        4824          117
        4825          495
        4826           18
        4831          112
        4832         1789
        4833          814
        4836          294
        4840         1016
        4843         1407
        4848         2578
        4849         1293
        4851          962
        4854          201
        4857         4418
        4858            1
        4862           22
        4864         2004
        4870          668
        4872         3664
        4873          961
        4878          451
        4882            4
        4884         3040
        4885          221
        4886         7795
        4891           82
        4898         1436
        4899          513
        4900          215
        4907         3549
        4908         1771
        4909         1528
        4913         1222
        4917         6526
        4926           10
        4928           32
        4935          164
        4940         3748
        4944         3201
        4945         1125
        4948          447
        4956           20
        4960         2113
        4964         1830
        4970          348
        4971          335
        4973          949
        4974           24
        4979            7
        4981          603
        4985          899
        4986           14
        4990         3864
        4993          117
        4997         1076
        5002           95
        5004         7250
        5007          873
        5016          425
        5020         2105
        5029           53
        5039            2
        5044         5358
        5047         1550
        5049          709
        5057         1173
        5063         1294
        5065            6
        5079         8548
        5083          926
        5084         1602
        5086          805
        5087          457
        5089            0
        5090         5458
        5091          111
        5094          816
        5098          375
        5100         3985
        5108         2980
        5109         5492
        5112          101
        5118           94
        5121         2744
        5122         1604
        5123           15
        5124         1659
        5128         5748
        5131         3131
        5134          237
        5136          558
        5141          239
        5143         8042
        5145           25
        5148         3652
        5150          619
        5151           76
        5152            2
        5154         1131
        5161         2229
        5163         8858
        5165         5084
        5169         2772
        5176           67
        5177            0
        5179         3520
        5186         1830
        5187         8896
        5191           41
        5192         8412
        5193         1398
        5194         4338
        5199         1510
        5200         1823
        5206         1823
        5209            0
        5211         3274
        5217         6231
        5222         1239
        5225          371
        5229           53
        5233         3065
        5235           67
        5236           10
        5240         3083
        5242         5216
        5243         3555
        5244          176
        5245         2561
        5247          589
        5253         7007
        5255         8507
        5259           41
        5264         4285
        5265          279
        5268         7064
        5269         1502
        5270          343
        5271          229
        5280            0
        5282          135
        5287          641
        5291           70
        5292          821
        5294          264
        5311         8317
        5316          277
        5320          767
        5322         1173
        5326           17
        5340          362
        5345         1599
        5349         1212
        5353         2719
        5354          321
        5358            8
        5366          226
        5369         1802
        5370         1833
        5371         2445
        5373         1960
        5375         3444
        5377          603
        5380           16
        5382           72
        5385         8393
        5389         1859
        5396            3
        5402          695
        5404          164
        5409           29
        5411          322
        5415            9
        5416          193
        5417           96
        5419         2816
        5423          572
        5425          398
        5438         2028
        5440         4124
        5445          303
        5447          609
        5452          114
        5461           92
        5462           17
        5465         5714
        5469          785
        5471         8407
        5478         7035
        5480         8143
        5481          624
        5482         2694
        5485           63
        5486         1885
        5488         1502
        5489         5432
        5502         1233
        5505          120
        5508          580
        5512          724
        5513         1828
        5518            3
        5519         1267
        5525         1489
        5535         2834
        5536         1928
        5544         5091
        5550         6318
        5551            8
        5553           38
        5555         3295
        5561          230
        5565          239
        5567         3449
        5569           90
        5574         1583
        5583           68
        5594         1120
        5599         2696
        5608         2756
        5613         4265
        5614         2985
        5615          188
        5617            0
        5622          134
        5631          235
        5638         5312
        5655         3290
        5660          782
        5664         2466
        5666         1481
        5668           24
        5671          199
        5674           17
        5684          612
        5695          152
        5698           72
        5701          702
        5704         1071
        5705         2317
        5707           52
        5708         6622
        5713         1441
        5715          108
        5721         1933
        5726         1598
        5728           85
        5733         1195
        5737          398
        5742         3716
        5750           63
        5753         3051
        5754          243
        5755         1390
        5756          214
        5758           55
        5763         3469
        5764         2439
        5767         5315
        5769          150
        5771         1345
        5774         4233
        5781         4658
        5784         2011
        5791          373
        5795          920
        5796           80
        5799          423
        5800         2878
        5804         1496
        5807          135
        5808         2433
        5811         4658
        5813         4941
        5816         1254
        5818         2525
        5820          688
        5821          765
        5825          680
        5827           99
        5832           86
        5833         3025
        5835         1637
        5837          212
        5838         1625
        5841         2767
        5848         6122
        5853         6902
        5860         6721
        5870           17
        5871           19
        5872         2688
        5874           25
        5878         3664
        5879         5642
        5881           80
        5885          575
        5886          619
        5888         2535
        5891            4
        5892         1621
        5899          175
        5900         2327
        5908            6
        5918           81
        5921          221
        5922          129
        5925          468
        5930         4806
        5942         2719
        5944         4230
        5945          741
        5946           50
        5947          762
        5949          193
        5955         1260
        5957         1803
        5964         1056
        5966         2077
        5975           39
        5977          130
        5981         1083
        5993           17
        5994          496
        5997         2061
        5999           14
        6004         2338
        6007         1058
        6010          928
        6011         6077
        6016         1143
        6019         1944
        6021         6084
        6023         5029
        6032          467
        6035          560
        6038         6109
        6039          294
        6045         7582
        6048         1806
        6052         2046
        6054         3182
        6056          702
        6057          498
        6060            7
        6067         4705
        6072          795
        6073         4285
        6075         2595
        6077         4632
        6084          117
        6086            0
        6087          118
        6089          483
        6092          388
        6098         4487
        6099         7488
        6112            4
        6114         1292
        6118         5044
        6119         8091
        6120          164
        6122           82
        6125          548
        6127         6020
        6128          288
        6130         1430
        6132           57
        6134         5884
        6139         2525
        6148           13
        6149         1646
        6153         1679
        6154          167
        6155         1163
        6160          811
        6164           52
        6167          624
        6173            3
        6176         6960
        6177         2133
        6182         3272
        6185         4489
        6196         6370
        6202          111
        6204         8091
        6205         7022
        6210          210
        6215          321
        6216          118
        6218         2514
        6225           21
        6232         5263
        6236         1550
        6238         2997
        6242           20
        6245         1034
        6249         8131
        6250         1364
        6251         6379
        6253          297
        6256          162
        6257           25
        6265         2306
        6269          496
        6270         1586
        6272          564
        6274          520
        6275         1685
        6280         1799
        6287          527
        6293          236
        6304         3787
        6309          868
        6316         1505
        6318          118
        6320          195
        6326          159
        6327           33
        6328         4380
        6329         7081
        6330          258
        6332         1323
        6338         1457
        6344         1366
        6351         4917
        6361         6557
        6362           35
        6366         7392
        6367           12
        6374           97
        6376          784
        6378           73
        6379         7162
        6383         2535
        6384         1469
        6385         1268
        6389         4768
        6393         2906
        6394         3096
        6397          296
        6402         1220
        6404          977
        6407          132
        6410          437
        6411           10
        6423           15
        6427         1201
        6432         1421
        6439          141
        6442           95
        6443         8940
        6444           86
        6445          624
        6447         3999
        6451          260
        6460         3771
        6463          705
        6466          813
        6471           19
        6472         6028
        6475           14
        6477           72
        6478         4446
        6479         6862
        6481         5087
        6493            0
        6495          268
        6504          163
        6505         4542
        6510          641
        6515          418
        6517           41
        6521         6978
        6528          347
        6532          510
        6534          648
        6542         1887
        6546          294
        6550         1900
        6563          451
        6564            6
        6566         5936
        6571         3711
        6577            8
        6582         1077
        6584          307
        6587          296
        6590           68
        6592           94
        6595          462
        6600          359
        6606            3
        6607          118
        6609          191
        6610         1172
        6612          496
        6618          801
        6621          200
        6622           15
        6625         1042
        6628          209
        6633          627
        6634          538
        6637         6806
        6639           94
        6641          320
        6650         6963
        6656         1650
        6658         2024
        6664         5841
        6670         1647
        6675         3689
        6681          391
        6682           39
        6684          747
        6688          302
        6691          832
        6695         1878
        6697         4152
        6698         3620
        6703          962
        6716          273
        6717            0
        6723         3038
        6724         5644
        6729          575
        6740         1879
        6741          132
        6743          107
        6744          587
        6747          580
        6748            2
        6757         2033
        6759         1585
        6765          805
        6771         6931
        6792         2317
        6794          980
        6801          109
        6807          580
        6814          977
        6823          227
        6844          619
        6848           21
        6850         1009
        6851         6727
        6854         6873
        6859          141
        6863          820
        6866            6
        6868          662
        6869          471
        6873         2286
        6879          619
        6883         1062
        6890          304
        6894         4368
        6898          467
        6904         6127
        6908         1566
        6912         7498
        6915         8198
        6918          700
        6922           11
        6927          704
        6935          495
        6941         2819
        6945          781
        6953         1058
        6954          480
        6959         3862
        6963         5953
        6971          977
        6974         2134
        6977         5907
        6984           44
        6985          707
        6988         8042
        6990           22
        6994           21
        7005         7125
        7008         1685
        7014            1
        7021         3188
        7035          451
        7037         1309
        7042         1913
        7046           61
        7047         1986
        7052         1758
        7053          132
        7056         2177
        7067          153
        7073         2327
        7090           72
        7091            0
        7093           88
        7095         1051
        7099         2165
        7103          886
        7105          222
        7109          137
        7110         4153
        7117           25
        7118          137
        7119          800
        7123         4663
        7136         3674
        7138           35
        7140          102
        7144         5190
        7148         1305
        7149          114
        7162         1698
        7175         3976
        7179          468
        7188         5847
        7191          882
        7207            0
        7209           67
        7212         3469
        7214         1145
        7217          304
        7231            8
        7235         2080
        7238         1095
        7241         4702
        7245         1480
        7254           42
        7255         1056
        7265         2443
        7266          183
        7269         3147
        7277         1874
        7281           57
        7286          252
        7289            2
        7293          413
        7297         1242
        7300         6925
        7303         7648
        7308         7901
        7309         1397
        7311          161
        7312         1417
        7326           50
        7332          167
        7333         2334
        7338          181
        7341         2240
        7350         1412
        7354          632
        7356           69
        7357         1457
        7362           52
        7365         3015
        7367            0
        7375            0
        7379         3853
        7399         4746
        7421         8363
        7425           89
        7428           18
        7431         3355
        7438         3398
        7441          268
        7447           62
        7451         6159
        7458         5627
        7462         1951
        7467         1379
        7469          301
        7471         1993
        7474           88
        7478         2535
        7489         1769
        7494         1707
        7495           11
        7497         1118
        7516           38
        7517          417
        7518          214
        7523          252
        7528          130
        7533          558
        7536         6043
        7539         7928
        7541          676
        7542          308
        7544           58
        7556           23
        7568         4153
        7570          203
        7580           17
        7583          471
        7585         5442
        7590          608
        7593         4864
        7596          279
        7597           49
        7610         4864
        7614            5
        7618           89
        7620         4542
        7622          577
        7624           88
        7627         1426
        7628         2052
        7634         8533
        7647         1847
        7657          138
        7665          480
        7678          381
        7681           29
        7697         1483
        7699         3418
        7701         4391
        7702         6184
        7717         5967
        7718         7152
        7724         2877
        7736          645
        7745         4921
        7754          757
        7756           31
        7758         5183
        7760         4965
        7761         3363
        7766          167
        7774          899
        7776           17
        7785           16
        7786         5749
        7787          469
        7788            3
        7798          401
        7799          704
        7800         2596
        7813         2699
        7814         2812
        7823           17
        7825         8725
        7834          237
        7835          813
        7840         2421
        7845         4895
        7850         4951
        7853         7815
        7854         2225
        7863         4869
        7878         2819
        7881          493
        7882         4112
        7905         1014
        7906         1557
        7907          333
        7911          600
        7915         1119
        7919         6588
        7940          173
        7942         5600
        7948          770
        7950         4097
        7958            7
        7962         2588
        7964          814
        7971         1272
        7974           92
        7983         1565
        7986         1040
        7991           20
        8010          304
        8012         3369
        8013         1294
        8016          215
        8018            1
        8020         3855
        8025         4509
        8031          103
        8038           25
        8042         1451
        8050         1717
        8054         1800
        8060         1543
        8067          705
        8069           52
        8070         2888
        8092         4461
        8098         4988
        8102         6789
        8104         7493
        8107          745
        8114          168
        8119         2757
        8122          737
        8125         3077
        8135          152
        8140           18
        8141          373
        8145          135
        8157         5412
        8170            0
        8173          637
        8180           66
        8182         4350
        8187          795
        8188          945
        8195         2099
        8197          399
        8206         1563
        8211         1189
        8221          361
        8224           96
        8226          134
        8227         3747
        8237         2678
        8241         2333
        8245            0
        8250           25
        8257          583
        8266           29
        8268         1105
        8272          978
        8274          564
        8277          428
        8283         1191
        8286          782
        8288         1001
        8290         4044
        8312           37
        8324          540
        8325          271
        8328         2216
        8330          676
        8333         5746
        8335         2355
        8337            0
        8338          276
        8341           14
        8342         1103
        8357          540
        8369          614
        8375          216
        8382         5158
        8383          766
        8389         3110
        8394            1
        8398         7388
        8399         5464
        8401          467
        8406         8086
        8414         1310
        8428         1933
        8436         4749
        8437         6156
        8453         2943
        8460          373
        8462          189
        8464          173
        8473         2226
        8474          128
        8480           57
        8487           64
        8492           92
        8503         1627
        8504           12
        8519         1867
        8521         8704
        8532           21
        8555         7177
        8561         3708
        8568         1933
        8591         5493
        8596         2667
        8600           74
        8613          142
        8639            0
        8644           12
        8646         1771
        8648         3206
        8656          742
        8678         2915
        8690         1991
        8698           25
        8705          321
        8709         1066
        8710         5053
        8711          618
        8720           48
        8728         8851
        8742          180
        8754         4204
        8759         3959
        8777         2334
        8778          177
        8783          134
        8787         7255
        8812         3937
        8817         1844
        8824         4113
        8830          222
        8840          351
        8845         3592
        8846          163
        8856         2515
        8872            1
        8875         6352
        8891         4317
        8907         2846
        8915            0
        8925         1634
        8930         6331
        8941          358
        8956          981
        8958           99
        8973         6426
        8999           16
        9036          873
        9045         1346
        9056           99
        9066           37
        9067         1415
        9070           23
        9073         3650
        9076           40
        9094          501
        9107           66
        9109          312
        9120          316
        9123         1066
        9127          761
        9131          107
        9133         1131
        9167         4444
